,test_index,y_pred,y_true
0,0,0.0017342396379051057,2.3010481168658883
1,10,0.0017342396379051057,-0.5792152273302773
2,22,0.0017342396379051057,-0.8735129357710599
3,39,0.0017342396379051057,-0.8599250547393338
4,44,0.0017342396379051057,-0.5625657636811076
5,45,0.0017342396379051057,1.513019252261032
6,53,0.0017342396379051057,-0.03351120169103707
7,70,0.0017342396379051057,-1.2023685216032096
8,80,0.0017342396379051057,-0.16306658202216268
9,83,0.0017342396379051057,0.30401635029980684
10,4,0.022575807776716427,-2.1199926975381307
11,12,0.022575807776716427,-0.9071612409044688
12,18,0.022575807776716427,0.4882638808413217
13,30,0.022575807776716427,0.13001505057466634
14,31,0.022575807776716427,-0.650735624907401
15,33,0.022575807776716427,-0.05032430468559352
16,73,0.022575807776716427,-1.2405812898219342
17,76,0.022575807776716427,-0.3863773729034911
18,77,0.022575807776716427,1.058273647233866
19,90,0.022575807776716427,1.646797252206684
20,9,-0.07073065576680622,1.1751767476741375
21,15,-0.07073065576680622,2.132707403993326
22,26,-0.07073065576680622,0.9158697657858558
23,40,-0.07073065576680622,0.427670561008059
24,42,-0.07073065576680622,0.8850681911044121
25,55,-0.07073065576680622,0.17849389149280437
26,69,-0.07073065576680622,-0.10223835399134706
27,72,-0.07073065576680622,0.9839690194093169
28,88,-0.07073065576680622,-0.6345431828390179
29,96,-0.07073065576680622,0.4035849753750168
30,5,0.028447516335539744,-0.07560044780139287
31,11,0.028447516335539744,-0.4120468059095297
32,16,0.028447516335539744,-2.307214439658958
33,28,0.028447516335539744,-1.567299219623426
34,35,0.028447516335539744,1.174044798179962
35,47,0.028447516335539744,0.6940215115246977
36,65,0.028447516335539744,1.540854270211683
37,66,0.028447516335539744,-0.8712525259997637
38,85,0.028447516335539744,-0.603424260574046
39,93,0.028447516335539744,-0.13235935054780396
40,7,-0.0035246519116957815,0.6151453002790055
41,13,-0.0035246519116957815,-0.9219485196715732
42,19,-0.0035246519116957815,0.9071281577926468
43,25,-0.0035246519116957815,-0.7927645465541229
44,27,-0.0035246519116957815,-0.25118671562263567
45,34,-0.0035246519116957815,-0.3568036685113518
46,49,-0.0035246519116957815,-0.7274587649272231
47,62,-0.0035246519116957815,0.8866798730582662
48,81,-0.0035246519116957815,-0.0037248776569114932
49,95,-0.0035246519116957815,0.962152433866518
50,3,0.010046705982512822,-1.7931843627827475
51,6,0.010046705982512822,-0.07817263388632208
52,8,0.010046705982512822,-0.6904464822833252
53,17,0.010046705982512822,-0.4335328791446489
54,24,0.010046705982512822,0.9317922523246921
55,36,0.010046705982512822,-0.7779293428200063
56,38,0.010046705982512822,1.5415063567735061
57,64,0.010046705982512822,0.9613203807229511
58,78,0.010046705982512822,-1.5743262907464668
59,89,0.010046705982512822,1.0087694634162105
60,43,-0.029686435691277217,0.2759221680823314
61,46,-0.029686435691277217,1.536731617249998
62,50,-0.029686435691277217,-0.95215708728999
63,54,-0.029686435691277217,0.4812280202809897
64,56,-0.029686435691277217,1.0392723873321423
65,61,-0.029686435691277217,1.295709142886655
66,67,-0.029686435691277217,-1.2650396804229997
67,68,-0.029686435691277217,0.03575856698981593
68,97,-0.029686435691277217,0.7784608710982232
69,99,-0.029686435691277217,-0.5541067939922157
70,32,0.0310383051467105,0.770102893526636
71,41,0.0310383051467105,-1.2986849139008727
72,48,0.0310383051467105,1.1285983810024318
73,57,0.0310383051467105,0.6983240024738024
74,58,0.0310383051467105,-1.8776776118655423
75,59,0.0310383051467105,-0.336816731985509
76,75,0.0310383051467105,-1.1373036215393135
77,79,0.0310383051467105,-1.606299542315109
78,94,0.0310383051467105,0.1309981514124323
79,98,0.0310383051467105,0.7353115299870991
80,1,-0.022032671231159328,1.5601604283013761
81,2,-0.022032671231159328,0.34739987122717125
82,21,-0.022032671231159328,0.5692741508385938
83,23,-0.022032671231159328,-1.5750744917611958
84,29,-0.022032671231159328,1.2256497334014975
85,37,-0.022032671231159328,-1.090361684284348
86,52,-0.022032671231159328,0.44495177600236013
87,63,-0.022032671231159328,-0.7616589389127765
88,84,-0.022032671231159328,-0.43487225662368345
89,87,-0.022032671231159328,1.6974718226153416
90,14,0.03213183972155387,0.27626741709945174
91,20,0.03213183972155387,-1.1158622210997629
92,51,0.03213183972155387,-0.6637060374205076
93,60,0.03213183972155387,-0.7302740485665529
94,71,0.03213183972155387,-0.04682372661702142
95,74,0.03213183972155387,-0.8408739820897805
96,82,0.03213183972155387,0.6185242480393585
97,86,0.03213183972155387,-0.666336572784147
98,91,0.03213183972155387,-0.3802800112626354
99,92,0.03213183972155387,0.6574993597617484
