,test_index,y_pred,y_true
0,0,-0.6418880350184435,-0.26473194263871874
1,9,-0.4286470651308351,-0.8651995796718445
2,15,-0.5621446481210713,1.9729465621925297
3,33,0.4151347746634685,1.7088118076841523
4,42,-0.4106879192823646,-0.723753157705637
5,55,-0.234451791465781,-0.559782380608029
6,56,1.79315549345133,1.8982286824341832
7,70,-0.49493637651425504,-0.530031718769231
8,77,-0.5439147322773861,-0.304110551027258
9,78,-0.5439147322773861,-0.5126288153764693
10,82,-0.49493637651425504,-0.4653290466997658
11,84,1.1402291019291952,-0.4251848999552538
12,94,-0.5439147322773861,-1.3328909400972608
13,124,-0.5680739890468929,-0.13643014722474123
14,132,0.4151347746634685,-0.7656996288277298
15,137,-0.4969230144245465,-0.666970050234318
16,155,-0.4106879192823646,-0.8500518847205657
17,172,-0.6418880350184435,-0.6710528923056138
18,177,-0.49493637651425504,-0.8614602657314089
19,195,1.79315549345133,1.8853951144840064
20,209,-0.5680739890468929,-1.0851959979842392
21,218,-0.06216238824641946,-0.8147552065804546
22,232,-0.4106879192823646,-0.39432494367390675
23,250,-0.5680739890468929,-0.5665647871738336
24,253,-0.5981710284495511,-0.3507870627212688
25,255,0.18921640874773446,-0.31424432652720746
26,265,-0.5680739890468929,-0.47538730352977904
27,266,-0.303774463815111,-0.1388845039976743
28,283,-0.014743680108348617,-0.6988964797728
29,305,-0.5258560370509116,-0.38055637627183425
30,312,-0.014743680108348617,-0.7940670130897421
31,320,-0.37581394273637164,-0.19792765380520466
32,324,-0.4106879192823646,-0.3845448200057089
33,332,-0.5439147322773861,-0.4725456856177048
34,351,1.79315549345133,1.6051228502157353
35,352,1.79315549345133,1.484397775136195
36,364,-0.6418880350184435,-0.7434299212516485
37,365,-0.6551291147590647,-0.5458952453948881
38,385,-0.7920097182942718,1.3587533578885096
39,387,-0.37581394273637164,-0.7728264753472616
40,400,-0.5981710284495511,-0.5241640642535381
41,5,-0.455391646351209,-0.8175222176454597
42,22,-0.455391646351209,-0.046579986022169804
43,25,-0.455391646351209,-0.6724557334170336
44,30,-0.455391646351209,-0.22261947658113104
45,31,-0.455391646351209,-0.46770879662562986
46,39,-0.455391646351209,-0.07895469368554099
47,45,-0.455391646351209,-0.5272851830617286
48,46,1.7049066739406742,-0.8896020058064791
49,57,-0.455391646351209,-0.02592426206026209
50,72,-0.455391646351209,-0.603447585338326
51,73,-0.455391646351209,-1.1704924652069961
52,76,-0.455391646351209,-0.3516179960462862
53,90,-0.455391646351209,-0.5718561559198285
54,101,-0.455391646351209,-1.015801728544975
55,104,1.7049066739406742,1.3679250032238746
56,114,-0.455391646351209,-0.22781530721112103
57,116,-0.455391646351209,-0.5021784635125858
58,126,-0.455391646351209,-0.7436946925078596
59,140,-0.455391646351209,-0.46581508415962314
60,141,-0.455391646351209,-0.8353064085040487
61,145,1.7049066739406742,1.8423481048859558
62,153,1.7049066739406742,2.182480634469737
63,168,1.7049066739406742,1.8275082303320191
64,173,1.7049066739406742,1.9516364794534267
65,180,-0.455391646351209,-0.35673438593447726
66,192,1.7049066739406742,1.761049749186533
67,239,-0.455391646351209,-1.3089600497382956
68,249,1.7049066739406742,1.8916445123769612
69,297,-0.455391646351209,-0.41697639462724917
70,317,1.7049066739406742,1.5031220272971275
71,333,-0.455391646351209,-0.8237562020313582
72,336,-0.455391646351209,-0.46542782302048274
73,337,-0.455391646351209,-0.5239660557006716
74,342,-0.455391646351209,-0.4286960621958629
75,355,1.7049066739406742,1.1917349312364736
76,368,-0.455391646351209,-0.8970868821410578
77,374,-0.455391646351209,-0.644709782491979
78,381,1.7049066739406742,-1.0032363980114383
79,393,1.7049066739406742,1.9084860875956466
80,401,1.7049066739406742,1.7145622621230783
81,403,-0.455391646351209,-0.39249316001651485
82,3,-0.5663334298459428,-0.24309515983478902
83,7,-0.5283049150993037,-0.6236739108428286
84,16,-0.47410870816789485,-1.1584382534298316
85,18,-0.3547413366027156,-0.5622516949765843
86,19,-0.6524370295578193,-0.4817840446464603
87,60,-0.4549007826561683,-0.4944283600103622
88,63,-0.7726278439476367,-0.4035246315448272
89,66,-0.6489423566971955,-0.9277962569939653
90,75,1.7699882185647073,1.5871671466597712
91,79,1.841635784406285,2.000366268964192
92,93,1.8152351501334185,1.7581986914407157
93,108,1.8563537960025867,1.817308148040158
94,110,-0.6063953894703761,0.4416360804713482
95,113,-0.5384163332826692,-0.5131431723375525
96,118,-0.4486005031421648,-0.32295291508782425
97,131,-0.44606169256483746,-0.6559581422406408
98,176,-0.509041211000665,-0.37492079552782964
99,181,1.8694919219999495,1.8417439555264647
100,211,-0.35345756177687887,-0.3170339113758415
101,219,1.858055212650601,1.9324211279821901
102,223,-0.43701160596875693,-0.4344124514159662
103,234,-0.448986971586911,-0.47482091350525596
104,247,-0.5575411941413448,-0.599402274646282
105,271,-0.47687296019942677,-0.5597395594226148
106,287,1.7799183917652626,1.8287685621144414
107,296,-0.6043854584256785,0.26711663110057426
108,298,-0.4221197033625977,-0.2340927966495846
109,299,-0.531283174869727,-0.5669847457974967
110,301,-0.42210770602843545,0.09510334361045633
111,304,1.836901570205378,1.704569628217826
112,318,-0.5323483480230593,-0.46490863216466943
113,331,-0.45947132661639256,-0.6847031198523353
114,338,1.786177257058614,1.7549610564229094
115,353,1.6558387597615671,1.8026480862387528
116,358,1.6572827563279524,1.8355422127136538
117,378,-0.4004775009136629,-0.897134081309768
118,382,1.702376055498346,2.003680334474802
119,390,0.3236354095346734,1.7951148709568807
120,391,-0.4778460750251948,-0.5131238367586347
121,394,-0.5141194414981884,-0.5936198065899841
122,396,1.7642651235359468,1.6304554419075366
123,6,-0.5923794843716031,-0.8211991468658467
124,10,-0.5049534394834698,-0.9969365627450618
125,17,-0.45215785465851216,-0.5256711994475546
126,24,1.7841307318243664,1.7346730300655084
127,36,-0.5311192874042756,-0.7238383441650321
128,59,-0.20447923372342527,-0.417514921061979
129,81,-0.44976444850285874,-0.49446128545060086
130,103,-0.312116534091027,-0.2855039548545255
131,109,-0.431955573106204,-0.6155308004838673
132,111,-0.23178301221688785,-0.8277071143859817
133,119,-0.5151717640787442,-0.04859919862010164
134,139,-0.3479157178609751,-0.23534852249299357
135,148,-0.45873488487657177,-0.8097661404699223
136,150,-0.4663713936221452,-0.6232244929393552
137,152,-0.20063564901305708,-0.4622797524453666
138,157,-0.4600235205220505,-0.6598616274708372
139,158,-0.5331088107008655,-0.35990156413279384
140,165,1.8850926352061492,1.8824167329605308
141,175,-0.4816111717281438,-0.21395717536635747
142,194,-0.3936495935803896,-1.03371898889882
143,196,1.7932038854333747,2.002433820509417
144,198,1.7477367701332143,1.782913088000271
145,208,1.5908466436405593,1.4534998315641632
146,210,1.7679662055709546,1.950966251257741
147,220,1.78117600523783,1.8043799537968448
148,227,-0.329352319818048,-0.5478497468909264
149,228,-0.3379660914492772,-0.8112387545336828
150,245,-0.40794700177168347,-0.5591448498968655
151,248,-0.44308424503501914,-0.8444915946907811
152,261,1.6590791580001556,1.7524687123592912
153,268,-0.5273890056236484,-0.7351937802895685
154,277,-0.5234848317865276,-0.7646847327226015
155,278,-0.4239879316829514,-0.5891077940170011
156,281,-0.3712332029688291,1.1557440833827475
157,291,-0.3717789280879316,-0.3587639501890183
158,311,-0.5115869159136829,-0.19043219785830026
159,325,-0.35258160955370904,-0.7796519310541975
160,354,1.5679094214468396,1.7367937544527583
161,357,1.567363842567769,1.2173318382730522
162,376,-0.5500789178949779,-0.6264289745612065
163,380,1.5633917534906672,1.7256780082879186
164,23,-0.41539820763007834,-0.547912131610976
165,37,-0.33779488526035506,-0.4506551670813234
166,67,-0.43777228637097243,-0.26627455761053537
167,68,-0.38517407632617434,-0.6578368971110257
168,69,-0.48524814096785124,-0.11653996161880653
169,86,-0.41202933774284267,0.07960705867787132
170,89,-0.45519480266519,-0.42529817796015856
171,92,-0.4151920344296247,-1.5157367787399572
172,96,0.41689264748796095,1.3702188828231923
173,97,-0.45066146344450947,-0.8941137904237452
174,122,1.8778923613989735,1.8389260511766041
175,123,-0.5164122910724934,-0.275436030235054
176,125,1.763423698867692,1.5865017523588154
177,143,-0.29632716568989204,-0.3341630595900843
178,144,1.7248400422214374,1.9594245702463347
179,146,-0.43417013580596114,-0.35249106668956764
180,147,-0.5174095222039528,-0.989001128728426
181,163,-0.5030945745460652,-0.6855151735098686
182,167,-0.33931156281120217,0.7776574484826088
183,182,-0.46674177471891426,0.18462862839393593
184,183,1.8221951364856726,1.7685546449671792
185,193,1.853324960432063,1.9073622914689086
186,202,1.8351530086421142,1.7097143376072441
187,203,0.8542415461295187,1.4975380237051297
188,222,1.8103627353987939,2.0421059755668276
189,229,-0.39099175078284676,-0.36132697902784333
190,231,-0.5108338534607337,-0.6649922910875004
191,233,-0.4794707740640323,-0.9466904261622553
192,238,1.8988916497969963,1.6796758748171723
193,258,-0.4884482184285626,-0.7166486570140179
194,262,-0.3849327121299285,-0.42042216189881393
195,282,-0.29616666505204814,-0.7171772877035726
196,286,1.7636356184824373,1.909255092112048
197,307,-0.33870864406763485,0.13154224163335498
198,321,1.7862668017541234,1.2140700337815988
199,323,-0.3367908521786774,-0.98443662718057
200,340,1.7427106885012993,2.4085153081723325
201,341,-0.302333895338341,-0.3684351738356073
202,361,-0.48379413253179854,-0.8129045432555789
203,375,-0.5042444032325026,-0.8459119477353846
204,399,-0.36897129239784443,-0.9301981247920253
205,2,-0.46608655442653596,-0.9781554436259603
206,11,-0.4406130573891699,-0.37151392736981664
207,26,-0.3015673974429678,-0.6980903997885805
208,38,-0.46255289177112224,-0.14487049836871776
209,112,-0.4426543373362154,-0.7362747552308914
210,115,-0.5013566165550369,-0.09979301269325945
211,117,1.7842390495040867,1.9669955448631764
212,120,-0.41136531590434844,-0.7436380535054077
213,127,-0.4749187825544214,-0.26084159135841045
214,129,-0.4614799727939492,-0.5827782715150975
215,136,-0.527261671751329,-0.8901016331276576
216,154,-0.3134511206743661,-0.7439684476863793
217,164,1.8343863657378634,1.8568198259239534
218,179,-0.3849089632120061,-0.5578704723416886
219,185,-0.5290307558710406,-0.4409261646536982
220,197,-0.20509151884390336,-1.0191151101884344
221,199,1.0348865002144254,1.640230275769572
222,204,-0.4572045810115025,-0.8875574839563162
223,224,1.7566153826457727,1.7896722369152962
224,225,1.77282311591406,1.8774465465174826
225,237,-0.3835443539094299,-0.42370261810203447
226,246,-0.4078439756135218,-0.6140250330241519
227,272,-0.36521136029020884,-0.31100162965895456
228,274,-0.35470155993825586,-0.5707420275825498
229,280,1.520230355191043,1.8434668391622466
230,284,1.9183486557160574,2.3116499827651174
231,285,-0.26252166261276033,-0.34775204219534106
232,289,-0.474609260469483,-0.31851596527334347
233,290,-0.4170913797212728,-0.46118933767030157
234,310,-0.30362732201353065,-0.3806413347755124
235,329,-0.42331771090813375,-0.2566546831602352
236,346,-0.5268717348480182,-0.3884858366151565
237,347,-0.32739679788562676,-0.5165270108005028
238,356,1.744497104685022,1.63070087758483
239,366,-0.4474941642816997,-0.6995427664505556
240,367,-0.7607300276347394,-0.8385486494608683
241,373,-0.5510448740362021,-0.6081292869629493
242,383,-0.41544337998820446,-0.19847493620652748
243,389,-0.4035832838744051,-0.45824365363134817
244,397,1.6644837293013683,1.7731193744707516
245,4,-0.4260460847596017,-0.18097439627163295
246,12,-0.36878637425083977,1.9951591748547248
247,28,-0.5249555751756679,-0.5006029231005299
248,29,0.05191642722764051,-0.6542504441561973
249,35,-0.5031372893669583,-0.23730831379519501
250,41,-0.5249555751756679,-0.5478930239877745
251,44,-0.5249555751756679,0.10965911132926505
252,51,-0.4939531487772619,-0.24835729725669003
253,65,-0.4820277567115264,-0.6679709005666926
254,74,-0.5801964290555387,-0.42467514893318287
255,83,-0.5801964290555387,-0.5495113855852447
256,85,-0.5180399544512604,-0.6556514616218829
257,95,1.7761946899264371,1.769135080764457
258,107,-0.5249555751756679,-0.7724210184077867
259,133,-0.2058262467125131,-0.3779558160537573
260,142,-0.5249555751756679,-0.36707606573246904
261,159,-0.4789180024052782,-0.5428134816116845
262,170,-0.5801964290555387,-0.2576555334926097
263,178,-0.36878637425083977,-0.6566283704363265
264,184,-0.5801964290555387,-0.5579743105128511
265,186,-0.18066267328396918,-0.37145154264976804
266,206,-0.4600311294928424,-0.9680723334551496
267,221,-0.5249555751756679,-0.8184510154683258
268,240,-0.5249555751756679,-0.25911870772262763
269,242,1.814489339784876,1.9795792991527628
270,244,-0.2058262467125131,-0.3689073934784269
271,254,-0.571279748953109,-0.5519892279646746
272,256,-0.5801964290555387,-0.15329014619947673
273,275,-0.5801964290555387,-0.442748052565914
274,294,-0.5249555751756679,0.20862559758909496
275,302,-0.4600311294928424,-0.8523314905914122
276,314,-0.6494118692334315,-0.3258555499856467
277,322,-0.5180399544512604,-0.5015646463636354
278,326,-0.5801964290555387,-0.5894711136382111
279,334,-0.5801964290555387,-0.4762509343393182
280,335,-0.5801964290555387,-0.70682133417711
281,377,-0.5249555751756679,-0.454510085408509
282,379,1.8432501199132494,1.9012643868272607
283,386,1.7761946899264371,1.5244380837095446
284,392,-0.5249555751756679,-0.3521790962646465
285,8,-0.4922436859666087,-0.3274096563926563
286,14,-0.0426370710406693,-0.543583853862387
287,27,-0.12477080381952506,-0.14208574741481317
288,32,-0.4516542999083179,-0.65062071410452
289,40,-0.4306601695754247,-0.4051913320895905
290,47,-0.3986381268554151,-0.3486260246614899
291,61,-0.250769364771599,-0.19482701035451655
292,62,-0.47500762113903716,-0.9266257176099515
293,64,-0.5633263046312769,-0.3348901547439389
294,98,-0.5527455186846612,-0.21773333681889398
295,100,-0.5978553344293682,0.12550973196075152
296,128,-0.37768304277261067,-0.47301790526052484
297,135,1.822420692422666,1.5425013195528166
298,138,-0.5158787640813922,-0.7620887784435375
299,156,-0.5624593610796527,-0.38914708088853384
300,162,-0.32032513664792633,-0.5501579002187167
301,171,1.845935088435343,1.896916773499755
302,200,0.4449214471400198,1.7060657278880833
303,207,1.8281393284342171,1.9620159185863861
304,212,-0.3981351165258117,-0.46709890154854244
305,213,1.7802937389840747,1.702115043489177
306,215,-0.3875491798820003,-0.21106375234656036
307,216,-0.3315862819321737,0.5168220298449359
308,226,-0.4678730114709185,-0.39786971522190484
309,230,-0.55625396830059,-0.054079136085220025
310,236,-0.4215361653853384,-0.40902322072171277
311,260,1.7973546780697611,1.957338366989342
312,267,-0.4775985774359696,-0.6876296962680878
313,279,-0.42469638272590315,-0.6805779125070592
314,288,-0.5426182994167517,-0.28193546974431377
315,292,-0.2535192567317452,-0.35511534046985777
316,300,-0.5426362344453166,-0.9657215868976624
317,316,1.797725764666851,1.9055263577839379
318,327,-0.44818467247002797,-0.8199376753048403
319,349,-0.5075641428090987,-0.08854465294459699
320,350,-0.4265125879729321,-0.7323613742555194
321,360,-0.42720393454969835,-0.46173178617689403
322,362,-0.37808856413588326,-0.7434110415841647
323,371,-0.3079845739316361,-0.40325963233289935
324,384,-0.44759245689199767,-0.6264761737299162
325,1,-0.3289646330086364,-0.38911506727116196
326,13,-0.14730282205413014,-0.12653788533022248
327,34,-0.14906799222272793,-0.5043270514896274
328,43,-0.3099685130579938,0.04789706144830656
329,49,-0.42068179420620405,-0.49590580796885164
330,52,1.5660142943264308,2.2571234514695813
331,53,-0.49355976373498744,-0.25598491087598335
332,80,-0.49652239964045203,-0.07742475675217877
333,88,-0.3044378638086799,-0.8569197057014829
334,91,-0.5910173982807606,-0.10737826103857191
335,105,-0.42812984427514467,-0.5598765509897325
336,134,0.060421381198711585,0.9938033264511134
337,161,-0.3839000937949664,-0.34163963586950497
338,166,-0.40958900194566555,-0.7038337407756097
339,190,1.8452722754588466,1.859845406616139
340,201,1.618581764995499,1.8889682055332315
341,205,-0.46034443965015026,-0.46689122520621695
342,217,-0.42002276897259094,-0.5294179016202814
343,241,-0.45887680339214015,-0.6395747408920203
344,243,-0.5127189069884664,-0.994424427191092
345,251,-0.25986146437595886,-0.6946248410266642
346,259,1.8407645639261072,2.008588820064952
347,263,-0.43063809350458554,0.011189926008767724
348,264,1.7895625144710054,1.6243614593377511
349,269,-0.39842474837154984,-0.6511152795752524
350,273,-0.3700568243308136,-0.541477631159326
351,295,-0.4553690605100142,-0.9948727053159815
352,303,-0.44189856126395666,-0.23047250643164968
353,306,1.6681858949469677,1.7813509094938198
354,309,-0.3511184406232586,-0.8085953731301914
355,315,-0.4723974144177884,-0.8489755157182552
356,319,-0.4408399910046638,-0.4356631154089304
357,328,-0.42794081068976303,-1.0357720387598577
358,339,-0.26408224567580585,-0.6492270848711258
359,345,-0.44110051340644657,-0.918903021786087
360,369,-0.4773357579175782,-0.4069082420520599
361,370,-0.5082495963494661,-0.2459635015580717
362,388,2.023475434642741,1.652460378227406
363,395,-0.5125770998204955,-0.6521580392701736
364,398,1.8939213017936416,1.6780006462615324
365,20,-0.5090778611824417,-0.20380059812706164
366,21,-0.26036714345902984,0.8130710987437693
367,48,-0.39129147294842986,-0.6303713589049548
368,50,-0.5247583315344676,-0.22978385447991354
369,54,-0.470939575016541,-0.31834167028269095
370,58,1.0340656177582541,1.1481869265829432
371,71,-0.3833740024911629,-0.9982809412082954
372,87,-0.4902123117380339,-0.35571027795132315
373,99,-0.5224406261207026,-0.3754731397795982
374,102,-0.4310535755054558,-0.36955413606761595
375,106,-0.44726453868371085,-0.4648333414504501
376,121,-0.47627982462639246,-0.5314806192707776
377,130,-0.540690258628491,-0.538881676880262
378,149,0.6432094128578727,1.4911375884723026
379,151,-0.47471893161864837,1.8898555499049836
380,160,-0.40515985525112547,-0.7001190522202543
381,169,-0.4681753205595583,-0.619745800227551
382,174,-0.5058789466253467,-0.6931427871291617
383,187,-0.29256849844680255,-0.8909512181644418
384,188,-0.4822316594695556,-0.49224269656550185
385,189,1.7126979491362038,1.8269512801412382
386,191,-0.4278146614726007,-0.6459374167898794
387,214,-0.43284963897717305,-0.7817100427656815
388,235,-0.4251626387561077,-0.9979503190716065
389,252,-0.48393077651877764,-0.5739092057808661
390,257,-0.3733651292449113,0.8563220905680001
391,270,-0.4753189807203572,-0.48655968869707067
392,276,-0.4693026592424803,-0.7463756052906021
393,293,-0.4249008205213877,-0.5412651209222711
394,308,-0.5033752503648862,-0.7208021838605199
395,313,-0.35768350492971757,-0.014902458321410001
396,330,-0.3894708526533632,-0.7834610179469735
397,343,-0.4751181663676111,-0.6262496177201072
398,344,-0.5655653822017892,-0.4104246940988322
399,348,-0.5075280992610202,-0.8274612227972552
400,359,1.6788624218609687,1.5063083131186448
401,363,-0.589250746637667,-0.5531924648332106
402,372,-0.6005469107316104,-0.8751574644911234
403,402,-0.5132795554938507,-0.7729208736846822
404,404,1.1028728755364074,-1.285431062676689
