,y_test,y_pred
0,0.24423403860309076,0.24423403860309076
1,0.08266210685328311,0.08266210685328311
2,-0.8862518299714833,-0.8862518299714833
3,2.0630281907780548,2.0630281907780548
4,-0.292662942705162,-0.292662942705162
5,0.1156398602553433,0.1156398602553433
6,0.773249153134007,0.773249153134007
7,0.35821882104041736,0.35821882104041736
8,-0.262920247441102,-0.262920247441102
9,-0.09818157801950295,-0.09818157801950295
10,-0.28869365447824175,-0.28869365447824175
11,-0.3502732050938183,-0.3502732050938183
12,-0.2942734626033229,-0.2942734626033229
13,1.5943767808271962,1.5943767808271962
14,2.104458358686556,2.104458358686556
15,-0.6872721419009592,-0.6872721419009592
16,-0.6652715819608368,-0.6652715819608368
17,0.004512722484176123,0.004512722484176123
18,0.8870166863046285,0.8870166863046285
19,1.0206124772865315,1.0206124772865315
20,1.1549488429103716,1.1549488429103716
21,5.190469292314471,5.190469292314471
22,1.1144815017373055,1.1144815017373055
23,-0.45306904724881725,-0.45306904724881725
24,0.1949864787350333,0.1949864787350333
25,-0.4502845229229936,-0.4502845229229936
26,-0.4297298295558015,-0.4297298295558015
27,-0.3440956533248511,-0.3440956533248511
28,-0.4104327419071605,-0.4104327419071605
29,-0.42812206753254206,-0.42812206753254206
30,-0.5198126092745408,-0.5198126092745408
31,-0.5312098479431242,-0.5312098479431242
32,-0.3428715592306611,-0.3428715592306611
33,-0.6491171854031892,-0.6491171854031892
34,-0.3913854331320642,-0.3913854331320642
35,-0.5277519459448945,-0.5277519459448945
36,-0.5461676010085734,-0.5461676010085734
37,-0.5513186424374859,-0.5513186424374859
38,-0.5897907359495626,-0.5897907359495626
39,-0.4216117817382295,-0.4216117817382295
40,-0.5606683646831646,-0.5606683646831646
41,-0.10074877872137367,-0.10074877872137367
42,-0.10345539654892315,-0.10345539654892315
43,-0.48580041792863704,-0.48580041792863704
44,-0.43155703521477984,-0.43155703521477984
45,-0.1310861614814952,-0.1310861614814952
46,-0.4572237938677963,-0.4572237938677963
47,-0.46988120256071675,-0.46988120256071675
48,1.6489423567716832,1.6489423567716832
49,-0.5373366524158953,-0.5373366524158953
50,-0.4231014779230021,-0.4231014779230021
51,-0.516613600359394,-0.516613600359394
52,-0.3797319816210652,-0.3797319816210652
53,-0.42186185267835374,-0.42186185267835374
54,-0.16644582352136478,-0.16644582352136478
55,-0.49508003598575856,-0.49508003598575856
56,-0.4728101699893247,-0.4728101699893247
57,-0.2284911907079557,-0.2284911907079557
58,1.2410637383668661,1.2410637383668661
59,1.2210576132702966,1.2210576132702966
60,-0.7279188012386394,-0.7279188012386394
61,1.4495699208346056,1.4495699208346056
62,0.45570849464214436,0.45570849464214436
63,0.2752196589332845,0.2752196589332845
64,0.2489333778969964,0.2489333778969964
65,-0.621583542866231,-0.621583542866231
66,-0.46171248692425615,-0.46171248692425615
67,-0.3572017753251752,-0.3572017753251752
68,-0.24569144498617043,-0.24569144498617043
69,-0.47765048758130496,-0.47765048758130496
70,-0.3866924682730299,-0.3866924682730299
71,-0.4473909431759815,-0.4473909431759815
72,0.10050650667928591,0.10050650667928591
73,-0.18574886011027725,-0.18574886011027725
74,0.412523292555298,0.412523292555298
75,0.16124998773411678,0.16124998773411678
76,1.7283565648656045,1.7283565648656045
77,-0.2800597998704356,-0.2800597998704356
78,-0.45008531782523675,-0.45008531782523675
79,-0.5868001793981639,-0.5868001793981639
80,-0.3567066712441366,-0.3567066712441366
81,-0.5662923086990607,-0.5662923086990607
82,-0.5715122437433783,-0.5715122437433783
83,-0.3707302524087791,-0.3707302524087791
84,-0.3377930434115343,-0.3377930434115343
85,-0.3585315216080577,-0.3585315216080577
86,0.6723182361965757,0.6723182361965757
87,1.3088624088794327,1.3088624088794327
88,0.6044458800457715,0.6044458800457715
89,0.2402186439122165,0.2402186439122165
90,0.8360091426559754,0.8360091426559754
91,-0.43656884259559875,-0.43656884259559875
92,-0.1638607251159764,-0.1638607251159764
93,1.3770114513253624,1.3770114513253624
94,-0.4466886636015593,-0.4466886636015593
95,-0.41814145534845854,-0.41814145534845854
96,-0.45017411802491414,-0.45017411802491414
97,-0.4565626655176655,-0.4565626655176655
98,-0.24323050069850027,-0.24323050069850027
99,-0.34266050852476615,-0.34266050852476615
100,0.13924570124293575,0.13924570124293575
101,-0.49470003366975557,-0.49470003366975557
102,-0.5318559456830229,-0.5318559456830229
103,-0.23800675044710465,-0.23800675044710465
104,-0.5907936188980937,-0.5907936188980937
105,-0.5493347502658279,-0.5493347502658279
106,-0.64118208248541,-0.64118208248541
107,-0.31538606563363786,-0.31538606563363786
108,-0.03883052846466856,-0.03883052846466856
109,-0.4070192095693623,-0.4070192095693623
110,0.6254162460654515,0.6254162460654515
111,-0.41473414574142886,-0.41473414574142886
112,-0.2991891477199706,-0.2991891477199706
113,-0.29724239661619783,-0.29724239661619783
114,-0.38459360856575436,-0.38459360856575436
115,-0.40478158414320353,-0.40478158414320353
116,-0.3911954962586934,-0.3911954962586934
117,-0.271620840920565,-0.271620840920565
118,-0.27128315979113327,-0.27128315979113327
119,-0.2711987395087754,-0.2711987395087754
120,3.849602420137325,3.849602420137325
121,0.8108019462477906,0.8108019462477906
122,2.675652043144932,2.675652043144932
123,2.4983637905660014,2.4983637905660014
124,0.14117435073321932,0.14117435073321932
125,1.287172570490415,1.287172570490415
126,0.44022830546757646,0.44022830546757646
127,0.055298718621172714,0.055298718621172714
128,-0.5729140057515466,-0.5729140057515466
129,-0.4657874903438124,-0.4657874903438124
130,0.8163057394505094,0.8163057394505094
131,0.55902313806247,0.55902313806247
132,-0.48155560384596635,-0.48155560384596635
133,-0.4289020165967987,-0.4289020165967987
134,-0.46397245427311673,-0.46397245427311673
135,-0.28550532339379836,-0.28550532339379836
136,-0.03788613836995925,-0.03788613836995925
137,0.7462861676455669,0.7462861676455669
138,-0.5924053425391952,-0.5924053425391952
139,-0.6933397812563432,-0.6933397812563432
140,-0.649508245208942,-0.649508245208942
141,-0.41903520213858714,-0.41903520213858714
142,-0.45218577250422265,-0.45218577250422265
143,4.1157362311702625,4.1157362311702625
144,6.020261512593237,6.020261512593237
145,3.1819436793029268,3.1819436793029268
146,-0.45508713598944706,-0.45508713598944706
147,-0.426642925640745,-0.426642925640745
148,-0.34413786346603,-0.34413786346603
149,-0.4964958290879102,-0.4964958290879102
150,-0.588355223734241,-0.588355223734241
151,-0.4985794302305489,-0.4985794302305489
152,-0.6354279884782028,-0.6354279884782028
153,-0.5760827685902101,-0.5760827685902101
154,-0.6458872940381852,-0.6458872940381852
155,0.042436783563209735,0.042436783563209735
156,-0.5749463535993599,-0.5749463535993599
157,-0.4809487347144419,-0.4809487347144419
158,-0.5082364297279773,-0.5082364297279773
159,-0.5023362626539344,-0.5023362626539344
160,-0.6721565434980183,-0.6721565434980183
161,-0.32442572753545257,-0.32442572753545257
162,-0.3242990971119156,-0.3242990971119156
163,-0.3239614159824839,-0.3239614159824839
164,-0.3239192058413049,-0.3239192058413049
165,-0.3875193383648582,-0.3875193383648582
166,-0.38669130162926274,-0.38669130162926274
167,0.8060218677169521,0.8060218677169521
168,-0.45533173428385926,-0.45533173428385926
169,-0.5088423592277569,-0.5088423592277569
170,-0.4749671530435283,-0.4749671530435283
171,-0.4748145245000667,-0.4748145245000667
172,-0.4231014779230021,-0.4231014779230021
173,-0.42218806984799817,-0.42218806984799817
174,-0.46337281959959936,-0.46337281959959936
175,-0.28256655449003915,-0.28256655449003915
176,-0.5035391934188775,-0.5035391934188775
177,-0.35445307139007975,-0.35445307139007975
178,0.17708599291195887,0.17708599291195887
179,2.8444215608130983,2.8444215608130983
180,1.2065759272382117,1.2065759272382117
181,2.9606924552280405,2.9606924552280405
182,-0.006654630685580275,-0.006654630685580275
183,-0.6118068888131466,-0.6118068888131466
184,-0.2476743313632822,-0.2476743313632822
185,-0.3251848208437634,-0.3251848208437634
186,-0.41712132604105157,-0.41712132604105157
187,-0.2995647559592797,-0.2995647559592797
188,-0.29067824312884,-0.29067824312884
189,0.44637303361030795,0.44637303361030795
190,-0.5885666577674341,-0.5885666577674341
191,-0.6758762373381886,-0.6758762373381886
192,-0.7849394271654369,-0.7849394271654369
193,0.32232648543480114,0.32232648543480114
194,0.9211834252840975,0.9211834252840975
195,2.227322730673156,2.227322730673156
196,0.7339868904948168,0.7339868904948168
197,-0.45784725844143204,-0.45784725844143204
198,-0.46862277739038183,-0.46862277739038183
199,-0.4995438394121776,-0.4995438394121776
200,2.0452310767634105,2.0452310767634105
201,-0.5384518691092278,-0.5384518691092278
202,-0.6532640177478256,-0.6532640177478256
203,-0.007921899687003428,-0.007921899687003428
204,-0.41156363397977264,-0.41156363397977264
205,-0.523694843537668,-0.523694843537668
206,-0.5939427736486074,-0.5939427736486074
207,-0.5580459969660618,-0.5580459969660618
208,-0.6397987826616909,-0.6397987826616909
209,-0.551138495748926,-0.551138495748926
210,-0.34859177646175116,-0.34859177646175116
211,-0.3408454724540706,-0.3408454724540706
212,-0.5265775641341752,-0.5265775641341752
213,-0.34042337104228093,-0.34042337104228093
214,-0.34029674061874404,-0.34029674061874404
215,-0.5259251297948865,-0.5259251297948865
216,-0.4448194804680635,-0.4448194804680635
217,-0.6005792108928515,-0.6005792108928515
218,-0.5240330702109496,-0.5240330702109496
219,-0.3254387709237477,-0.3254387709237477
220,-0.420150377496659,-0.420150377496659
221,-0.06217896095485333,-0.06217896095485333
222,-0.4243945743233758,-0.4243945743233758
223,1.6010716568911147,1.6010716568911147
224,-0.4079108779535169,-0.4079108779535169
225,-0.3473021290332377,-0.3473021290332377
226,-0.32383478555894696,-0.32383478555894696
227,3.790609653874616,3.790609653874616
228,3.8478272823109627,3.8478272823109627
229,1.3292192643418252,1.3292192643418252
230,-0.4595073140553064,-0.4595073140553064
231,-0.15900647445424015,-0.15900647445424015
232,-0.3872985285686994,-0.3872985285686994
233,-0.5821739493826203,-0.5821739493826203
234,-0.1760641119486281,-0.1760641119486281
235,-0.20207526855043476,-0.20207526855043476
236,-0.4286702706164072,-0.4286702706164072
237,-0.31958891607961537,-0.31958891607961537
238,-0.421274661772994,-0.421274661772994
239,-0.3563299546574295,-0.3563299546574295
240,1.0234907363906764,1.0234907363906764
241,0.5040104534234404,0.5040104534234404
242,0.14568482147224707,0.14568482147224707
243,0.9872387461519183,0.9872387461519183
244,1.4898897110556257,1.4898897110556257
245,2.601417039188148,2.601417039188148
246,-0.613683772080496,-0.613683772080496
247,1.2960570396686355,1.2960570396686355
248,-0.014657388743401903,-0.014657388743401903
249,-0.21851615229787866,-0.21851615229787866
250,0.16418913578199137,0.16418913578199137
251,2.5588911732430053,2.5588911732430053
252,0.6156677214070467,0.6156677214070467
253,0.30973392180649595,0.30973392180649595
254,-0.514782865145903,-0.514782865145903
255,1.573015887606474,1.573015887606474
256,-0.3529494702903785,-0.3529494702903785
257,-0.5646014330953518,-0.5646014330953518
258,-0.6737381912996917,-0.6737381912996917
259,-0.6837489964688005,-0.6837489964688005
260,-0.6124149302181463,-0.6124149302181463
261,-0.760555030797862,-0.760555030797862
262,-0.4724315590234191,-0.4724315590234191
263,0.525286013085132,0.525286013085132
264,1.6662635483104353,1.6662635483104353
265,0.4542776348753455,0.4542776348753455
266,2.405981296603824,2.405981296603824
267,-0.34962518181929564,-0.34962518181929564
268,0.05782023903883267,0.05782023903883267
269,-0.5383866256752988,-0.5383866256752988
270,-0.3035563383252792,-0.3035563383252792
271,-0.4540020597097948,-0.4540020597097948
272,0.3566424721199649,0.3566424721199649
273,-0.6044575325790222,-0.6044575325790222
274,-0.4331906215131188,-0.4331906215131188
275,0.8206879061180322,0.8206879061180322
276,-0.5280781631145389,-0.5280781631145389
277,-0.5196922046053873,-0.5196922046053873
278,-0.47937496318161454,-0.47937496318161454
279,-0.6429365681491565,-0.6429365681491565
280,-0.44679297797607903,-0.44679297797607903
281,-0.5825911693153613,-0.5825911693153613
282,-0.1610149686277604,-0.1610149686277604
283,-0.2705533343725656,-0.2705533343725656
284,-0.3248478289472422,-0.3248478289472422
285,-0.42340093024066117,-0.42340093024066117
286,-0.20606121812919476,-0.20606121812919476
287,-0.24976480725345399,-0.24976480725345399
288,-0.2962715633690816,-0.2962715633690816
289,-0.29563841125139717,-0.29563841125139717
290,-0.2508816719056603,-0.2508816719056603
291,-0.38608407468982614,-0.38608407468982614
292,-0.2943721070160282,-0.2943721070160282
293,-0.3593660893546129,-0.3593660893546129
294,-0.3825047100029402,-0.3825047100029402
295,-0.5142694689446764,-0.5142694689446764
296,-0.4725904615183586,-0.4725904615183586
297,-0.32956764154375234,-0.32956764154375234
298,-0.40344823145283587,-0.40344823145283587
299,-0.5487618653878767,-0.5487618653878767
300,2.3815424457174963,2.3815424457174963
301,0.35795550145662663,0.35795550145662663
302,1.949131463995438,1.949131463995438
303,0.887789305205218,0.887789305205218
304,-0.20601088249693375,-0.20601088249693375
305,0.4551031636379435,0.4551031636379435
306,-0.18832290548032024,-0.18832290548032024
307,-0.3036093450497029,-0.3036093450497029
308,-0.42960250048881227,-0.42960250048881227
309,-0.4635503528613271,-0.4635503528613271
310,-0.38638943567606904,-0.38638943567606904
311,-0.5667023567049974,-0.5667023567049974
312,-0.5397224730253865,-0.5397224730253865
313,-0.4501697381075948,-0.4501697381075948
314,-0.5877938234808785,-0.5877938234808785
315,-0.7784978892600899,-0.7784978892600899
316,-0.5667506440694028,-0.5667506440694028
317,-0.36249927487888056,-0.36249927487888056
318,-0.34050290907523384,-0.34050290907523384
319,0.296651521850726,0.296651521850726
320,0.48640447690152433,0.48640447690152433
321,-0.604415544097989,-0.604415544097989
322,-0.5379951650717258,-0.5379951650717258
323,-0.41507448320202095,-0.41507448320202095
324,-0.49148814805720337,-0.49148814805720337
325,-0.5007198066054639,-0.5007198066054639
326,-0.48603236872637945,-0.48603236872637945
327,-0.6815379901402373,-0.6815379901402373
328,-0.5933568843926976,-0.5933568843926976
329,-0.3419007259835447,-0.3419007259835447
330,-0.5925512866658224,-0.5925512866658224
331,-0.34147862457175515,-0.34147862457175515
332,-0.5255678946794085,-0.5255678946794085
333,-0.4452058976113414,-0.4452058976113414
334,-0.4447642780190238,-0.4447642780190238
335,-0.3400434797716702,-0.3400434797716702
336,-0.3394103276539857,-0.3394103276539857
337,-0.4278027980564799,-0.4278027980564799
338,-0.4391888306660145,-0.4391888306660145
339,-0.5825911693153613,-0.5825911693153613
340,-0.3427865992160924,-0.3427865992160924
341,-0.3242568869707366,-0.3242568869707366
342,-0.12402304571641254,-0.12402304571641254
343,-0.1757198053114473,-0.1757198053114473
344,0.025780041410185823,0.025780041410185823
345,-0.4425063071338973,-0.4425063071338973
346,-0.2960183025220079,-0.2960183025220079
347,0.049573871404471254,0.049573871404471254
348,-0.47522221782267654,-0.47522221782267654
349,-0.38459360856575436,-0.38459360856575436
350,-0.29340127376891195,-0.29340127376891195
351,-0.22214262193404424,-0.22214262193404424
352,0.2291905349911239,0.2291905349911239
353,-0.42592806471495986,-0.42592806471495986
354,-0.37971602507093516,-0.37971602507093516
355,-0.4222533132819269,-0.4222533132819269
356,-0.47790392236998835,-0.47790392236998835
357,-0.4050731085315846,-0.4050731085315846
358,-0.3222993537526232,-0.3222993537526232
359,0.7704181834857536,0.7704181834857536
360,-0.45799908484545143,-0.45799908484545143
361,0.030323930003362535,0.030323930003362535
362,1.0519772487169958,1.0519772487169958
363,-0.4202416328653506,-0.4202416328653506
364,-0.7657008654704415,-0.7657008654704415
365,0.2556385739438487,0.2556385739438487
366,-0.19437350979326815,-0.19437350979326815
367,-0.6936007549920583,-0.6936007549920583
368,-0.648959697422452,-0.648959697422452
369,-0.3667977242229019,-0.3667977242229019
370,-0.03800063175591163,-0.03800063175591163
371,-0.20251034642449994,-0.20251034642449994
372,1.341061736110031,1.341061736110031
373,0.136401994694313,0.136401994694313
374,0.5779973228701455,0.5779973228701455
375,-0.6071252819065702,-0.6071252819065702
376,0.36838640629378744,0.36838640629378744
377,-0.3494985513957588,-0.3494985513957588
378,2.1892306325070927,2.1892306325070927
379,0.0940644358695875,0.0940644358695875
380,-0.34413786346603,-0.34413786346603
381,-0.4494012837383584,-0.4494012837383584
382,-0.5310793610752665,-0.5310793610752665
383,0.30334907498603975,0.30334907498603975
384,-0.6469240355667627,-0.6469240355667627
385,-0.7263725482453437,-0.7263725482453437
386,-0.5150039924458132,-0.5150039924458132
387,-0.5973347250558508,-0.5973347250558508
388,-0.5928442312937771,-0.5928442312937771
389,-0.5260556166627444,-0.5260556166627444
390,-0.4647553791572378,-0.4647553791572378
391,-0.48082755559874907,-0.48082755559874907
392,-0.6395073461700153,-0.6395073461700153
393,7.118989346457893,7.118989346457893
394,-0.32535435064138973,-0.32535435064138973
395,-0.32535435064138973,-0.32535435064138973
396,-0.41340698287963057,-0.41340698287963057
397,-0.3111098524784865,-0.3111098524784865
398,-0.32459456810016846,-0.32459456810016846
399,-0.008192189999465947,-0.008192189999465947
400,-0.6323769889884314,-0.6323769889884314
401,-0.39472410107011824,-0.39472410107011824
402,-0.40844106655090334,-0.40844106655090334
403,-0.27898835545381656,-0.27898835545381656
404,-0.44248289869077445,-0.44248289869077445
405,-0.29656703435733445,-0.29656703435733445
406,-0.387022516323501,-0.387022516323501
407,0.5204385335257099,0.5204385335257099
408,-0.38636008693502466,-0.38636008693502466
409,-0.5227080195653393,-0.5227080195653393
410,-0.383931179177278,-0.383931179177278
411,3.805486257160714,3.805486257160714
412,-0.2736891378383344,-0.2736891378383344
413,-0.4230362344890733,-0.4230362344890733
414,-0.3199969956642111,-0.3199969956642111
415,-0.3563851571064692,-0.3563851571064692
416,-0.2708273507274315,-0.2708273507274315
417,-0.3551707032275959,-0.3551707032275959
418,-0.1974792496095795,-0.1974792496095795
419,-0.2802693281310216,-0.2802693281310216
420,3.2671506741139935,3.2671506741139935
421,0.5361269792135938,0.5361269792135938
422,1.5441812058649038,1.5441812058649038
423,-0.5902130673965102,-0.5902130673965102
424,0.09450229684716958,0.09450229684716958
425,-0.297915659730642,-0.297915659730642
426,-0.7884064968924935,-0.7884064968924935
427,-0.45637568264936884,-0.45637568264936884
428,-0.4650699179437699,-0.4650699179437699
429,-0.13897262232601543,-0.13897262232601543
430,0.08165556624163388,0.08165556624163388
431,-0.13289314320691986,-0.13289314320691986
432,-0.07282469900214147,-0.07282469900214147
433,1.7448366441860566,1.7448366441860566
434,-0.4628327804612847,-0.4628327804612847
435,-0.5864689647039256,-0.5864689647039256
436,-0.648190275796788,-0.648190275796788
437,-0.621133836201501,-0.621133836201501
438,-0.7470020623972224,-0.7470020623972224
439,0.9636088671743972,0.9636088671743972
440,5.359705005718389,5.359705005718389
441,0.689160529587317,0.689160529587317
442,1.0274064520255128,1.0274064520255128
443,-0.3503427542193381,-0.3503427542193381
444,1.1447696294622938,1.1447696294622938
445,0.7469450385792122,0.7469450385792122
446,-0.23910044884034962,-0.23910044884034962
447,3.485210773974882,3.485210773974882
448,0.13490280163100443,0.13490280163100443
449,-0.531797038848484,-0.531797038848484
450,-0.4499533082287554,-0.4499533082287554
451,-0.44984290333067595,-0.44984290333067595
452,-0.5303356073375599,-0.5303356073375599
453,-0.4240955214675432,-0.4240955214675432
454,-0.5278171893788236,-0.5278171893788236
455,-0.30519231862462365,-0.30519231862462365
456,-0.575341269766384,-0.575341269766384
457,-0.46036021379814007,-0.46036021379814007
458,-0.44399144373246807,-0.44399144373246807
459,-0.44354982414015054,-0.44354982414015054
460,0.20824898132181074,0.20824898132181074
461,0.15150870777630762,0.15150870777630762
462,-0.3750902256791793,-0.3750902256791793
463,-0.45937682718744866,-0.45937682718744866
464,6.16149490015972,6.16149490015972
465,-0.38564245509750855,-0.38564245509750855
466,-0.3720445435260854,-0.3720445435260854
467,-0.547197028487325,-0.547197028487325
468,-0.43275750614447356,-0.43275750614447356
469,-0.4326922627105447,-0.4326922627105447
470,-0.4645788888179318,-0.4645788888179318
471,-0.33998259130451447,-0.33998259130451447
472,-0.41633709124849705,-0.41633709124849705
473,-0.28408783971946094,-0.28408783971946094
474,0.3678419970645584,0.3678419970645584
475,-0.34490230778609166,-0.34490230778609166
476,-0.4192521153211992,-0.4192521153211992
477,0.10886230048305791,0.10886230048305791
478,1.8751193647287105,1.8751193647287105
479,-0.020117733477354932,-0.020117733477354932
480,1.1764842249645593,1.1764842249645593
481,0.33564823749114675,0.33564823749114675
482,-0.6828194667638653,-0.6828194667638653
483,-0.49485015504658075,-0.49485015504658075
484,-0.30868399088753523,-0.30868399088753523
485,-0.39378555724943765,-0.39378555724943765
486,-0.4648588672378752,-0.4648588672378752
487,0.16570173576661645,0.16570173576661645
488,-0.21841037551802553,-0.21841037551802553
489,-0.5580493269380754,-0.5580493269380754
490,-0.2020800334974407,-0.2020800334974407
491,0.6510090922511033,0.6510090922511033
492,-0.34257993161795436,-0.34257993161795436
493,-0.417935708966459,-0.417935708966459
494,-0.7950015645025825,-0.7950015645025825
495,-0.4179180435077364,-0.4179180435077364
496,0.7150861639507232,0.7150861639507232
497,-0.1405322804997848,-0.1405322804997848
498,-0.35127137732527536,-0.35127137732527536
499,3.97813256265384,3.97813256265384
500,0.8225641807124165,0.8225641807124165
501,0.33216805282060374,0.33216805282060374
502,-0.4577368535433526,-0.4577368535433526
503,0.8264757620098134,0.8264757620098134
504,0.6339607042303389,0.6339607042303389
505,-0.3480211964544951,-0.3480211964544951
506,-0.45503193354040755,-0.45503193354040755
507,-0.6494760147140307,-0.6494760147140307
508,-0.43661052410320855,-0.43661052410320855
509,-0.5310793610752665,-0.5310793610752665
510,-0.5935033567066752,-0.5935033567066752
511,-0.623587971605754,-0.623587971605754
512,-0.5565188188316199,-0.5565188188316199
513,-0.5075992229402055,-0.5075992229402055
514,-0.4449298853661431,-0.4449298853661431
515,-0.30663207483376054,-0.30663207483376054
516,-0.29151838916704875,-0.29151838916704875
517,0.5744188725704237,0.5744188725704237
518,-0.325101089794316,-0.325101089794316
519,-0.30109710691868397,-0.30109710691868397
520,-0.3241724666883787,-0.3241724666883787
521,-0.3193183004527974,-0.3193183004527974
522,-0.4085514714489827,-0.4085514714489827
523,2.8922920366539318,2.8922920366539318
524,-0.45937682718744866,-0.45937682718744866
525,-0.20941197838229522,-0.20941197838229522
526,-0.2824861867109436,-0.2824861867109436
527,-0.29534294026314434,-0.29534294026314434
528,-0.24114658301236333,-0.24114658301236333
529,-0.5244547411053582,-0.5244547411053582
530,-0.4227752607533578,-0.4227752607533578
531,-0.42257953045157126,-0.42257953045157126
532,0.4589730664146068,0.4589730664146068
533,-0.4211441749051363,-0.4211441749051363
534,-0.49893372031912386,-0.49893372031912386
535,1.6761628789480914,1.6761628789480914
536,3.207156041494835,3.207156041494835
537,2.106381972253174,2.106381972253174
538,0.6985335947251555,0.6985335947251555
539,1.0604513176872115,1.0604513176872115
540,0.3295180449642963,0.3295180449642963
541,-0.5661391427843665,-0.5661391427843665
542,0.5037550431846335,0.5037550431846335
543,-0.5958099837401515,-0.5958099837401515
544,-0.4976945667377152,-0.4976945667377152
545,3.6288459278870793,3.6288459278870793
546,-0.6074458953390104,-0.6074458953390104
547,-0.19678037861369688,-0.19678037861369688
548,-0.7175450952439504,-0.7175450952439504
549,-0.4904459597865139,-0.4904459597865139
550,0.6323933126110001,0.6323933126110001
551,-0.3719760619999934,-0.3719760619999934
552,-0.40159526906607745,-0.40159526906607745
553,-0.7713939820321878,-0.7713939820321878
554,-0.36697354984385117,-0.36697354984385117
555,-0.6291693651601641,-0.6291693651601641
556,1.561017670243487,1.561017670243487
557,-0.24699376964954634,-0.24699376964954634
558,-0.43706413165949504,-0.43706413165949504
559,-0.5398872246556626,-0.5398872246556626
560,0.23869365898063813,0.23869365898063813
561,-0.5371470004306507,-0.5371470004306507
562,-0.34721920377209453,-0.34721920377209453
563,-0.5321232560181282,-0.5321232560181282
564,-0.34253387810122926,-0.34253387810122926
565,-0.3575459280555432,-0.3575459280555432
566,-0.6608765423039326,-0.6608765423039326
567,-0.5286001105859698,-0.5286001105859698
568,-0.6895297255631747,-0.6895297255631747
569,-0.34168967527765,-0.34168967527765
570,-0.341605254995292,-0.341605254995292
571,-0.3006083692339795,-0.3006083692339795
572,-0.5261208600966731,-0.5261208600966731
573,-0.31169680833062846,-0.31169680833062846
574,-0.4704581789549749,-0.4704581789549749
575,-0.45928741712902466,-0.45928741712902466
576,-0.5026332238822834,-0.5026332238822834
577,-0.5625976984574507,-0.5625976984574507
578,-0.5007411642983463,-0.5007411642983463
579,-0.08672129467495691,-0.08672129467495691
580,-0.08806819655747976,-0.08806819655747976
581,-0.5292981306189692,-0.5292981306189692
582,-0.2972846067573768,-0.2972846067573768
583,-0.3499603959174104,-0.3499603959174104
584,-0.48352132833956185,-0.48352132833956185
585,-0.31878105264486545,-0.31878105264486545
586,-0.3874641359158185,-0.3874641359158185
587,-0.034948846774491206,-0.034948846774491206
588,-0.2947519982866388,-0.2947519982866388
589,-0.36939397684951514,-0.36939397684951514
590,-0.3846488110147941,-0.3846488110147941
591,-0.4735425315592114,-0.4735425315592114
592,-0.42140514864085177,-0.42140514864085177
593,-0.4712722106925622,-0.4712722106925622
594,-0.4543121835449626,-0.4543121835449626
