,y_test,y_pred
0,0.8816494562468823,0.8816494562468823
1,-0.18619895416910154,-0.18619895416910154
2,-0.25073219065618274,-0.25073219065618274
3,-0.2508405169373783,-0.2508405169373783
4,-0.17820201746898576,-0.17820201746898576
5,-0.2520591876008284,-0.2520591876008284
6,-0.1540110593311937,-0.1540110593311937
7,-0.20903141980419015,-0.20903141980419015
8,-0.20909875222966123,-0.20909875222966123
9,-0.17854694660627216,-0.17854694660627216
10,-0.17854694660627216,-0.17854694660627216
11,-0.17956257128828218,-0.17956257128828218
12,-0.17962005947782989,-0.17962005947782989
13,-0.18234877812617262,-0.18234877812617262
14,-0.2307644750333004,-0.2307644750333004
15,-0.24146641728697896,-0.24146641728697896
16,-0.24551646424077944,-0.24551646424077944
17,-0.31215319209406867,-0.31215319209406867
18,-0.26199959450809507,-0.26199959450809507
19,-0.26787995966590145,-0.26787995966590145
20,-0.3106104842025081,-0.3106104842025081
21,-0.19486432543080676,-0.19486432543080676
22,0.37110364890441816,0.37110364890441816
23,-0.2713363575067495,-0.2713363575067495
24,-0.23189598650657064,-0.23189598650657064
25,-0.27414187523471056,-0.27414187523471056
26,-0.274186763518358,-0.274186763518358
27,-0.23415718862878157,-0.23415718862878157
28,-0.27429898422747645,-0.27429898422747645
29,-0.27432142836930024,-0.27432142836930024
30,-0.3001552795084133,-0.3001552795084133
31,3.8373294417174493,3.8373294417174493
32,0.41597920341600453,0.41597920341600453
33,-0.34207399174494413,-0.34207399174494413
34,0.9288357785179399,0.9288357785179399
35,3.413110374883547,3.413110374883547
36,-0.3195048297334482,-0.3195048297334482
37,-0.31955684345000324,-0.31955684345000324
38,-0.3197128845996689,-0.3197128845996689
39,-0.2764985101261979,-0.2764985101261979
40,-0.308956291886657,-0.308956291886657
41,-0.243259485307173,-0.243259485307173
42,-0.24333613622657002,-0.24333613622657002
43,-0.31726365967083064,-0.31726365967083064
44,-0.32703286383817964,-0.32703286383817964
45,-0.25537033057189595,-0.25537033057189595
46,-0.3280146934027369,-0.3280146934027369
47,0.5787625775709979,0.5787625775709979
48,-0.2562511447778398,-0.2562511447778398
49,-0.38744794011167727,-0.38744794011167727
50,-0.34085211495932866,-0.34085211495932866
51,-0.3762552689915451,-0.3762552689915451
52,-0.37652608469453414,-0.37652608469453414
53,-0.3413184840024934,-0.3413184840024934
54,-0.3121173632003916,-0.3121173632003916
55,-0.3766885741163276,-0.3766885741163276
56,-0.3618960087259409,-0.3618960087259409
57,-0.3426120329172334,-0.3426120329172334
58,-0.36293628305704523,-0.36293628305704523
59,-0.3426194081755323,-0.3426194081755323
60,-0.22617442181899347,-0.22617442181899347
61,0.5079185223620745,0.5079185223620745
62,-0.20728077674194262,-0.20728077674194262
63,-0.2083805396913033,-0.2083805396913033
64,-0.22838353833924815,-0.22838353833924815
65,-0.2522487585929207,-0.2522487585929207
66,-0.2091436405133087,-0.2091436405133087
67,-0.2091660846551323,-0.2091660846551323
68,-0.22880081590418522,-0.22880081590418522
69,-0.22880081590418522,-0.22880081590418522
70,-0.13657880379196788,-0.13657880379196788
71,-0.13538900959450012,-0.13538900959450012
72,-0.17900685212265405,-0.17900685212265405
73,-0.17973503585692543,-0.17973503585692543
74,-0.24442302988600845,-0.24442302988600845
75,-0.23071538355507257,-0.23071538355507257
76,0.11070244335294321,0.11070244335294321
77,0.16987857303770723,0.16987857303770723
78,-0.18603957397732707,-0.18603957397732707
79,-0.2186375125047289,-0.2186375125047289
80,-0.18676775771159837,-0.18676775771159837
81,-0.21982705202138442,-0.21982705202138442
82,-0.2309411031859036,-0.2309411031859036
83,-0.22206550609390788,-0.22206550609390788
84,-0.2272011176935056,-0.2272011176935056
85,-0.2276035350203397,-0.2276035350203397
86,-0.26704952641842505,-0.26704952641842505
87,-0.2295389707351135,-0.2295389707351135
88,-0.22997971352164617,-0.22997971352164617
89,-0.20557452567029041,-0.20557452567029041
90,-0.2965961473368919,-0.2965961473368919
91,-0.27158324306681014,-0.27158324306681014
92,0.8972685842921025,0.8972685842921025
93,-0.3279417475783226,-0.3279417475783226
94,-0.27209945832875493,-0.27209945832875493
95,-0.2724810087397576,-0.2724810087397576
96,0.14070550592849157,0.14070550592849157
97,-0.31851656911889925,-0.31851656911889925
98,-0.23478955871380663,-0.23478955871380663
99,-0.23480872144365586,-0.23480872144365586
100,-0.3187766377016753,-0.3187766377016753
101,-0.301186200551199,-0.301186200551199
102,-0.31979090517450187,-0.31979090517450187
103,-0.23567104428687194,-0.23567104428687194
104,-0.22476550186837338,-0.22476550186837338
105,-0.3200249668990003,-0.3200249668990003
106,-0.3339538561846764,-0.3339538561846764
107,-0.2428187425206404,-0.2428187425206404
108,-0.23211040642066827,-0.23211040642066827
109,-0.2850946164446706,-0.2850946164446706
110,-0.24387269266234884,-0.24387269266234884
111,-0.2253671052372013,-0.2253671052372013
112,-0.37184890128203163,-0.37184890128203163
113,-0.2554278187614437,-0.2554278187614437
114,-0.3008504040048999,-0.3008504040048999
115,-0.3407539320028728,-0.3407539320028728
116,-0.3420548561759117,-0.3420548561759117
117,-0.26705959577993543,-0.26705959577993543
118,-0.2672128976187294,-0.2672128976187294
119,4.405500211477583,4.405500211477583
120,-0.13415905010052576,-0.13415905010052576
121,-0.2503530486719981,-0.2503530486719981
122,-0.20761743886929787,-0.20761743886929787
123,0.12780107538066807,0.12780107538066807
124,-0.21348913210235632,-0.21348913210235632
125,-0.1580275968334637,-0.1580275968334637
126,-0.25184253503843745,-0.25184253503843745
127,-0.17843197022717666,-0.17843197022717666
128,-0.2286780872086155,-0.2286780872086155
129,0.1659603789499852,0.1659603789499852
130,-0.04839058110650055,-0.04839058110650055
131,0.062317033371883365,0.062317033371883365
132,-0.20977207648437185,-0.20977207648437185
133,-0.24387688586217887,-0.24387688586217887
134,-0.09446308162661389,-0.09446308162661389
135,-0.17983084950617156,-0.17983084950617156
136,-0.2138421123229958,-0.2138421123229958
137,-0.2308135665115284,-0.2308135665115284
138,-0.2111636132774406,-0.2111636132774406
139,-0.23918366354938256,-0.23918366354938256
140,-0.24149096302609296,-0.24149096302609296
141,-0.0020533592141505712,-0.0020533592141505712
142,-0.26444600596687723,-0.26444600596687723
143,-0.2909015358624575,-0.2909015358624575
144,-0.29534431464208094,-0.29534431464208094
145,-0.271515910641339,-0.271515910641339
146,4.477258769706744,4.477258769706744
147,-0.27254834116522875,-0.27254834116522875
148,-0.23413802589893237,-0.23413802589893237
149,-0.3008671059427177,-0.3008671059427177
150,-0.3188546582765079,-0.3188546582765079
151,4.743433714471631,4.743433714471631
152,-0.33211230940435177,-0.33211230940435177
153,-0.3190627131427289,-0.3190627131427289
154,1.817954516376689,1.817954516376689
155,1.3298879862680562,1.3298879862680562
156,2.1600328621252713,2.1600328621252713
157,-0.3196608708831137,-0.3196608708831137
158,-0.3017998440290474,-0.3017998440290474
159,-0.33330389849750325,-0.33330389849750325
160,-0.3441389807850046,-0.3441389807850046
161,-0.2430870207385298,-0.2430870207385298
162,-0.1900682985698257,-0.1900682985698257
163,-0.24329781076687157,-0.24329781076687157
164,-0.24331697349672077,-0.24331697349672077
165,-0.2996608644882446,-0.2996608644882446
166,-0.2174440145984646,-0.2174440145984646
167,-0.34816438755536644,-0.34816438755536644
168,-0.3026404023972546,-0.3026404023972546
169,-0.34910063445336026,-0.34910063445336026
170,-0.37593029014795853,-0.37593029014795853
171,-0.3760386164291538,-0.3760386164291538
172,-0.34085211495932866,-0.34085211495932866
173,5.793557505976771,5.793557505976771
174,-0.361557919568332,-0.361557919568332
175,-0.3418830360021142,-0.3418830360021142
176,-0.3891501608068622,-0.3891501608068622
177,-0.31310490544063396,-0.31310490544063396
178,-0.30584960408441364,-0.30584960408441364
179,-1.0919986738439809,-1.0919986738439809
180,-0.20685433804729247,-0.20685433804729247
181,-0.14844089839043859,-0.14844089839043859
182,-0.24067804229403372,-0.24067804229403372
183,-0.208470316258598,-0.208470316258598
184,-0.17810620381973952,-0.17810620381973952
185,-0.23741168224267228,-0.23741168224267228
186,-0.17845113295702594,-0.17845113295702594
187,-0.1798116867763223,-0.1798116867763223
188,-0.23056810912038905,-0.23056810912038905
189,-0.21109628085196955,-0.21109628085196955
190,-0.21791929996637086,-0.21791929996637086
191,-0.23913457207115457,-0.23913457207115457
192,-0.267847743085082,-0.267847743085082
193,-0.2608100549914397,-0.2608100549914397
194,-0.2670046381347776,-0.2670046381347776
195,-0.2708650305284521,-0.2708650305284521
196,-0.23141691826033953,-0.23141691826033953
197,-0.2710670278048653,-0.2710670278048653
198,-0.2969643334236012,-0.2969643334236012
199,-0.2970625163800568,-0.2970625163800568
200,-0.27185257276869434,-0.27185257276869434
201,-0.2957412708723902,-0.2957412708723902
202,-0.32823964485161017,-0.32823964485161017
203,-0.14918579381943037,-0.14918579381943037
204,-0.2743887607947711,-0.2743887607947711
205,-0.3181524731030127,-0.3181524731030127
206,3.114827749596904,3.114827749596904
207,-0.31911472685928394,-0.31911472685928394
208,-0.332328961966743,-0.332328961966743
209,-0.33235604353704196,-0.33235604353704196
210,-0.2754660796023083,-0.2754660796023083
211,-0.23563271882717346,-0.23563271882717346
212,1.3915273742645595,1.3915273742645595
213,-0.14874697788677405,-0.14874697788677405
214,-0.23588183431521367,-0.23588183431521367
215,-0.22157480056488743,-0.22157480056488743
216,-0.2763638452752558,-0.2763638452752558
217,-0.3336559589113889,-0.3336559589113889
218,-0.302879856550061,-0.302879856550061
219,-0.14901109078896932,-0.14901109078896932
220,-0.2842866273390179,-0.2842866273390179
221,0.10983970072013216,0.10983970072013216
222,-0.2846681777500205,-0.2846681777500205
223,-0.28350295957307114,-0.28350295957307114
224,-0.28487017502643386,-0.28487017502643386
225,-0.26716364267625936,-0.26716364267625936
226,-0.23324255601390131,-0.23324255601390131
227,-0.2443325981787307,-0.2443325981787307
228,-0.3454635235617053,-0.3454635235617053
229,-0.2888652322710503,-0.2888652322710503
230,-0.32715559253374904,-0.32715559253374904
231,-0.2994588672118313,-0.2994588672118313
232,-0.29975064105553934,-0.29975064105553934
233,-0.3745278059826506,-0.3745278059826506
234,-0.34904862073680487,-0.34904862073680487
235,-0.3615059058517768,-0.3615059058517768
236,-0.3969779030958553,-0.3969779030958553
237,-0.31227447219315757,-0.31227447219315757
238,-0.34153939565451896,-0.34153939565451896
239,-0.31234180461862854,-0.31234180461862854
240,-0.2261498760798794,-0.2261498760798794
241,-0.22617442181899347,-0.22617442181899347
242,0.11069470994435555,0.11069470994435555
243,0.05265560740044654,0.05265560740044654
244,-0.20768477129476895,-0.20768477129476895
245,-0.041554025145195045,-0.041554025145195045
246,-0.20770721543659268,-0.20770721543659268
247,-0.17751215919441288,-0.17751215919441288
248,-0.17789541379139784,-0.17789541379139784
249,-0.22806444373076706,-0.22806444373076706
250,-0.24169230976686004,-0.24169230976686004
251,-0.17812536654958877,-0.17812536654958877
252,-0.2087845342441296,-0.2087845342441296
253,-0.20896408737871922,-0.20896408737871922
254,-0.20988429719349028,-0.20988429719349028
255,-0.14976815051104628,-0.14976815051104628
256,-0.21084939529190902,-0.21084939529190902
257,-0.21874973321384739,-0.21874973321384739
258,0.4267418427726962,0.4267418427726962
259,-0.2427918871991318,-0.2427918871991318
260,-0.10964573107956278,-0.10964573107956278
261,-0.25971506255323895,-0.25971506255323895
262,6.492642332936115,6.492642332936115
263,-0.26478266809423245,-0.26478266809423245
264,-0.2709099188120994,-0.2709099188120994
265,-0.28085414706930223,-0.28085414706930223
266,-0.05604189315168735,-0.05604189315168735
267,-0.2316468710185305,-0.2316468710185305
268,-0.2717403520595759,-0.2717403520595759
269,-0.297479793944994,-0.297479793944994
270,-0.23434881592727402,-0.23434881592727402
271,-0.3184385485440664,-0.3184385485440664
272,0.8611672671134151,0.8611672671134151
273,1.9106838335603422,1.9106838335603422
274,-0.27512941747495295,-0.27512941747495295
275,-0.33213939097465084,-0.33213939097465084
276,-0.3013580207249967,-0.3013580207249967
277,-0.30143165794233845,-0.30143165794233845
278,-0.3018489355072753,-0.3018489355072753
279,-0.333358061638101,-0.333358061638101
280,-0.33354763263019294,-0.33354763263019294
281,0.6934166174495898,0.6934166174495898
282,-0.24260795249229875,-0.24260795249229875
283,-0.2427612543310926,-0.2427612543310926
284,-0.060149817291862875,-0.060149817291862875
285,3.3320036828267208,3.3320036828267208
286,-0.34743954338492516,-0.34743954338492516
287,-0.2556960969793331,-0.2556960969793331
288,0.06303740553425013,0.06303740553425013
289,-0.256156002495715,-0.256156002495715
290,-0.36217285243612146,-0.36217285243612146
291,-0.3002444121756604,-0.3002444121756604
292,0.8227478081989599,0.8227478081989599
293,-0.31110737681832573,-0.31110737681832573
294,-0.3404839288726194,-0.3404839288726194
295,-0.38736422433978307,-0.38736422433978307
296,-0.36197402930077355,-0.36197402930077355
297,1.5288929958645907,1.5288929958645907
298,-0.36218208416699454,-0.36218208416699454
299,-0.3886478661754963,-0.3886478661754963
