,y_test,y_pred
0,0.4761113226420848,0.4761113226420848
1,0.04333362820801621,0.04333362820801621
2,-0.45442178129201055,-0.45442178129201055
3,-0.23106484366910954,-0.23106484366910954
4,-0.25971558808615186,-0.25971558808615186
5,-0.4541324450904293,-0.4541324450904293
6,0.3045811027442618,0.3045811027442618
7,-0.33040161007010704,-0.33040161007010704
8,-0.33038872100382,-0.33038872100382
9,0.02836393393241842,0.02836393393241842
10,-0.2596548096510268,-0.2596548096510268
11,-0.25947585092538045,-0.25947585092538045
12,-0.25946572118619293,-0.25946572118619293
13,0.09278637602772237,0.09278637602772237
14,-0.2978699982395955,-0.2978699982395955
15,-0.3798912479981791,-0.3798912479981791
16,-0.37907057413324685,-0.37907057413324685
17,-0.3481238077813791,-0.3481238077813791
18,-0.2261333261346025,-0.2261333261346025
19,-0.3191365661353416,-0.3191365661353416
20,-0.4080167614937356,-0.4080167614937356
21,1.905466015016421,1.905466015016421
22,-0.12372834707791024,-0.12372834707791024
23,-0.31847492739927985,-0.31847492739927985
24,0.20200257437561955,0.20200257437561955
25,-0.3179378829706584,-0.3179378829706584
26,-0.3179292902598004,-0.3179292902598004
27,-0.24985597527696038,-0.24985597527696038
28,-0.3179078084826555,-0.3179078084826555
29,-0.3179035121272265,-0.3179035121272265
30,-0.3679989376281634,-0.3679989376281634
31,0.34197108859364433,0.34197108859364433
32,0.06881975701720634,0.06881975701720634
33,-0.46138335022030774,-0.46138335022030774
34,0.21598911753504962,0.21598911753504962
35,3.385059997924675,3.385059997924675
36,-0.40613798758198266,-0.40613798758198266
37,-0.40612700060004253,-0.40612700060004253
38,-0.4060940396542225,-0.4060940396542225
39,-0.16596665518862314,-0.16596665518862314
40,-0.4058852869973608,-0.4058852869973608
41,0.43159774018560454,0.43159774018560454
42,-0.24823859358668543,-0.24823859358668543
43,-0.36453221227145016,-0.36453221227145016
44,-0.3625526474336141,-0.3625526474336141
45,-0.2461181015167634,-0.2461181015167634
46,-0.36235369619363056,-0.36235369619363056
47,1.7044800846245167,1.7044800846245167
48,1.0388881763295215,1.0388881763295215
49,-0.4512395967982842,-0.4512395967982842
50,-0.35975240873084585,-0.35975240873084585
51,-0.4270529385506222,-0.4270529385506222
52,-0.4269938903462179,-0.4269938903462179
53,-0.35965790689185356,-0.35965790689185356
54,-0.31066844958483714,-0.31066844958483714
55,-0.4269584614235754,-0.4269584614235754
56,-0.3971835973008212,-0.3971835973008212
57,-0.3971616233369412,-0.3971616233369412
58,0.429645760833606,0.429645760833606
59,-0.35939429649887533,-0.35939429649887533
60,-0.38298991356092266,-0.38298991356092266
61,0.23550939420783698,0.23550939420783698
62,0.00029136985131960946,0.00029136985131960946
63,0.03735794322039397,0.03735794322039397
64,-0.38254227327095974,-0.38254227327095974
65,-0.4426051954351814,-0.4426051954351814
66,-0.13619376008790585,-0.13619376008790585
67,-0.33037583193753317,-0.33037583193753317
68,-0.3824577189939667,-0.3824577189939667
69,-0.3824577189939667,-0.3824577189939667
70,-0.11073292424954544,-0.11073292424954544
71,-0.25962779701319333,-0.25962779701319333
72,-0.039569695373694425,-0.039569695373694425
73,-0.25944546170781785,-0.25944546170781785
74,0.07372908527385542,0.07372908527385542
75,-0.1707620599008968,-0.1707620599008968
76,4.111054611568415,4.111054611568415
77,4.625040182539295,4.625040182539295
78,-0.25833456697691926,-0.25833456697691926
79,-0.3285627699465069,-0.3285627699465069
80,-0.25820625694721056,-0.25820625694721056
81,-0.32833506310877125,-0.32833506310877125
82,-0.4192124960906725,-0.4192124960906725
83,-0.25198659708606985,-0.25198659708606985
84,-0.251081673718651,-0.251081673718651
85,0.24552922654232753,0.24552922654232753
86,-0.31929553128621346,-0.31929553128621346
87,0.0005722873510484912,0.0005722873510484912
88,-0.2505920696579206,-0.2505920696579206
89,-0.25032531985931566,-0.25032531985931566
90,-0.36872013587310354,-0.36872013587310354
91,-0.3184276674895612,-0.3184276674895612
92,0.7730819986080906,0.7730819986080906
93,-0.06939318605747198,-0.06939318605747198
94,-0.3183288513146948,-0.3183288513146948
95,-0.18030412203082155,-0.18030412203082155
96,-0.3179292902598004,-0.3179292902598004
97,-0.40634674023884415,-0.40634674023884415
98,-0.24974454814589753,-0.24974454814589753
99,-0.24974117156616832,-0.24974117156616832
100,0.7889327124066998,0.7889327124066998
101,-0.36779003882618067,-0.36779003882618067
102,-0.40607755918131216,-0.40607755918131216
103,-0.2495892254783555,-0.2495892254783555
104,-0.40603361125355203,-0.40603361125355203
105,-0.40602811776258196,-0.40602811776258196
106,-0.4362762680785722,-0.4362762680785722
107,-0.24832976123937317,-0.24832976123937317
108,-0.2482588530650605,-0.2482588530650605
109,-0.3158412615213198,-0.3158412615213198
110,0.1274707172622068,0.1274707172622068
111,0.0989909459367315,0.0989909459367315
112,-0.45472690194152604,-0.45472690194152604
113,-0.24610797177757587,-0.24610797177757587
114,-0.3128252200101812,-0.3128252200101812
115,-0.35977230385484416,-0.35977230385484416
116,-0.3595086934618659,-0.3595086934618659
117,-0.24405838788196652,-0.24405838788196652
118,-0.24403137524413313,-0.24403137524413313
119,2.2267602213505375,2.2267602213505375
120,0.107934532414322,0.107934532414322
121,-0.18998526120382955,-0.18998526120382955
122,0.3465012681080439,0.3465012681080439
123,0.4538292395583447,0.4538292395583447
124,-0.4227008628566465,-0.4227008628566465
125,-0.2730058625089803,-0.2730058625089803
126,-0.28922923307382364,-0.28922923307382364
127,-0.25967506912940186,-0.25967506912940186
128,-0.3100677634685974,-0.3100677634685974
129,-0.12315458385381028,-0.12315458385381028
130,-0.2595737717375265,-0.2595737717375265
131,-0.07827207130135444,-0.07827207130135444
132,-0.3302598303409509,-0.3302598303409509
133,-0.42211305932285237,-0.42211305932285237
134,-0.010440099764898963,-0.010440099764898963
135,0.04534715576193024,0.04534715576193024
136,-0.45366005945519483,-0.45366005945519483
137,-0.2633272355163449,-0.2633272355163449
138,0.6420126429750991,0.6420126429750991
139,-0.3803538096311408,-0.3803538096311408
140,-0.3798862742171795,-0.3798862742171795
141,-0.25769639340810513,-0.25769639340810513
142,-0.3197939085159744,-0.3197939085159744
143,0.028232319282870885,0.028232319282870885
144,0.7890589519872541,0.7890589519872541
145,0.00978378105612981,0.00978378105612981
146,2.282638396013999,2.282638396013999
147,-0.3182429242061154,-0.3182429242061154
148,-0.13999282954619818,-0.13999282954619818
149,-0.36785469797917525,-0.36785469797917525
150,-0.4062753248562337,-0.4062753248562337
151,6.660128656764925,6.660128656764925
152,-0.4366777958685214,-0.4366777958685214
153,-0.40623137692847333,-0.40623137692847333
154,1.807304425362028,1.807304425362028
155,0.10495418824103725,0.10495418824103725
156,1.6199482080104604,1.6199482080104604
157,-0.4061050266361626,-0.4061050266361626
158,-0.3676656943011909,-0.3676656943011909
159,-0.43641798376914254,-0.43641798376914254
160,-0.460921703385603,-0.460921703385603
161,-0.24828248912316472,-0.24828248912316472
162,-0.24827235938397724,-0.24827235938397724
163,-0.24824534674614382,-0.24824534674614382
164,-0.24824197016641464,-0.24824197016641464
165,-0.3130529268479168,-0.3130529268479168
166,0.28227991584116113,0.28227991584116113
167,-0.2636078869922413,-0.2636078869922413
168,-0.3622094565446424,-0.3622094565446424
169,-0.39988639485807986,-0.39988639485807986
170,-0.4271237963959073,-0.4271237963959073
171,-0.42710017711414583,-0.42710017711414583
172,-0.35975240873084585,-0.35975240873084585
173,2.898568094806197,2.898568094806197
174,-0.39725501268343166,-0.39725501268343166
175,-0.35954350992886325,-0.35954350992886325
176,-0.4508590500831897,-0.4508590500831897
177,-0.21090059680420248,-0.21090059680420248
178,0.1933346047620256,0.1933346047620256
179,-0.14835592381296323,-0.14835592381296323
180,-0.3308183565467172,-0.3308183565467172
181,-0.3828108574449374,-0.3828108574449374
182,-0.32165834394304976,-0.32165834394304976
183,-0.33050901895583124,-0.33050901895583124
184,-0.003942899567606403,-0.003942899567606403
185,-0.28241362394593916,-0.28241362394593916
186,-0.2596716925496726,-0.2596716925496726
187,-0.2594319553889011,-0.2594319553889011
188,-0.3820996067619962,-0.3820996067619962
189,-0.33000634537064155,-0.33000634537064155
190,-0.32870025332023406,-0.32870025332023406
191,-0.3803637571931399,-0.3803637571931399
192,-0.36906338882061485,-0.36906338882061485
193,-0.32048991809546784,-0.32048991809546784
194,-0.31930412399707137,-0.31930412399707137
195,-0.08588784915829252,-0.08588784915829252
196,-0.2503388261782324,-0.2503388261782324
197,-0.31852648366442754,-0.31852648366442754
198,-0.3686455291581097,-0.3686455291581097
199,-0.36862563403411136,-0.36862563403411136
200,1.0242880028021508,1.0242880028021508
201,-0.368546053538118,-0.368546053538118
202,-0.43752218519150277,-0.43752218519150277
203,-0.0733533893159476,-0.0733533893159476
204,-0.3178906230609396,-0.3178906230609396
205,-0.4064236491124247,-0.4064236491124247
206,3.6648434075538225,3.6648434075538225
207,-0.40622038994653326,-0.40622038994653326
208,-0.4366305573049981,-0.4366305573049981
209,-0.43662465248455773,-0.43662465248455773
210,-0.31768439800034887,-0.31768439800034887
211,-0.24959597863781383,-0.24959597863781383
212,0.001740401228261547,0.001740401228261547
213,-0.24956221284052207,-0.24956221284052207
214,-0.24955208310133453,-0.24955208310133453
215,-0.3675910875861971,-0.3675910875861971
216,-0.3175125437831901,-0.3175125437831901
217,-0.436341221103417,-0.436341221103417
218,-0.36744684793720894,-0.36744684793720894
219,-0.24836352703666487,-0.24836352703666487
220,-0.3159959303167628,-0.3159959303167628
221,-0.3159443740516152,-0.3159443740516152
222,-0.3159228922744703,-0.3159228922744703
223,1.5420755344381132,1.5420755344381132
224,-0.31588422507560954,-0.31588422507560954
225,-0.3158584469430357,-0.3158584469430357
226,-0.2482352170069562,-0.2482352170069562
227,0.056838937371532096,0.056838937371532096
228,-0.21514919923673606,-0.21514919923673606
229,0.15051883295850788,0.15051883295850788
230,-0.36252777852861606,-0.36252777852861606
231,-0.3130915940467776,-0.3130915940467776
232,-0.002721592551275182,-0.002721592551275182
233,-0.4541280087505578,-0.4541280087505578
234,-0.2983655337837776,-0.2983655337837776
235,-0.39726599966537174,-0.39726599966537174
236,-0.4710979922848842,-0.4710979922848842
237,-0.3106383750968343,-0.3106383750968343
238,-0.3596131428628573,-0.3596131428628573
239,-0.3106254860305473,-0.3106254860305473
240,-0.26468026487007934,-0.26468026487007934
241,-0.26304602965322615,-0.26304602965322615
242,-0.30302300888789235,-0.30302300888789235
243,-0.08244310682716845,-0.08244310682716845
244,0.07089951012646521,0.07089951012646521
245,0.2699201362591357,0.2699201362591357
246,-0.19192927071504304,-0.19192927071504304
247,0.5256663179241708,0.5256663179241708
248,0.331028752817182,0.331028752817182
249,-0.11332260116398306,-0.11332260116398306
250,-0.3108865621166021,-0.3108865621166021
251,0.4164708030894302,0.4164708030894302
252,-0.3304488699798257,-0.3304488699798257
253,-0.13775509186821466,-0.13775509186821466
254,-0.330238348563806,-0.330238348563806
255,-0.11955005210171164,-0.11955005210171164
256,-0.2020230616652368,-0.2020230616652368
257,-0.3285412881693619,-0.3285412881693619
258,-0.23884612640554664,-0.23884612640554664
259,-0.37962266382420123,-0.37962266382420123
260,-0.37961271626220217,-0.37961271626220217
261,-0.4187675233220994,-0.4187675233220994
262,-0.09970339883171823,-0.09970339883171823
263,-0.01274265305734903,-0.01274265305734903
264,-0.31855655815243034,-0.31855655815243034
265,0.11783646074597791,0.11783646074597791
266,-0.011852542705698115,-0.011852542705698115
267,-0.2502983072214823,-0.2502983072214823
268,-0.3183975930015583,-0.3183975930015583
269,-0.36854107975711836,-0.36854107975711836
270,-0.24982220947966857,-0.24982220947966857
271,-0.4063632207117542,-0.4063632207117542
272,1.0576926470465315,1.0576926470465315
273,0.5369602857954401,0.5369602857954401
274,-0.3177488433317836,-0.3177488433317836
275,-0.2529085778255636,-0.2529085778255636
276,-0.36775522235918345,-0.36775522235918345
277,-0.36774030101618466,-0.36774030101618466
278,-0.3676557467391917,-0.3676557467391917
279,-0.43640617412826166,-0.43640617412826166
280,-0.4363648403851786,-0.4363648403851786
281,-0.4054183402649077,-0.4054183402649077
282,-0.24836690361639405,-0.24836690361639405
283,-0.24833989097856068,-0.24833989097856068
284,-0.2483162549204565,-0.2483162549204565
285,2.063207066166775,2.063207066166775
286,0.06018408744084788,0.06018408744084788
287,-0.24606069966136745,-0.24606069966136745
288,-0.1045459477010377,-0.1045459477010377
289,-0.24597966174786723,-0.24597966174786723
290,-0.43012344517964535,-0.43012344517964535
291,-0.3129412216067635,-0.3129412216067635
292,-0.245878364355992,-0.245878364355992
293,0.01699520673573531,0.01699520673573531
294,-0.35982701544583956,-0.35982701544583956
295,-0.45125831221050183,-0.45125831221050183
296,-0.3971671168279113,-0.3971671168279113
297,-0.11310442803107086,-0.11310442803107086
298,-0.39712316890015065,-0.39712316890015065
299,-0.4509713425564963,-0.4509713425564963
300,0.3806873815715304,0.3806873815715304
301,-0.3826715915769491,-0.3826715915769491
302,1.187001320193019,1.187001320193019
303,0.059908715724753814,0.059908715724753814
304,-0.38250745680396264,-0.38250745680396264
305,0.12708085358593912,0.12708085358593912
306,-0.2595298762010473,-0.2595298762010473
307,-0.2166804151849855,-0.2166804151849855
308,0.3343494746765531,0.3343494746765531
309,-0.2594116959105261,-0.2594116959105261
310,0.5126049860341725,0.5126049860341725
311,-0.42196473506666127,-0.42196473506666127
312,-0.3298430838643406,-0.3298430838643406
313,-0.25834132013637756,-0.25834132013637756
314,-0.32864010434422825,-0.32864010434422825
315,-0.42011342860975875,-0.42011342860975875
316,-0.32802572551788534,-0.32802572551788534
317,-0.25132816403888075,-0.25132816403888075
318,-0.2510310250227133,-0.2510310250227133
319,-0.3191494552016284,-0.3191494552016284
320,2.087213612824067,2.087213612824067
321,-0.4070554005739788,-0.4070554005739788
322,-0.3685112370711209,-0.3685112370711209
323,-0.367929304694169,-0.367929304694169
324,-0.39649349959744373,-0.39649349959744373
325,-0.40629729882011373,-0.40629729882011373
326,-0.36782485529317765,-0.36782485529317765
327,-0.4613334424543937,-0.4613334424543937
328,1.3852161426769052,1.3852161426769052
329,0.6726292790865878,0.6726292790865878
330,4.245327471889351,4.245327471889351
331,3.779962990913506,3.779962990913506
332,-0.4061489745639227,-0.4061489745639227
333,-0.3175426182711928,-0.3175426182711928
334,-0.31750824742776107,-0.31750824742776107
335,-0.24953182362295953,-0.24953182362295953
336,-0.24948117492702185,-0.24948117492702185
337,-0.317379356764892,-0.317379356764892
338,-0.3170743155294348,-0.3170743155294348
339,-0.4054183402649077,-0.4054183402649077
340,-0.3658055002073447,-0.3658055002073447
341,-0.24826898280424806,-0.24826898280424806
342,-0.40042475697314345,-0.40042475697314345
343,-0.31314744666735406,-0.31314744666735406
344,-0.474759168162765,-0.474759168162765
345,0.22256021478472557,0.22256021478472557
346,-0.24601005096542974,-0.24601005096542974
347,-0.31300566693819803,-0.31300566693819803
348,-0.4299758246686347,-0.4299758246686347
349,-0.3128252200101812,-0.3128252200101812
350,2.2435716251677347,2.2435716251677347
351,-0.31082311838028015,-0.31082311838028015
352,-0.2262861913826135,-0.2262861913826135
353,-0.39738136297574267,-0.39738136297574267
354,-0.3597076447018495,-0.3597076447018495
355,-0.35968774957785116,-0.35968774957785116
356,-0.42698798552577755,-0.42698798552577755
357,-0.359568378833861,-0.359568378833861
358,-0.35944403430887123,-0.35944403430887123
359,-0.3304703517569705,-0.3304703517569705
360,-0.2595197464618597,-0.2595197464618597
361,-0.2594420851280887,-0.2594420851280887
362,0.02579354121128798,0.02579354121128798
363,1.2366076660597796,1.2366076660597796
364,-0.45360101125079094,-0.45360101125079094
365,-0.25936780037404694,-0.25936780037404694
366,-0.10322618977720682,-0.10322618977720682
367,-0.38037370475513915,-0.38037370475513915
368,-0.3799111431221775,-0.3799111431221775
369,3.4391022695018196,3.4391022695018196
370,0.3278914827265654,0.3278914827265654
371,-0.3194373110153696,-0.3194373110153696
372,-0.2020352518724262,-0.2020352518724262
373,-0.2787383018944788,-0.2787383018944788
374,1.02634009562637,1.02634009562637
375,-0.4072586597398705,-0.4072586597398705
376,-0.25031856669985736,-0.25031856669985736
377,-0.25028817748229476,-0.25028817748229476
378,1.4213588831917112,1.4213588831917112
379,-0.19522405292303024,-0.19522405292303024
380,-0.24985935185668956,-0.24985935185668956
381,-0.3178691412837948,-0.3178691412837948
382,1.6379512765625617,1.6379512765625617
383,0.847201997513229,0.847201997513229
384,-0.4367014151502833,-0.4367014151502833
385,-0.48178185071855767,-0.48178185071855767
386,-0.46134591939587205,-0.46134591939587205
387,-0.4366659862276406,-0.4366659862276406
388,-0.406187429000713,-0.406187429000713
389,-0.36760103514819625,-0.36760103514819625
390,-0.40595670237997145,-0.40595670237997145
391,-0.4058523260515408,-0.4058523260515408
392,-0.43615226684932323,-0.43615226684932323
393,-0.19487523637316076,-0.19487523637316076
394,-0.2483567738772066,-0.2483567738772066
395,-0.2483567738772066,-0.2483567738772066
396,2.2417749280946055,2.2417749280946055
397,-0.24829937202181054,-0.24829937202181054
398,-0.2482959954420814,-0.2482959954420814
399,-0.24821833410831037,-0.24821833410831037
400,-0.45834521497029224,-0.45834521497029224
401,-0.31469843097721306,-0.31469843097721306
402,-0.31468124555549715,-0.31468124555549715
403,-0.24615186731405517,-0.24615186731405517
404,4.97067771802688,4.97067771802688
405,8.025894574762647,8.025894574762647
406,-0.313014259649056,-0.313014259649056
407,1.542722264803181,1.542722264803181
408,-0.3129627033839083,-0.3129627033839083
409,-0.41098230887178044,-0.41098230887178044
410,-0.3127736637450335,-0.3127736637450335
411,0.03180002215250374,0.03180002215250374
412,-0.24422384028869618,-0.24422384028869618
413,-0.3597474349498462,-0.3597474349498462
414,-0.3972055712647014,-0.3972055712647014
415,-0.3106297823859764,-0.3106297823859764
416,-0.3971121819182108,-0.3971121819182108
417,-0.31053526256653896,-0.31053526256653896
418,-0.3412369852764735,-0.3412369852764735
419,-0.2599148062901732,-0.2599148062901732
420,1.5978342772226137,1.5978342772226137
421,0.0720351368428541,0.0720351368428541
422,-0.3109886998103682,-0.3109886998103682
423,-0.33050472260040237,-0.33050472260040237
424,-0.25974597730371446,-0.25974597730371446
425,-0.2597257178253394,-0.2597257178253394
426,-0.20379342732837671,-0.20379342732837671
427,-0.25962779701319333,-0.25962779701319333
428,-0.2595332527807764,-0.2595332527807764
429,0.4513625793773814,0.4513625793773814
430,-0.21800369577111195,-0.21800369577111195
431,-0.259408319330797,-0.259408319330797
432,0.8743994387225187,0.8743994387225187
433,1.1203286221919377,1.1203286221919377
434,2.569120364395621,2.569120364395621
435,-0.328536991813933,-0.328536991813933
436,-0.37974700834919106,-0.37974700834919106
437,-0.3797370607871919,-0.3797370607871919
438,-0.4191740416538821,-0.4191740416538821
439,-0.3056249815369583,-0.3056249815369583
440,0.015651302590320174,0.015651302590320174
441,1.3195297605745215,1.3195297605745215
442,0.5440539861000981,0.5440539861000981
443,-0.25035570907687826,-0.25035570907687826
444,-0.0017989972328566722,-0.0017989972328566722
445,-0.22414332971083592,-0.22414332971083592
446,0.14471261277493236,0.14471261277493236
447,0.5605349053694835,0.5605349053694835
448,-0.2502273990471695,-0.2502273990471695
449,-0.36803872787616,-0.36803872787616
450,-0.31791210483808446,-0.31791210483808446
451,8.567685742756945,8.567685742756945
452,-0.4062368704194434,-0.4062368704194434
453,-0.31765861986777516,-0.31765861986777516
454,2.174368209429748,2.174368209429748
455,-0.40608854616325224,-0.40608854616325224
456,-0.4060006503077317,-0.4060006503077317
457,-0.36755627111919986,-0.36755627111919986
458,-0.3174480984517554,-0.3174480984517554
459,-0.3174137276083237,-0.3174137276083237
460,-0.2482318404272271,-0.2482318404272271
461,-0.3643382348124663,-0.3643382348124663
462,-0.31318181751078605,-0.31318181751078605
463,-0.36251783096661694,-0.36251783096661694
464,0.3593268176683286,0.3593268176683286
465,-0.036532288576623,-0.036532288576623
466,-0.3128123309438944,-0.3128123309438944
467,-0.4541155318090791,-0.4541155318090791
468,-0.029416402361384358,-0.029416402361384358
469,-0.3604835545377853,-0.3604835545377853
470,-0.3973319215570124,-0.3973319215570124
471,-0.4270056999870988,-0.4270056999870988
472,0.14753631619714042,0.14753631619714042
473,-0.39718909079179127,-0.39718909079179127
474,-0.42689350839873086,-0.42689350839873086
475,-0.31056104069911283,-0.31056104069911283
476,1.5915892323746692,1.5915892323746692
477,-0.1079235375835557,-0.1079235375835557
478,0.04117546603404877,0.04117546603404877
479,-0.19775037636625659,-0.19775037636625659
480,-0.09249167011302128,-0.09249167011302128
481,-0.35076020700489663,-0.35076020700489663
482,-0.38257708973795673,-0.38257708973795673
483,-0.3304359809135388,-0.3304359809135388
484,-0.38253729948996007,-0.38253729948996007
485,0.06489404584111509,0.06489404584111509
486,-0.25951636988213056,-0.25951636988213056
487,-0.27570913432015454,-0.27570913432015454
488,-0.42200868299442157,-0.42200868299442157
489,-0.33002782714778645,-0.33002782714778645
490,-0.26700196908545626,-0.26700196908545626
491,-0.25820963352693976,-0.25820963352693976
492,-0.2580543108593977,-0.2580543108593977
493,-0.25804755769993937,-0.25804755769993937
494,-0.4508139360029083,-0.4508139360029083
495,-0.32036532378802773,-0.32036532378802773
496,-0.13676334368224524,-0.13676334368224524
497,-0.2048730334938929,-0.2048730334938929
498,-0.25042999383092013,-0.25042999383092013
499,2.1020136697157508,2.1020136697157508
500,0.08207169581950005,0.08207169581950005
501,0.5642958374393008,0.5642958374393008
502,-0.3185178909535696,-0.3185178909535696
503,0.35022658440428556,0.35022658440428556
504,-0.026579587502208773,-0.026579587502208773
505,-0.25016999719177363,-0.25016999719177363
506,5.3310566684481415,5.3310566684481415
507,-0.4368903694043769,-0.4368903694043769
508,6.147071598402262,6.147071598402262
509,-0.3679840162851646,-0.3679840162851646
510,-0.4062368704194434,-0.4062368704194434
511,-0.4366187476641172,-0.4366187476641172
512,-0.4060830526722821,-0.4060830526722821
513,-0.3675861138051975,-0.3675861138051975
514,-0.31752113649404806,-0.31752113649404806
515,-0.3174695802289004,-0.3174695802289004
516,-0.24942039649189673,-0.24942039649189673
517,-0.3658552380173407,-0.3658552380173407
518,-0.24833651439883145,-0.24833651439883145
519,-0.24833313781910235,-0.24833313781910235
520,-0.2482622296447896,-0.2482622296447896
521,-0.24787392297593447,-0.24787392297593447
522,-0.31468983826635516,-0.31468983826635516
523,-0.4004412374460537,-0.4004412374460537
524,-0.36251783096661694,-0.36251783096661694
525,0.6813337757494855,0.6813337757494855
526,-0.3129927778719112,-0.3129927778719112
527,-0.2459560256897631,-0.2459560256897631
528,-0.24578382012357503,-0.24578382012357503
529,-0.4512770276227198,-0.4512770276227198
530,-0.3597275398258479,-0.3597275398258479
531,-0.3597126184828491,-0.3597126184828491
532,-0.4269407469622541,-0.4269407469622541
533,-0.3596031953008581,-0.3596031953008581
534,-0.42680493609212405,-0.42680493609212405
535,0.03294959928857112,0.03294959928857112
536,0.5494365676661949,0.5494365676661949
537,0.7588772027042651,0.7588772027042651
538,-0.14376036232725892,-0.14376036232725892
539,-0.3783880828859045,-0.3783880828859045
540,-0.291934265606756,-0.291934265606756
541,-0.4225250711456053,-0.4225250711456053
542,0.5982887260399361,0.5982887260399361
543,-0.33038012829296204,-0.33038012829296204
544,-0.33033716473867236,-0.33033716473867236
545,0.5361591629390965,0.5361591629390965
546,-0.33016960687694247,-0.33016960687694247
547,0.33036660661233236,0.33036660661233236
548,-0.3821990823819881,-0.3821990823819881
549,-0.33013953238893967,-0.33013953238893967
550,0.4479979988503283,0.4479979988503283
551,-0.3300407162140734,-0.3300407162140734
552,-0.2580610640188561,-0.2580610640188561
553,-0.419580559985665,-0.419580559985665
554,-0.25168608149017335,-0.25168608149017335
555,-0.40891220052185173,-0.40891220052185173
556,0.3729622069000089,0.3729622069000089
557,-0.3185823362850041,-0.3185823362850041
558,-0.3184534456221349,-0.3184534456221349
559,-0.3686554767201089,-0.3686554767201089
560,-0.2502442819458155,-0.2502442819458155
561,-0.13912707310984057,-0.13912707310984057
562,-0.2501058421769193,-0.2501058421769193
563,-0.3680635967811581,-0.3680635967811581
564,-0.2497310418269808,-0.2497310418269808
565,-0.26661375355626465,-0.26661375355626465
566,-0.4613708732788293,-0.4613708732788293
567,-0.3677950126071803,-0.3677950126071803
568,-0.14464834215227426,-0.14464834215227426
569,-0.24966351023239738,-0.24966351023239738
570,7.53998204091804,7.53998204091804
571,-0.40604459823549205,-0.40604459823549205
572,-0.3676060089291958,-0.3676060089291958
573,-0.24952507046350117,-0.24952507046350117
574,-0.3675512973382003,-0.3675512973382003
575,-0.36754134977620107,-0.36754134977620107
576,-0.365815447769344,-0.365815447769344
577,-0.4039186172300875,-0.4039186172300875
578,-0.3656712081203559,-0.3656712081203559
579,-0.24732354048007896,-0.24732354048007896
580,-0.246148490734326,-0.246148490734326
581,-0.4304423054834285,-0.4304423054834285
582,-0.24611134835730503,-0.24611134835730503
583,-0.3624979358426187,-0.3624979358426187
584,-0.4747656827105904,-0.4747656827105904
585,-0.4546395633511762,-0.4546395633511762
586,-0.31304863049248777,-0.31304863049248777
587,-0.3129927778719112,-0.3129927778719112
588,1.7667144649954438,1.7667144649954438
589,0.2514351779893289,0.2514351779893289
590,-0.31282951636561024,-0.31282951636561024
591,-0.3972385322105216,-0.3972385322105216
592,-0.35962309042485646,-0.35962309042485646
593,-0.3970682339904504,-0.3970682339904504
594,-0.2541127276362949,-0.2541127276362949
