,y_test,y_pred
0,1.892136828781182,1.892136828781182
1,0.9020164483103195,0.9020164483103195
2,0.24193619466307795,0.24193619466307795
3,-0.6656741541018791,-0.6656741541018791
4,4.945008001899674,4.945008001899674
5,-0.41814405898416357,-0.41814405898416357
6,-0.5006540906900688,-0.5006540906900688
7,-0.9957142809255,-0.9957142809255
8,-0.7481841858077843,-0.7481841858077843
9,1.8096267970752766,1.8096267970752766
10,-0.08810393216054282,-0.08810393216054282
11,-0.3356340272782584,-0.3356340272782584
12,2.0571568921929924,2.0571568921929924
13,3.0472772726638544,3.0472772726638544
14,1.2320565751339403,1.2320565751339403
15,0.48946628978079354,0.48946628978079354
16,0.40695625807488833,0.40695625807488833
17,-0.9132042492195948,-0.9132042492195948
18,0.9845264800162247,0.9845264800162247
19,-0.3356340272782584,-0.3356340272782584
20,-0.170613963866448,-0.170613963866448
21,-0.5006540906900688,-0.5006540906900688
22,3.2948073677815697,3.2948073677815697
23,-0.9957142809255,-0.9957142809255
24,0.07691613125126757,0.07691613125126757
25,-0.9957142809255,-0.9957142809255
26,0.48946628978079354,0.48946628978079354
27,-0.41814405898416357,-0.41814405898416357
28,-0.583164122395974,-0.583164122395974
29,0.5719763214866987,0.5719763214866987
30,0.9845264800162247,0.9845264800162247
31,-0.6656741541018791,-0.6656741541018791
32,1.0670365117221299,1.0670365117221299
33,-1.078224312631405,-1.078224312631405
34,-0.41814405898416357,-0.41814405898416357
35,2.3046869873107076,2.3046869873107076
36,0.48946628978079354,0.48946628978079354
37,0.7369963848985092,0.7369963848985092
38,-0.8306942175136895,-0.8306942175136895
39,-0.8306942175136895,-0.8306942175136895
40,0.07691613125126757,0.07691613125126757
41,-0.005593900454637625,-0.005593900454637625
42,-0.005593900454637625,-0.005593900454637625
43,-0.583164122395974,-0.583164122395974
44,-0.2531239955723532,-0.2531239955723532
45,-0.005593900454637625,-0.005593900454637625
46,0.8195064166044144,0.8195064166044144
47,0.654486353192604,0.654486353192604
48,0.24193619466307795,0.24193619466307795
49,-0.7481841858077843,-0.7481841858077843
50,1.892136828781182,1.892136828781182
51,0.654486353192604,0.654486353192604
52,-1.3257544077491208,-1.3257544077491208
53,-0.583164122395974,-0.583164122395974
54,0.8195064166044144,0.8195064166044144
55,1.892136828781182,1.892136828781182
56,-0.5006540906900688,-0.5006540906900688
57,-0.3356340272782584,-0.3356340272782584
58,1.3145666068398454,1.3145666068398454
59,-0.08810393216054282,-0.08810393216054282
60,-0.6656741541018791,-0.6656741541018791
61,-0.170613963866448,-0.170613963866448
62,-0.9132042492195948,-0.9132042492195948
63,-0.8306942175136895,-0.8306942175136895
64,1.3145666068398454,1.3145666068398454
65,1.5620967019575611,1.5620967019575611
66,-0.6656741541018791,-0.6656741541018791
67,-0.9132042492195948,-0.9132042492195948
68,-0.9132042492195948,-0.9132042492195948
69,-0.583164122395974,-0.583164122395974
70,-0.5006540906900688,-0.5006540906900688
71,-0.41814405898416357,-0.41814405898416357
72,-0.3356340272782584,-0.3356340272782584
73,-0.170613963866448,-0.170613963866448
74,-0.9957142809255,-0.9957142809255
75,-1.078224312631405,-1.078224312631405
76,-0.41814405898416357,-0.41814405898416357
77,-0.5006540906900688,-0.5006540906900688
78,-0.6656741541018791,-0.6656741541018791
79,1.2320565751339403,1.2320565751339403
80,-0.2531239955723532,-0.2531239955723532
81,-1.1607343443373104,-1.1607343443373104
82,-0.7481841858077843,-0.7481841858077843
83,1.1495465434280352,1.1495465434280352
84,-0.7481841858077843,-0.7481841858077843
85,0.48946628978079354,0.48946628978079354
86,0.5719763214866987,0.5719763214866987
87,0.40695625807488833,0.40695625807488833
88,-0.583164122395974,-0.583164122395974
89,1.3145666068398454,1.3145666068398454
90,0.40695625807488833,0.40695625807488833
91,-0.8306942175136895,-0.8306942175136895
92,-0.41814405898416357,-0.41814405898416357
93,-0.6656741541018791,-0.6656741541018791
94,-0.9132042492195948,-0.9132042492195948
95,-0.9132042492195948,-0.9132042492195948
96,-0.7481841858077843,-0.7481841858077843
97,-0.5006540906900688,-0.5006540906900688
98,0.654486353192604,0.654486353192604
99,-0.41814405898416357,-0.41814405898416357
100,-0.583164122395974,-0.583164122395974
101,-0.5006540906900688,-0.5006540906900688
102,2.1396669238988975,2.1396669238988975
103,-0.9957142809255,-0.9957142809255
104,2.0571568921929924,2.0571568921929924
105,-0.9132042492195948,-0.9132042492195948
106,-0.5006540906900688,-0.5006540906900688
107,-0.9957142809255,-0.9957142809255
108,1.0670365117221299,1.0670365117221299
109,-0.6656741541018791,-0.6656741541018791
110,1.5620967019575611,1.5620967019575611
111,-0.08810393216054282,-0.08810393216054282
112,-0.9132042492195948,-0.9132042492195948
113,-1.078224312631405,-1.078224312631405
114,0.24193619466307795,0.24193619466307795
115,-1.1607343443373104,-1.1607343443373104
116,-0.583164122395974,-0.583164122395974
117,-0.7481841858077843,-0.7481841858077843
118,-0.9132042492195948,-0.9132042492195948
119,-0.170613963866448,-0.170613963866448
120,-0.8306942175136895,-0.8306942175136895
121,-0.2531239955723532,-0.2531239955723532
122,-0.583164122395974,-0.583164122395974
123,-0.7481841858077843,-0.7481841858077843
124,-0.583164122395974,-0.583164122395974
125,1.0670365117221299,1.0670365117221299
126,1.7271167653693715,1.7271167653693715
127,-1.078224312631405,-1.078224312631405
128,-0.08810393216054282,-0.08810393216054282
129,-0.7481841858077843,-0.7481841858077843
130,-0.170613963866448,-0.170613963866448
131,-0.5006540906900688,-0.5006540906900688
132,-0.41814405898416357,-0.41814405898416357
133,0.5719763214866987,0.5719763214866987
134,1.3970766385457507,1.3970766385457507
135,-0.8306942175136895,-0.8306942175136895
136,0.9845264800162247,0.9845264800162247
137,-0.583164122395974,-0.583164122395974
138,-0.9957142809255,-0.9957142809255
139,-0.3356340272782584,-0.3356340272782584
140,1.0670365117221299,1.0670365117221299
141,0.9020164483103195,0.9020164483103195
142,-0.6656741541018791,-0.6656741541018791
143,-0.08810393216054282,-0.08810393216054282
144,-0.3356340272782584,-0.3356340272782584
145,-0.6656741541018791,-0.6656741541018791
146,-0.9132042492195948,-0.9132042492195948
147,-0.8306942175136895,-0.8306942175136895
148,-0.2531239955723532,-0.2531239955723532
149,-0.8306942175136895,-0.8306942175136895
150,-0.7481841858077843,-0.7481841858077843
151,-0.005593900454637625,-0.005593900454637625
152,-1.1607343443373104,-1.1607343443373104
153,-0.583164122395974,-0.583164122395974
154,1.892136828781182,1.892136828781182
155,0.07691613125126757,0.07691613125126757
156,1.2320565751339403,1.2320565751339403
157,0.15942616295717277,0.15942616295717277
158,-0.08810393216054282,-0.08810393216054282
159,1.2320565751339403,1.2320565751339403
160,-0.583164122395974,-0.583164122395974
161,-0.9132042492195948,-0.9132042492195948
162,-0.7481841858077843,-0.7481841858077843
163,-0.41814405898416357,-0.41814405898416357
164,0.654486353192604,0.654486353192604
165,1.0670365117221299,1.0670365117221299
166,-0.170613963866448,-0.170613963866448
167,-0.08810393216054282,-0.08810393216054282
168,-0.8306942175136895,-0.8306942175136895
169,-0.8306942175136895,-0.8306942175136895
170,-0.8306942175136895,-0.8306942175136895
171,1.4795866702516558,1.4795866702516558
172,1.3970766385457507,1.3970766385457507
173,-0.41814405898416357,-0.41814405898416357
174,0.40695625807488833,0.40695625807488833
175,-0.3356340272782584,-0.3356340272782584
176,-0.41814405898416357,-0.41814405898416357
