,y_test,y_pred
0,-0.17992791349225226,-0.17992791349225226
1,-0.1283617598232637,-0.1283617598232637
2,0.03922823960094839,0.03922823960094839
3,1.2252497739876793,1.2252497739876793
4,-0.2830602208302285,-0.2830602208302285
5,0.06501131643544245,0.06501131643544245
6,-0.669806373347641,-0.669806373347641
7,-0.5408909891751703,-0.5408909891751703
8,-0.682697911764888,-0.682697911764888
9,1.560429772836103,1.560429772836103
10,0.5291066994563369,0.5291066994563369
11,-0.15414483665775774,-0.15414483665775774
12,0.16814362377341915,0.16814362377341915
13,-0.5795656044269114,-0.5795656044269114
14,-0.5795656044269114,-0.5795656044269114
15,-0.3733009897509582,-0.3733009897509582
16,-0.16703637507500502,-0.16703637507500502
17,-0.24438560557848765,-0.24438560557848765
18,-0.6182402196786527,-0.6182402196786527
19,-0.1154702214060169,-0.1154702214060169
20,0.38729977686661937,0.38729977686661937
21,-0.8889625264408413,-0.8889625264408413
22,-1.017877910613312,-1.017877910613312
23,0.7611543909667844,0.7611543909667844
24,-0.7342640654338765,-0.7342640654338765
25,-0.3733009897509582,-0.3733009897509582
26,-0.1154702214060169,-0.1154702214060169
27,-1.017877910613312,-1.017877910613312
28,-0.36040945133371116,-0.36040945133371116
29,-0.21860252874399314,-0.21860252874399314
30,0.09079439326993652,0.09079439326993652
31,-0.2959517592474758,-0.2959517592474758
32,-0.36040945133371116,-0.36040945133371116
33,-0.3475179129164641,-0.3475179129164641
34,0.7482628525495376,0.7482628525495376
35,-1.2886002173755007,-1.2886002173755007
36,1.367056696577397,1.367056696577397
37,-0.6053486812614056,-0.6053486812614056
38,-0.1154702214060169,-0.1154702214060169
39,-0.4506502202544406,-0.4506502202544406
40,5.8919866810311206,5.8919866810311206
41,0.21970977744240727,0.21970977744240727
42,0.013445162766453871,0.013445162766453871
43,-0.01233791406804019,-0.01233791406804019
44,0.21970977744240727,0.21970977744240727
45,1.676453618591327,1.676453618591327
46,5.5181320669309555,5.5181320669309555
47,0.5162151610390902,0.5162151610390902
48,-0.5279994507579232,-0.5279994507579232
49,0.4775405457873488,0.4775405457873488
50,-0.1154702214060169,-0.1154702214060169
51,-0.2830602208302285,-0.2830602208302285
52,2.540186692546881,2.540186692546881
53,0.49043208420459605,0.49043208420459605
54,-0.9147456032753355,-0.9147456032753355
55,-0.2314940671612404,-0.2314940671612404
56,-0.36040945133371116,-0.36040945133371116
57,-0.7729386806856176,-0.7729386806856176
58,-0.14125329824051094,-0.14125329824051094
59,-0.03812099090253425,-0.03812099090253425
60,-0.3475179129164641,-0.3475179129164641
61,1.367056696577397,1.367056696577397
62,0.20681823902516003,0.20681823902516003
63,2.6433189998848574,2.6433189998848574
64,-0.2701686824129817,-0.2701686824129817
65,-1.185467910037524,-1.185467910037524
66,-0.46354175867168784,-0.46354175867168784
67,-0.32173483608196984,-0.32173483608196984
68,0.3357336231976308,0.3357336231976308
69,-0.06390406773702831,-0.06390406773702831
70,1.04476823614622,1.04476823614622
71,-1.2241425252892653,-1.2241425252892653
72,-0.7471556038511235,-0.7471556038511235
73,-1.017877910613312,-1.017877910613312
74,-0.7600471422683704,-0.7600471422683704
75,-0.8502879111891002,-0.8502879111891002
76,-0.2314940671612404,-0.2314940671612404
77,1.212358235570432,1.212358235570432
78,-0.01233791406804019,-0.01233791406804019
79,-0.5795656044269114,-0.5795656044269114
80,0.0005536243492070696,0.0005536243492070696
81,-0.3861925281682052,-0.3861925281682052
82,0.4259743921183607,0.4259743921183607
83,-0.6053486812614056,-0.6053486812614056
84,-0.5279994507579232,-0.5279994507579232
85,-0.9276371416925826,-0.9276371416925826
86,-0.502216373923429,-0.502216373923429
87,-0.7729386806856176,-0.7729386806856176
88,0.30995054636313674,0.30995054636313674
89,0.2712759311113954,0.2712759311113954
90,-0.4248671434199465,-0.4248671434199465
91,0.9029613135565024,0.9029613135565024
92,-0.5537825275924173,-0.5537825275924173
93,0.18103516219066595,0.18103516219066595
94,-0.6053486812614056,-0.6053486812614056
95,0.7998290062185257,0.7998290062185257
96,-0.8760709880235942,-0.8760709880235942
97,-0.682697911764888,-0.682697911764888
98,0.6580220836288077,0.6580220836288077
99,2.5272951541296336,2.5272951541296336
100,1.1994666971531853,1.1994666971531853
101,1.934284386936268,1.934284386936268
102,0.34862516161487805,0.34862516161487805
103,-0.5924571428441586,-0.5924571428441586
104,-0.9920948337788179,-0.9920948337788179
105,-0.06390406773702831,-0.06390406773702831
106,-0.6955894501821351,-0.6955894501821351
107,-0.5666740660096643,-0.5666740660096643
108,-0.48932483550618194,-0.48932483550618194
109,-0.8116132959373589,-0.8116132959373589
110,3.236329767078223,3.236329767078223
111,-0.36040945133371116,-0.36040945133371116
112,-0.8116132959373589,-0.8116132959373589
113,-0.41197560500269953,-0.41197560500269953
114,-0.3088432976647228,-0.3088432976647228
115,1.560429772836103,1.560429772836103
116,-0.4377586818371936,-0.4377586818371936
117,0.43886593053560746,0.43886593053560746
118,-0.7471556038511235,-0.7471556038511235
119,0.7869374678012785,0.7869374678012785
120,-0.5924571428441586,-0.5924571428441586
121,-0.4377586818371936,-0.4377586818371936
122,0.4259743921183607,0.4259743921183607
123,-0.2572771439957345,-0.2572771439957345
124,-0.3475179129164641,-0.3475179129164641
125,0.09079439326993652,0.09079439326993652
126,-0.24438560557848765,-0.24438560557848765
127,-0.4248671434199465,-0.4248671434199465
128,-0.15414483665775774,-0.15414483665775774
129,0.20681823902516003,0.20681823902516003
130,-0.7729386806856176,-0.7729386806856176
131,-0.8245048343546059,-0.8245048343546059
132,-0.8631794496063472,-0.8631794496063472
133,-0.1283617598232637,-0.1283617598232637
134,0.4259743921183607,0.4259743921183607
135,-0.2314940671612404,-0.2314940671612404
136,-0.9147456032753355,-0.9147456032753355
137,-0.48932483550618194,-0.48932483550618194
138,-0.9920948337788179,-0.9920948337788179
139,0.9932020824772319,0.9932020824772319
140,-0.16703637507500502,-0.16703637507500502
141,-0.6053486812614056,-0.6053486812614056
142,-0.02522945248528699,-0.02522945248528699
143,-0.24438560557848765,-0.24438560557848765
144,0.30995054636313674,0.30995054636313674
145,0.3744082384493721,0.3744082384493721
146,-0.16703637507500502,-0.16703637507500502
147,-0.4248671434199465,-0.4248671434199465
148,0.21970977744240727,0.21970977744240727
149,-0.41197560500269953,-0.41197560500269953
150,0.16814362377341915,0.16814362377341915
151,-0.9792032953615709,-0.9792032953615709
152,-0.7987217575201118,-0.7987217575201118
153,1.88271823326728,1.88271823326728
154,-0.24438560557848765,-0.24438560557848765
155,-0.2959517592474758,-0.2959517592474758
156,0.28416746952864264,0.28416746952864264
157,0.5419982378735841,0.5419982378735841
158,-0.36040945133371116,-0.36040945133371116
159,-0.3346263744992171,-0.3346263744992171
160,-0.14125329824051094,-0.14125329824051094
161,-0.3861925281682052,-0.3861925281682052
162,-0.4248671434199465,-0.4248671434199465
