,y_test,y_pred
0,-0.5911842141378982,-0.5911842141378982
1,-0.2271015313851373,-0.2271015313851373
2,2.1180427904488175,2.1180427904488175
3,1.881207477786366,1.881207477786366
4,-0.17085126639177747,-0.17085126639177747
5,-0.5436099900367236,-0.5436099900367236
6,2.0312214851769457,2.0312214851769457
7,-0.9712679640616986,-0.9712679640616986
8,-0.1745481582242718,-0.1745481582242718
9,-1.0969534863502537,-1.0969534863502537
10,-0.38558398949626793,-0.38558398949626793
11,0.14660000557515157,0.14660000557515157
12,-1.3959133201094291,-1.3959133201094291
13,-0.5301944884345409,-0.5301944884345409
14,-0.4313259542704782,-0.4313259542704782
15,-0.20235704093831786,-0.20235704093831786
16,-0.7351196182702681,-0.7351196182702681
17,-0.1970643351117653,-0.1970643351117653
18,-0.8227044518461013,-0.8227044518461013
19,2.03040052155095,2.03040052155095
20,-0.7991993483853345,-0.7991993483853345
21,-0.27973553399725476,-0.27973553399725476
22,-0.1502536393145526,-0.1502536393145526
23,-0.5347233909566241,-0.5347233909566241
24,-0.3924415111408539,-0.3924415111408539
25,-0.2687111978706427,-0.2687111978706427
26,-0.49815893790117227,-0.49815893790117227
27,-0.34966660108697384,-0.34966660108697384
28,-0.1646497134421867,-0.1646497134421867
29,-0.8717183990591736,-0.8717183990591736
30,-0.7729895226821354,-0.7729895226821354
31,-0.5565811811338578,-0.5565811811338578
32,-1.126227429320172,-1.126227429320172
33,-1.1638093891096604,-1.1638093891096604
34,1.0614721672496283,1.0614721672496283
35,1.2162148632871201,1.2162148632871201
36,-1.7553875708908862,-1.7553875708908862
37,-1.167289511721173,-1.167289511721173
38,0.7938614099409022,0.7938614099409022
39,-0.6661378505294674,-0.6661378505294674
40,-0.27012503383754943,-0.27012503383754943
41,0.03934958617435003,0.03934958617435003
42,0.04362478526686693,0.04362478526686693
43,-0.8547367593626823,-0.8547367593626823
44,-0.3844777742636651,-0.3844777742636651
45,-0.3411442330616861,-0.3411442330616861
46,0.0974154023990294,0.0974154023990294
47,-0.5197740717124341,-0.5197740717124341
48,-0.712038874202118,-0.712038874202118
49,-0.24073407720880946,-0.24073407720880946
50,-0.25989846720771226,-0.25989846720771226
51,0.03714605975798255,0.03714605975798255
52,-0.8492135442357825,-0.8492135442357825
53,-0.4546172565265426,-0.4546172565265426
54,-1.2931287068766268,-1.2931287068766268
55,0.49313433843600873,0.49313433843600873
56,-0.5114833129895254,-0.5114833129895254
57,-0.616741864163906,-0.616741864163906
58,-1.130733412713544,-1.130733412713544
59,-0.25815139836201906,-0.25815139836201906
60,-1.2548826993448294,-1.2548826993448294
61,2.1993397805917576,2.1993397805917576
62,2.7130121113424805,2.7130121113424805
63,1.8893755618184027,1.8893755618184027
64,2.0683815035890802,2.0683815035890802
65,-0.27811949389025625,-0.27811949389025625
66,1.69617305704441,1.69617305704441
67,-0.8438496630078314,-0.8438496630078314
68,2.133384645908073,2.133384645908073
69,-0.2275666180041425,-0.2275666180041425
70,1.1273561265319128,1.1273561265319128
71,-0.6253151814776515,-0.6253151814776515
72,-0.4275581620370934,-0.4275581620370934
73,-0.31614900720157996,-0.31614900720157996
74,-0.009365644353256474,-0.009365644353256474
75,-0.2571654398050248,-0.2571654398050248
76,-0.32542061345044826,-0.32542061345044826
77,-0.8269114435534999,-0.8269114435534999
78,-0.9879444010391496,-0.9879444010391496
79,2.0576049348594747,2.0576049348594747
80,1.1227387905117698,1.1227387905117698
81,0.026979346465441346,0.026979346465441346
82,-0.09660212996839897,-0.09660212996839897
83,-0.6726184440525987,-0.6726184440525987
84,-1.3921735580357906,-1.3921735580357906
85,-0.5875674017556402,-0.5875674017556402
86,-0.4452057174901415,-0.4452057174901415
87,-0.9903638716749746,-0.9903638716749746
88,-0.6386622006942079,-0.6386622006942079
89,-0.7958987857857107,-0.7958987857857107
90,1.2122648180260742,1.2122648180260742
91,2.289073673278205,2.289073673278205
92,1.4208466624689233,1.4208466624689233
93,1.1914843879201742,1.1914843879201742
94,-0.2576127183263527,-0.2576127183263527
95,0.23756789921610902,0.23756789921610902
96,-0.660115307590749,-0.660115307590749
97,-0.38799241306849913,-0.38799241306849913
98,-0.25932851399551227,-0.25932851399551227
99,1.9442521680702276,1.9442521680702276
100,0.08598313997493678,0.08598313997493678
101,2.159283882860691,2.159283882860691
102,-0.03231480968169633,-0.03231480968169633
103,-0.329818212233329,-0.329818212233329
104,-0.6707349604366685,-0.6707349604366685
105,-1.253859531578742,-1.253859531578742
106,2.020499108752586,2.020499108752586
107,-0.18415327235243495,-0.18415327235243495
108,-0.38855967326492774,-0.38855967326492774
109,-0.33905557728938446,-0.33905557728938446
110,0.2428120737694679,0.2428120737694679
111,1.6417067951053286,1.6417067951053286
112,-0.9712253688210627,-0.9712253688210627
113,-0.04330787263177475,-0.04330787263177475
114,1.6647330718677245,1.6647330718677245
115,1.779550898912845,1.779550898912845
116,2.051873304559416,2.051873304559416
117,-0.40599694553056936,-0.40599694553056936
118,2.200166130249294,2.200166130249294
119,1.0671838464372536,1.0671838464372536
120,-0.33808094079649137,-0.33808094079649137
121,-0.49907399605727676,-0.49907399605727676
122,0.9061309378391728,0.9061309378391728
123,-0.876885187178067,-0.876885187178067
124,-0.821489852003008,-0.821489852003008
125,-1.7018584612350967,-1.7018584612350967
126,1.78269806364608,1.78269806364608
127,-0.5208085615426229,-0.5208085615426229
128,0.16746024013078134,0.16746024013078134
129,-0.7567350270820374,-0.7567350270820374
130,0.07219988930064583,0.07219988930064583
131,-0.3875933908198573,-0.3875933908198573
132,-1.7742866603956122,-1.7742866603956122
133,-0.3877330486068817,-0.3877330486068817
134,-0.15289284718763838,-0.15289284718763838
135,-0.46263760372424034,-0.46263760372424034
136,0.020181953158660223,0.020181953158660223
137,-0.5555550453514911,-0.5555550453514911
138,-0.8713706010994974,-0.8713706010994974
139,-0.22755798895581164,-0.22755798895581164
140,1.9451699192421035,1.9451699192421035
141,0.06259774318876242,0.06259774318876242
142,-1.0710229762211034,-1.0710229762211034
143,2.302742878309954,2.302742878309954
144,1.7578985558924909,1.7578985558924909
145,1.0517818626401927,1.0517818626401927
146,2.2650611629583057,2.2650611629583057
147,2.0911683670022914,2.0911683670022914
148,-0.5523971085551714,-0.5523971085551714
149,-1.1095625894073313,-1.1095625894073313
150,-0.5468849404918651,-0.5468849404918651
151,-0.4602577603127714,-0.4602577603127714
152,1.81730972569845,1.81730972569845
153,-0.20738472127120347,-0.20738472127120347
154,-0.37500720689149203,-0.37500720689149203
155,0.42973860717568374,0.42973860717568374
156,0.9434707912637046,0.9434707912637046
157,0.0023542876927070138,0.0023542876927070138
158,-0.302391368671772,-0.302391368671772
159,-0.3029699509323024,-0.3029699509323024
160,1.9590556184943255,1.9590556184943255
161,0.7085335272980713,0.7085335272980713
162,-0.39359598264614315,-0.39359598264614315
163,0.6216070804324968,0.6216070804324968
164,-0.22294603896721238,-0.22294603896721238
165,-0.5047109818262101,-0.5047109818262101
166,-0.964279413678418,-0.964279413678418
167,-0.617930301861501,-0.617930301861501
168,-0.30241401279997543,-0.30241401279997543
169,-0.31153733221348906,-0.31153733221348906
170,-0.10125964321391222,-0.10125964321391222
171,-0.7334094836331597,-0.7334094836331597
172,-1.2353591893221487,-1.2353591893221487
173,-2.324888225257617,-2.324888225257617
174,2.0388854053666368,2.0388854053666368
175,-0.19590717059070406,-0.19590717059070406
176,1.6364626205519703,1.6364626205519703
177,-0.09727804977582619,-0.09727804977582619
178,1.4503284706109867,1.4503284706109867
179,-0.4625977014993764,-0.4625977014993764
180,-0.5059511938137873,-0.5059511938137873
181,-0.33289634457992073,-0.33289634457992073
182,-0.004899288184241129,-0.004899288184241129
183,-0.4948470532374463,-0.4948470532374463
184,1.838953714670983,1.838953714670983
185,2.154250541495755,2.154250541495755
186,0.24114480937350313,0.24114480937350313
187,0.5568406584469159,0.5568406584469159
188,2.3696413763099953,2.3696413763099953
189,-1.122003454516622,-1.122003454516622
190,-0.47210009204909875,-0.47210009204909875
191,-0.21834920406051955,-0.21834920406051955
192,0.4128429829619877,0.4128429829619877
193,-0.7763725827472591,-0.7763725827472591
194,-0.9312948387966402,-0.9312948387966402
195,-0.07177217403980037,-0.07177217403980037
196,2.2062342364449274,2.2062342364449274
197,-0.5622529580966212,-0.5622529580966212
198,-1.138508685530006,-1.138508685530006
199,-0.4328309167512145,-0.4328309167512145
200,2.912601665110512,2.912601665110512
201,-0.3198798652263799,-0.3198798652263799
202,-0.7834182934520644,-0.7834182934520644
203,-0.22026181783822815,-0.22026181783822815
204,-0.6662974594289238,-0.6662974594289238
205,-0.9504530177624761,-0.9504530177624761
206,-0.12218214912210217,-0.12218214912210217
207,-0.7867010479540113,-0.7867010479540113
208,-0.3097670692385763,-0.3097670692385763
209,-0.05955643219931423,-0.05955643219931423
210,-0.08435835796816614,-0.08435835796816614
211,2.0699177392463506,2.0699177392463506
212,-0.35680047028932943,-0.35680047028932943
213,-0.4312261987083177,-0.4312261987083177
214,-0.5241436403355686,-0.5241436403355686
215,-0.004240901473982311,-0.004240901473982311
216,-0.3636892651104491,-0.3636892651104491
217,1.9575708821265296,1.9575708821265296
218,-0.5875250815155127,-0.5875250815155127
219,-0.742527142014622,-0.742527142014622
220,-0.5139372998186718,-0.5139372998186718
221,1.6650010653776723,1.6650010653776723
222,-0.6875507802006361,-0.6875507802006361
223,1.8743410520929404,1.8743410520929404
224,2.084778349991973,2.084778349991973
225,-0.8809727472113809,-0.8809727472113809
226,0.016431144021428267,0.016431144021428267
227,-0.5481618116875181,-0.5481618116875181
228,-0.31915299613049425,-0.31915299613049425
229,1.9711147194516343,1.9711147194516343
230,2.8500667997010454,2.8500667997010454
231,-0.23280513152545018,-0.23280513152545018
232,-0.46810420853063117,-0.46810420853063117
233,-0.7281254068549363,-0.7281254068549363
234,0.13715450034644538,0.13715450034644538
235,-0.5817621780389194,-0.5817621780389194
236,-0.021806509462547224,-0.021806509462547224
237,-0.4365903549367769,-0.4365903549367769
238,1.525700255362105,1.525700255362105
239,-0.2511145917060524,-0.2511145917060524
240,-0.430639262399965,-0.430639262399965
241,-1.062150667221385,-1.062150667221385
242,-0.12129352811200485,-0.12129352811200485
243,-0.4309185779740143,-0.4309185779740143
244,1.1227986438490658,1.1227986438490658
245,-0.3195999996513143,-0.3195999996513143
246,2.3043165981768245,2.3043165981768245
247,-0.6320381563662473,-0.6320381563662473
248,-0.10586510716893642,-0.10586510716893642
249,-0.5084075986581966,-0.5084075986581966
250,-0.3188448253951748,-0.3188448253951748
251,-0.10407247506632811,-0.10407247506632811
252,-1.0316224971840167,-1.0316224971840167
253,0.04622947694663158,0.04622947694663158
254,-0.038037810933425016,-0.038037810933425016
255,-0.28044514499647927,-0.28044514499647927
256,-0.6953287460328698,-0.6953287460328698
257,1.7674351876350274,1.7674351876350274
258,-0.22578233994935612,-0.22578233994935612
259,-0.5984895643048282,-0.5984895643048282
260,-0.3758308635332584,-0.3758308635332584
261,-0.14091085766428665,-0.14091085766428665
262,-0.2712706012940006,-0.2712706012940006
263,-0.6989342363510256,-0.6989342363510256
264,-0.7301261791301958,-0.7301261791301958
265,-0.35258512453410845,-0.35258512453410845
266,-0.774297667054322,-0.774297667054322
267,-0.7874368210987356,-0.7874368210987356
268,-0.6457933768807923,-0.6457933768807923
269,2.177017453796534,2.177017453796534
270,-0.5654165559249921,-0.5654165559249921
271,-0.3243658975073194,-0.3243658975073194
272,-0.23775866844065788,-0.23775866844065788
273,-0.176851165202292,-0.176851165202292
274,-0.04788233841077362,-0.04788233841077362
275,-0.5867157149541272,-0.5867157149541272
276,0.08745089324658109,0.08745089324658109
277,-0.14185718899692468,-0.14185718899692468
278,0.025047056575808593,0.025047056575808593
279,-1.1020040858118505,-1.1020040858118505
280,-0.04366699265555213,-0.04366699265555213
281,-0.22647227483665697,-0.22647227483665697
282,2.15066203427375,2.15066203427375
283,0.4667446777204123,0.4667446777204123
284,-0.40000595076889345,-0.40000595076889345
285,-0.23317233059654177,-0.23317233059654177
286,-0.7229604867502903,-0.7229604867502903
287,0.2965975798705959,0.2965975798705959
288,-0.40925974892008515,-0.40925974892008515
289,-0.1701928796815192,-0.1701928796815192
290,-0.1000566404354287,-0.1000566404354287
291,-0.025403095731864972,-0.025403095731864972
292,-0.8615204125900988,-0.8615204125900988
293,-0.4300205029140617,-0.4300205029140617
294,-0.022778177939160003,-0.022778177939160003
295,-0.6678876123909315,-0.6678876123909315
296,-0.31981704387280424,-0.31981704387280424
297,1.0481450991455026,1.0481450991455026
298,-0.8585706159664301,-0.8585706159664301
299,-0.12846999255499592,-0.12846999255499592
300,0.10045901855229993,0.10045901855229993
301,2.006795662528024,2.006795662528024
302,1.6092665612912675,1.6092665612912675
303,2.184744195339801,2.184744195339801
304,-0.6756286440145803,-0.6756286440145803
305,0.9710259705481842,0.9710259705481842
306,-0.74997456798384,-0.74997456798384
307,0.8160837633863715,0.8160837633863715
308,-0.43477749672122873,-0.43477749672122873
309,-0.1501538837523921,-0.1501538837523921
310,-0.0018211558376494067,-0.0018211558376494067
311,2.0835413810211842,2.0835413810211842
312,-0.3745084290806902,-0.3745084290806902
313,-0.28220947193883356,-0.28220947193883356
314,-0.5300092673906014,-0.5300092673906014
315,-0.5114776519574749,-0.5114776519574749
316,-0.28955148131384056,-0.28955148131384056
317,2.0993054528583026,2.0993054528583026
318,-0.19164060054651744,-0.19164060054651744
319,-0.6285159885151148,-0.6285159885151148
320,-0.5789919414271394,-0.5789919414271394
321,-0.44913097560822746,-0.44913097560822746
322,-0.5605800326686055,-0.5605800326686055
323,-0.31925005867688344,-0.31925005867688344
324,-0.5298868677002375,-0.5298868677002375
325,-0.3931079768984268,-0.3931079768984268
326,-0.5867095039210605,-0.5867095039210605
327,-1.4802771205348577,-1.4802771205348577
328,-0.44984300462271554,-0.44984300462271554
329,-0.2614659760415165,-0.2614659760415165
330,2.7316065481291836,2.7316065481291836
331,-0.549421424786511,-0.549421424786511
332,-0.0014534067655417224,-0.0014534067655417224
333,-0.47263014303643536,-0.47263014303643536
334,0.2075673621508134,0.2075673621508134
335,0.010254928215812288,0.010254928215812288
336,0.22482776742033742,0.22482776742033742
337,-0.9085734897527756,-0.9085734897527756
338,-0.09771697424933208,-0.09771697424933208
339,2.0305202282255426,2.0305202282255426
340,1.5845045377472797,1.5845045377472797
341,-0.4709030253031742,-0.4709030253031742
342,-0.12495293573489828,-0.12495293573489828
343,-0.6705953026496441,-0.6705953026496441
344,-1.716830699607997,-1.716830699607997
345,-0.9804996680857024,-0.9804996680857024
346,2.2817173738228163,2.2817173738228163
347,0.04672528674115423,0.04672528674115423
348,1.3714336930072117,1.3714336930072117
349,-0.5046487104736512,-0.5046487104736512
350,-0.22629540784053995,-0.22629540784053995
351,-0.10359689138474634,-0.10359689138474634
352,-0.4381635248026322,-0.4381635248026322
353,1.697341543629574,1.697341543629574
354,-0.7108650015854123,-0.7108650015854123
355,-0.420210491630036,-0.420210491630036
356,0.0811207295735587,0.0811207295735587
357,-0.3030896576068949,-0.3030896576068949
358,-0.6894547649300142,-0.6894547649300142
359,-0.628476086290251,-0.628476086290251
360,-0.5482788253463391,-0.5482788253463391
361,-0.2697260115889081,-0.2697260115889081
362,1.4633961742534936,1.4633961742534936
363,-0.3876648412217637,-0.3876648412217637
364,1.816115351968297,1.816115351968297
365,-1.4357465125869542,-1.4357465125869542
366,-0.11111791077062556,-0.11111791077062556
367,-0.16212130819485468,-0.16212130819485468
368,-0.4924499517293167,-0.4924499517293167
369,-0.8531153332241407,-0.8531153332241407
370,1.1394893709068998,1.1394893709068998
371,-1.0765464663485111,-1.0765464663485111
372,-0.18774716560598187,-0.18774716560598187
373,-0.8099101277450849,-0.8099101277450849
374,-0.2866698920752895,-0.2866698920752895
375,-0.5408397534249432,-0.5408397534249432
376,-0.4311064920337252,-0.4311064920337252
377,-0.4931911109055832,-0.4931911109055832
378,1.6111619169723153,1.6111619169723153
379,1.9516197895897176,1.9516197895897176
380,-0.7352193738324286,-0.7352193738324286
381,-0.6178192242352387,-0.6178192242352387
382,-0.513079401984092,-0.513079401984092
383,-0.1607991487427943,-0.1607991487427943
384,-0.25988714514361055,-0.25988714514361055
385,1.826293387324939,1.826293387324939
386,-0.352864440108158,-0.352864440108158
387,-0.4032862872555775,-0.4032862872555775
388,-1.7227418899199463,-1.7227418899199463
389,-0.6028788090398866,-0.6028788090398866
390,0.16460426303671344,0.16460426303671344
391,-0.18905261696239728,-0.18905261696239728
392,-1.0559229521262954,-1.0559229521262954
393,-0.9950097878558785,-0.9950097878558785
394,-0.32086313076760276,-0.32086313076760276
395,-0.9401331816040535,-0.9401331816040535
396,-0.5942429453730741,-0.5942429453730741
397,-0.9379814294776677,-0.9379814294776677
398,-0.5851225939758403,-0.5851225939758403
399,-0.13325556652292467,-0.13325556652292467
400,0.4237503054297787,0.4237503054297787
401,-0.6101040797565812,-0.6101040797565812
402,0.03358882571251209,0.03358882571251209
403,-0.5177652203898602,-0.5177652203898602
404,-1.2544525178982733,-1.2544525178982733
