,y_test,y_pred
0,0.6746718017600156,0.6746718017600156
1,2.4493770027065334,2.4493770027065334
2,2.4493770027065334,2.4493770027065334
3,-0.12184943016086237,-0.12184943016086237
4,2.1698958686992076,2.1698958686992076
5,-0.27556405386489147,-0.27556405386489147
6,0.08776142034463183,0.08776142034463183
7,-0.34543433736672285,-0.34543433736672285
8,1.8484925645907833,1.8484925645907833
9,2.4493770027065334,2.4493770027065334
10,-0.14979754356159494,-0.14979754356159494
11,-0.6808116981755136,-0.6808116981755136
12,-0.38735650746782174,-0.38735650746782174
13,-0.20569377036306005,-0.20569377036306005
14,2.4493770027065334,2.4493770027065334
15,-0.3314602806663566,-0.3314602806663566
16,-0.5829933012729497,-0.5829933012729497
17,-0.6388895280744148,-0.6388895280744148
18,2.4493770027065334,2.4493770027065334
19,-0.5270970744714846,-0.5270970744714846
