,y_test,y_pred
0,-0.43122765502134414,-0.43122765502134414
1,0.47811632375392105,0.47811632375392105
2,-0.2353689519005178,-0.2353689519005178
3,-0.09546987824278468,-0.09546987824278468
4,0.47811632375392105,0.47811632375392105
5,-0.9348643201891833,-0.9348643201891833
6,-0.5851166360448505,-0.5851166360448505
7,1.9890263192574387,1.9890263192574387
8,-0.1234496929743313,-0.1234496929743313
9,0.5900355826801076,0.5900355826801076
10,0.5760456753143343,0.5760456753143343
11,1.0796823404821734,1.0796823404821734
12,1.737207986673519,1.737207986673519
13,1.0377126183848535,1.0377126183848535
14,0.925793359458667,0.925793359458667
15,2.175558417465884,2.175558417465884
16,0.8418539152640271,0.8418539152640271
17,3.681805110516009,3.681805110516009
18,1.8211474308681588,1.8211474308681588
19,0.01644938068340181,0.01644938068340181
20,0.5900355826801076,0.5900355826801076
21,0.9677630815559869,0.9677630815559869
22,1.1776116920425865,1.1776116920425865
23,0.7159447489720674,0.7159447489720674
24,2.8284207612038372,2.8284207612038372
25,-1.550420244283209,-1.550420244283209
26,-1.592389966380529,-1.592389966380529
27,-0.2633487666320644,-0.2633487666320644
28,-1.6063798737463022,-1.6063798737463022
29,-1.2286523748704228,-1.2286523748704228
30,-0.6690560802394904,-0.6690560802394904
31,-1.3825413558939292,-1.3825413558939292
32,-1.6203697811120756,-1.6203697811120756
33,-1.2706220969677429,-1.2706220969677429
34,-0.7669854317999036,-0.7669854317999036
35,-0.9068845054576367,-0.9068845054576367
36,-0.5851166360448505,-0.5851166360448505
37,-0.43122765502134414,-0.43122765502134414
38,-0.36127811819247757,-0.36127811819247757
39,-0.09546987824278468,-0.09546987824278468
40,-0.6410762655079438,-0.6410762655079438
41,-1.04678357911537,-1.04678357911537
42,-0.1234496929743313,-0.1234496929743313
43,0.7765676808885532,0.7765676808885532
44,-1.2286523748704228,-1.2286523748704228
45,-0.7949652465314502,-0.7949652465314502
46,-0.6270863581421705,-0.6270863581421705
47,-0.10945978560855799,-0.10945978560855799
48,-0.6130964507763972,-0.6130964507763972
49,-0.17940932243742455,-0.17940932243742455
50,0.3801869721935079,0.3801869721935079
51,-0.7110258023368103,-0.7110258023368103
52,-0.06749006351123805,-0.06749006351123805
53,0.9677630815559869,0.9677630815559869
54,1.0750190380287807,1.0750190380287807
55,0.5340759532170143,0.5340759532170143
56,1.2055915067741332,1.2055915067741332
57,0.18432826907268154,0.18432826907268154
58,0.925793359458667,0.925793359458667
59,-0.655066172873717,-0.655066172873717
60,1.8631171529654789,1.8631171529654789
61,-0.9348643201891833,-0.9348643201891833
62,0.29158422554547536,0.29158422554547536
63,0.43614660165660113,0.43614660165660113
64,-0.5291570065817573,-0.5291570065817573
65,-1.3125918190650627,-1.3125918190650627
66,0.9817529889217602,0.9817529889217602
67,0.7439245637036139,0.7439245637036139
68,0.18432826907268154,0.18432826907268154
69,0.4641264163881478,0.4641264163881478
70,0.5620557679485609,0.5620557679485609
71,-0.7949652465314502,-0.7949652465314502
72,2.1708951150124918,2.1708951150124918
73,1.653268542478879,1.653268542478879
74,0.7439245637036139,0.7439245637036139
75,0.08639891751226836,0.08639891751226836
76,0.07240901014649505,0.07240901014649505
77,-0.09546987824278468,-0.09546987824278468
78,-0.3752680255582509,-0.3752680255582509
79,-0.8789046907260901,-0.8789046907260901
80,-1.0887533012126898,-1.0887533012126898
81,-1.3405716337966094,-1.3405716337966094
82,0.3102374353646413,0.3102374353646413
83,-0.053500156145464745,-0.053500156145464745
84,0.22629799117000146,0.22629799117000146
85,-0.09546987824278468,-0.09546987824278468
86,-0.3892579329240242,-0.3892579329240242
87,-0.1374396003401046,-0.1374396003401046
88,-0.19339922980319785,-0.19339922980319785
89,0.3801869721935079,0.3801869721935079
90,-0.8649147833603168,-0.8649147833603168
91,-0.7669854317999036,-0.7669854317999036
92,-0.7250157097025837,-0.7250157097025837
93,-0.92087441282341,-0.92087441282341
94,-0.8789046907260901,-0.8789046907260901
95,-1.2146624675046496,-1.2146624675046496
96,-0.22137904453474447,-0.22137904453474447
97,0.15634845434113492,0.15634845434113492
98,0.2682677132673214,0.2682677132673214
99,1.3734703951634128,1.3734703951634128
100,-0.9768340422865033,-0.9768340422865033
101,0.002459473317628501,0.002459473317628501
102,-0.10945978560855799,-0.10945978560855799
103,0.32889064518380734,0.32889064518380734
104,0.22629799117000146,0.22629799117000146
105,-0.6597294753271098,-0.6597294753271098
106,-0.8229450612629968,-0.8229450612629968
107,-0.6410762655079438,-0.6410762655079438
108,-0.5571368213133039,-0.5571368213133039
109,1.8211474308681588,1.8211474308681588
110,1.0796823404821734,1.0796823404821734
111,0.8558438226298004,0.8558438226298004
112,0.6320053047774274,0.6320053047774274
113,0.5340759532170143,0.5340759532170143
114,-0.739005617068357,-0.739005617068357
115,-0.697035894971037,-0.697035894971037
116,-1.3125918190650627,-1.3125918190650627
117,-1.1587028380415563,-1.1587028380415563
118,-0.697035894971037,-0.697035894971037
119,-1.284612004333516,-1.284612004333516
120,0.7719043784351606,0.7719043784351606
121,1.02372271101908,1.02372271101908
122,0.7998841931667072,0.7998841931667072
123,1.0936722478479468,1.0936722478479468
124,0.7765676808885532,0.7765676808885532
125,1.1216520625794935,1.1216520625794935
126,-1.1167331159442364,-1.1167331159442364
127,-0.697035894971037,-0.697035894971037
128,0.40816678692505454,0.40816678692505454
129,2.6605418728145573,2.6605418728145573
130,-0.47319737711866405,-0.47319737711866405
131,-0.3752680255582509,-0.3752680255582509
132,-0.27733867399783774,-0.27733867399783774
133,-0.16541941507165123,-0.16541941507165123
134,0.6273420023240348,0.6273420023240348
135,0.5060961384854676,0.5060961384854676
136,1.415440117260733,1.415440117260733
137,-0.291328581363611,-0.291328581363611
138,-0.10945978560855799,-0.10945978560855799
139,-0.8089551538972235,-0.8089551538972235
140,-1.4524908927227957,-1.4524908927227957
141,-1.102743208578463,-1.102743208578463
142,-1.0048138570180498,-1.0048138570180498
143,-1.3965312632597027,-1.3965312632597027
144,-0.3892579329240242,-0.3892579329240242
145,-0.9068845054576367,-0.9068845054576367
146,0.1423585469753616,0.1423585469753616
147,-0.5011771918502107,-0.5011771918502107
148,-1.0327936717495965,-1.0327936717495965
149,-0.9488542275549566,-0.9488542275549566
150,-0.053500156145464745,-0.053500156145464745
151,-0.8229450612629968,-0.8229450612629968
152,-0.9908239496522766,-0.9908239496522766
153,-1.0607734864811431,-1.0607734864811431
154,-0.02552034141391812,-0.02552034141391812
155,-1.5224404295516623,-1.5224404295516623
156,-0.19339922980319785,-0.19339922980319785
157,0.3941768795592812,0.3941768795592812
158,-0.5711267286790772,-0.5711267286790772
159,1.0936722478479468,1.0936722478479468
160,-0.08147997087701137,-0.08147997087701137
161,-0.039510248779691434,-0.039510248779691434
162,-0.19339922980319785,-0.19339922980319785
163,-1.2706220969677429,-1.2706220969677429
164,-0.6130964507763972,-0.6130964507763972
165,-0.45920746975289073,-0.45920746975289073
166,0.8884869398147398,0.8884869398147398
167,1.7931676161366124,1.7931676161366124
168,-0.20738913716897117,-0.20738913716897117
169,0.7579144710693873,0.7579144710693873
170,1.3874603025291863,1.3874603025291863
171,0.21230808380422816,0.21230808380422816
172,-0.2353689519005178,-0.2353689519005178
173,2.492662984425278,2.492662984425278
174,2.6185721507172377,2.6185721507172377
175,-0.45920746975289073,-0.45920746975289073
176,0.7858942858009339,0.7858942858009339
177,0.6459952121432008,0.6459952121432008
178,-0.5851166360448505,-0.5851166360448505
179,0.5620557679485609,0.5620557679485609
180,0.47811632375392105,0.47811632375392105
181,-0.291328581363611,-0.291328581363611
182,1.2335713215056798,1.2335713215056798
183,-0.515167099215984,-0.515167099215984
184,-0.16541941507165123,-0.16541941507165123
185,0.3102374353646413,0.3102374353646413
186,-0.16541941507165123,-0.16541941507165123
187,0.9677630815559869,0.9677630815559869
188,0.7439245637036139,0.7439245637036139
189,0.3102374353646413,0.3102374353646413
190,0.1283686396095883,0.1283686396095883
191,-0.1374396003401046,-0.1374396003401046
192,-0.6690560802394904,-0.6690560802394904
193,-0.8369349686287701,-0.8369349686287701
194,-0.45920746975289073,-0.45920746975289073
195,-1.2286523748704228,-1.2286523748704228
196,0.15634845434113492,0.15634845434113492
197,-0.09546987824278468,-0.09546987824278468
198,1.0796823404821734,1.0796823404821734
199,-0.4032478402897975,-0.4032478402897975
200,1.3454905804318664,1.3454905804318664
201,0.1283686396095883,0.1283686396095883
202,-0.1374396003401046,-0.1374396003401046
203,-1.0188037643838233,-1.0188037643838233
204,-0.9488542275549566,-0.9488542275549566
205,-0.92087441282341,-0.92087441282341
206,0.01644938068340181,0.01644938068340181
207,0.6040254900458809,0.6040254900458809
208,-0.7949652465314502,-0.7949652465314502
209,0.3941768795592812,0.3941768795592812
210,-1.2379789797828038,-1.2379789797828038
211,-0.6130964507763972,-0.6130964507763972
212,-0.8369349686287701,-0.8369349686287701
213,2.492662984425278,2.492662984425278
214,1.1636217846768133,1.1636217846768133
215,0.17033836170690822,0.17033836170690822
216,0.47811632375392105,0.47811632375392105
217,-0.5291570065817573,-0.5291570065817573
218,0.3941768795592812,0.3941768795592812
219,-0.9348643201891833,-0.9348643201891833
220,0.8978135447271204,0.8978135447271204
221,-0.291328581363611,-0.291328581363611
222,-0.9488542275549566,-0.9488542275549566
223,1.3035208583345463,1.3035208583345463
224,1.6112988203815592,1.6112988203815592
225,0.5060961384854676,0.5060961384854676
226,0.925793359458667,0.925793359458667
227,1.3734703951634128,1.3734703951634128
228,0.8278640078982539,0.8278640078982539
229,-0.655066172873717,-0.655066172873717
230,-0.8649147833603168,-0.8649147833603168
231,-0.10945978560855799,-0.10945978560855799
232,-0.3892579329240242,-0.3892579329240242
233,0.18432826907268154,0.18432826907268154
234,-0.01153043404814481,-0.01153043404814481
235,-0.5571368213133039,-0.5571368213133039
236,-1.102743208578463,-1.102743208578463
237,-0.43122765502134414,-0.43122765502134414
238,-1.2706220969677429,-1.2706220969677429
239,-1.186682652773103,-1.186682652773103
240,-0.7949652465314502,-0.7949652465314502
241,-0.8649147833603168,-0.8649147833603168
242,-0.2493588592662911,-0.2493588592662911
243,-1.144712930675783,-1.144712930675783
244,-0.8789046907260901,-0.8789046907260901
245,-0.739005617068357,-0.739005617068357
246,-1.0048138570180498,-1.0048138570180498
247,0.4594631139347551,0.4594631139347551
248,0.11437873224381499,0.11437873224381499
249,-0.9068845054576367,-0.9068845054576367
250,-1.144712930675783,-1.144712930675783
251,-1.0048138570180498,-1.0048138570180498
252,-0.9908239496522766,-0.9908239496522766
253,-0.3892579329240242,-0.3892579329240242
254,0.9397832668244404,0.9397832668244404
255,-1.4944606148201158,-1.4944606148201158
256,-1.1167331159442364,-1.1167331159442364
257,-0.5711267286790772,-0.5711267286790772
258,1.8631171529654789,1.8631171529654789
259,0.1283686396095883,0.1283686396095883
260,1.0656924331164002,1.0656924331164002
261,-0.2353689519005178,-0.2353689519005178
262,1.02372271101908,1.02372271101908
263,0.9397832668244404,0.9397832668244404
264,0.43614660165660113,0.43614660165660113
265,1.1356419699452667,1.1356419699452667
266,-0.4172377476555708,-0.4172377476555708
267,1.3035208583345463,1.3035208583345463
268,2.3807437254990913,2.3807437254990913
269,0.6459952121432008,0.6459952121432008
270,0.4641264163881478,0.4641264163881478
271,1.3175107657003198,1.3175107657003198
272,3.0522592790562104,3.0522592790562104
273,-1.592389966380529,-1.592389966380529
274,-1.0607734864811431,-1.0607734864811431
275,-1.0747633938469163,-1.0747633938469163
276,-0.655066172873717,-0.655066172873717
277,-1.0327936717495965,-1.0327936717495965
278,0.15634845434113492,0.15634845434113492
279,1.2242447165932993,1.2242447165932993
280,0.3941768795592812,0.3941768795592812
281,0.4221566942908278,0.4221566942908278
282,1.2615511362372265,1.2615511362372265
283,1.0377126183848535,1.0377126183848535
284,0.9677630815559869,0.9677630815559869
285,0.19831817643845484,0.19831817643845484
286,0.7579144710693873,0.7579144710693873
287,-0.06749006351123805,-0.06749006351123805
288,-0.5571368213133039,-0.5571368213133039
289,0.35220715746196124,0.35220715746196124
290,0.47811632375392105,0.47811632375392105
291,0.2682677132673214,0.2682677132673214
292,0.2682677132673214,0.2682677132673214
293,-0.96284413492073,-0.96284413492073
294,-0.333298303460931,-0.333298303460931
295,-0.6783826851518711,-0.6783826851518711
296,-0.1514295077058779,-0.1514295077058779
297,-0.333298303460931,-0.333298303460931
298,0.11437873224381499,0.11437873224381499
299,-0.7669854317999036,-0.7669854317999036
300,-1.4385009853570225,-1.4385009853570225
301,-1.3125918190650627,-1.3125918190650627
302,-1.1307230233100096,-1.1307230233100096
303,-1.3125918190650627,-1.3125918190650627
304,-0.8928945980918633,-0.8928945980918633
305,0.9537731741902136,0.9537731741902136
306,-1.3125918190650627,-1.3125918190650627
307,2.017006133988985,2.017006133988985
308,-0.27733867399783774,-0.27733867399783774
309,-0.43122765502134414,-0.43122765502134414
310,-0.7110258023368103,-0.7110258023368103
311,-0.92087441282341,-0.92087441282341
312,-0.7529955244341303,-0.7529955244341303
313,0.2542778059015481,0.2542778059015481
314,-0.5991065434106239,-0.5991065434106239
315,-0.7250157097025837,-0.7250157097025837
316,-0.697035894971037,-0.697035894971037
317,0.49210623111969437,0.49210623111969437
318,-1.2426422822361962,-1.2426422822361962
319,-1.1167331159442364,-1.1167331159442364
320,-0.01153043404814481,-0.01153043404814481
321,0.33821725009618797,0.33821725009618797
322,-1.2146624675046496,-1.2146624675046496
323,1.639278635113106,1.639278635113106
324,-0.9348643201891833,-0.9348643201891833
325,0.21697138625762083,0.21697138625762083
326,0.5480658605827876,0.5480658605827876
327,1.3035208583345463,1.3035208583345463
328,0.6320053047774274,0.6320053047774274
329,0.6180153974116541,0.6180153974116541
330,1.2755410436029997,1.2755410436029997
331,1.4853896540895994,1.4853896540895994
332,1.5600024933718586,1.5600024933718586
333,3.3880170558347698,3.3880170558347698
334,1.471399746723826,1.471399746723826
335,0.01178607823000913,0.01178607823000913
336,-0.9348643201891833,-0.9348643201891833
337,1.1636217846768133,1.1636217846768133
338,0.8838236373613471,0.8838236373613471
339,-0.8089551538972235,-0.8089551538972235
340,-0.9768340422865033,-0.9768340422865033
341,-0.697035894971037,-0.697035894971037
342,-1.102743208578463,-1.102743208578463
343,0.43614660165660113,0.43614660165660113
344,-0.34728821082670425,-0.34728821082670425
345,-0.17940932243742455,-0.17940932243742455
346,-0.291328581363611,-0.291328581363611
347,-0.2633487666320644,-0.2633487666320644
348,0.21230808380422816,0.21230808380422816
349,-0.6270863581421705,-0.6270863581421705
350,0.21230808380422816,0.21230808380422816
351,0.7439245637036139,0.7439245637036139
352,-0.9488542275549566,-0.9488542275549566
353,-1.2006725601388761,-1.2006725601388761
354,-0.5431469139475306,-0.5431469139475306
355,-1.3965312632597027,-1.3965312632597027
356,-1.5644101516489823,-1.5644101516489823
357,-1.2706220969677429,-1.2706220969677429
358,-0.8649147833603168,-0.8649147833603168
359,1.7651878014050657,1.7651878014050657
360,0.5340759532170143,0.5340759532170143
361,-1.144712930675783,-1.144712930675783
362,-0.7529955244341303,-0.7529955244341303
363,0.925793359458667,0.925793359458667
364,1.5040428639087655,1.5040428639087655
365,-0.7250157097025837,-0.7250157097025837
366,0.8138741005324805,0.8138741005324805
367,-0.28666527891021837,-0.28666527891021837
368,-1.1307230233100096,-1.1307230233100096
369,-1.0048138570180498,-1.0048138570180498
370,-1.0887533012126898,-1.0887533012126898
371,-0.47319737711866405,-0.47319737711866405
372,0.3941768795592812,0.3941768795592812
373,1.6672584498446525,1.6672584498446525
374,0.5480658605827876,0.5480658605827876
375,0.9817529889217602,0.9817529889217602
376,1.1496318773110399,1.1496318773110399
377,0.9397832668244404,0.9397832668244404
378,-0.7809753391656769,-0.7809753391656769
379,2.4786730770595047,2.4786730770595047
380,0.9537731741902136,0.9537731741902136
381,-0.09546987824278468,-0.09546987824278468
382,1.5226960737335267,1.5226960737335267
383,0.49210623111969437,0.49210623111969437
384,0.1423585469753616,0.1423585469753616
385,0.4641264163881478,0.4641264163881478
386,1.3454905804318664,1.3454905804318664
387,-1.0887533012126898,-1.0887533012126898
388,0.47811632375392105,0.47811632375392105
389,-1.4944606148201158,-1.4944606148201158
390,0.5480658605827876,0.5480658605827876
391,1.5413492835526927,1.5413492835526927
392,0.3941768795592812,0.3941768795592812
393,0.47811632375392105,0.47811632375392105
394,-0.44521756238711746,-0.44521756238711746
395,0.11437873224381499,0.11437873224381499
396,-0.6130964507763972,-0.6130964507763972
397,0.8978135447271204,0.8978135447271204
398,-1.2426422822361962,-1.2426422822361962
399,-0.22137904453474447,-0.22137904453474447
400,-0.9488542275549566,-0.9488542275549566
401,-0.6270863581421705,-0.6270863581421705
402,-0.3892579329240242,-0.3892579329240242
403,-1.2986019116992893,-1.2986019116992893
404,-0.7250157097025837,-0.7250157097025837
405,-0.96284413492073,-0.96284413492073
406,-1.2006725601388761,-1.2006725601388761
407,-0.4871872844844374,-0.4871872844844374
408,0.8138741005324805,0.8138741005324805
409,1.7931676161366124,1.7931676161366124
410,-0.47319737711866405,-0.47319737711866405
411,-0.39858453783640485,-0.39858453783640485
412,0.32422734273041465,0.32422734273041465
413,0.21230808380422816,0.21230808380422816
414,-0.8369349686287701,-0.8369349686287701
415,0.7019548416062941,0.7019548416062941
416,-0.2353689519005178,-0.2353689519005178
417,-0.9068845054576367,-0.9068845054576367
418,-0.43122765502134414,-0.43122765502134414
419,1.2055915067741332,1.2055915067741332
420,0.8558438226298004,0.8558438226298004
421,-0.17940932243742455,-0.17940932243742455
422,-0.053500156145464745,-0.053500156145464745
423,-0.8369349686287701,-0.8369349686287701
