,y_test,y_pred
0,2.127564809267351,2.127564809267351
1,-0.010129597677874002,-0.010129597677874002
2,0.47975870391374004,0.47975870391374004
3,-0.722694399992949,-0.722694399992949
4,-0.3466185323023717,-0.3466185323023717
5,-0.7078492999447182,-0.7078492999447182
6,1.147788206084123,1.147788206084123
7,0.40553320367258644,0.40553320367258644
8,0.9102666053124312,0.9102666053124312
9,0.9102666053124312,0.9102666053124312
10,0.46491360386550934,0.46491360386550934
11,1.7712824081098135,1.7712824081098135
12,1.7119020079168905,1.7119020079168905
13,0.8063509049748161,0.8063509049748161
14,-1.2274278016327937,-1.2274278016327937
15,-0.010129597677874002,-0.010129597677874002
16,-0.4554825991247959,-0.4554825991247959
17,-0.3664119988354115,-0.3664119988354115
18,-0.5841401330740634,-0.5841401330740634
19,0.4946038039619708,0.4946038039619708
20,-1.3164984019221782,-1.3164984019221782
21,-1.3164984019221782,-1.3164984019221782
22,0.5688293042031244,0.5688293042031244
23,-0.5742433995106417,-0.5742433995106417
24,-1.1383572013434093,-1.1383572013434093
25,-1.4748461359679073,-1.4748461359679073
26,-1.0938219011987171,-1.0938219011987171
27,-0.396102198931873,-0.396102198931873
28,-0.38125709888364223,-0.38125709888364223
29,0.004715502370356726,0.004715502370356726
30,-1.6282455029350236,-1.6282455029350236
31,0.004715502370356726,0.004715502370356726
32,-1.7618514033691,-1.7618514033691
33,0.5094489040102015,0.5094489040102015
34,1.0587176057947385,1.0587176057947385
35,1.8306628083027363,1.8306628083027363
36,-1.2868082018257168,-1.2868082018257168
37,-0.5148629993177188,-0.5148629993177188
38,1.2764457400333904,1.2764457400333904
39,1.2764457400333904,1.2764457400333904
40,0.8360411050712776,0.8360411050712776
41,1.3952065404192362,1.3952065404192362
42,-1.925147503899638,-1.925147503899638
43,0.019560602418587456,0.019560602418587456
44,-0.7375395000411797,-0.7375395000411797
45,0.6628482709773178,0.6628482709773178
46,0.46491360386550934,0.46491360386550934
47,0.4946038039619708,0.4946038039619708
48,0.9844921055535848,0.9844921055535848
49,-0.03981979777433546,-0.03981979777433546
50,1.3556196067593531,1.3556196067593531
51,0.049250802515048916,0.049250802515048916
52,-0.6336237997035646,-0.6336237997035646
53,-0.27734139854602713,-0.27734139854602713
54,-0.09920019796725837,-0.09920019796725837
55,0.21254690304558693,0.21254690304558693
56,0.3016175033349713,0.3016175033349713
57,-1.168047401439871,-1.168047401439871
58,0.6133646043478166,0.6133646043478166
59,0.5638809377183154,0.5638809377183154
60,1.6525216077239677,1.6525216077239677
61,0.9548019054571234,0.9548019054571234
62,-1.3164984019221782,-1.3164984019221782
63,-1.2422729016810246,-1.2422729016810246
64,-0.9899062008611021,-0.9899062008611021
65,-1.3461886020186395,-1.3461886020186395
66,-0.5593982994624109,-0.5593982994624109
67,0.8360411050712776,0.8360411050712776
68,0.06904426904808868,0.06904426904808868
69,0.4847070703985491,0.4847070703985491
70,2.2265321431201572,2.2265321431201572
71,0.5638809377183154,0.5638809377183154
72,0.6875901045889703,0.6875901045889703
73,0.5985195042995859,0.5985195042995859
74,1.8306628083027363,1.8306628083027363
75,1.7119020079168905,1.7119020079168905
76,1.4347934734853158,1.4347934734853158
77,-1.004751300909333,-1.004751300909333
78,0.004715502370356726,0.004715502370356726
79,-0.663313999800026,-0.663313999800026
80,0.9399568054088927,0.9399568054088927
81,-0.04971653133775716,-0.04971653133775716
82,0.47975870391374004,0.47975870391374004
83,0.3263593369466237,0.3263593369466237
84,-0.9602160007646406,-0.9602160007646406
85,-0.8414552003787948,-0.8414552003787948
86,-0.396102198931873,-0.396102198931873
87,-0.5049662657542972,-0.5049662657542972
88,0.3461528034796635,0.3461528034796635
89,0.4847070703985491,0.4847070703985491
90,3.1964120127399633,3.1964120127399633
91,-0.5890884995588724,-0.5890884995588724
92,0.7469705047818932,0.7469705047818932
93,-0.17342569820841203,-0.17342569820841203
94,0.46491360386550934,0.46491360386550934
95,1.0141823056500463,1.0141823056500463
96,0.27192730323850983,0.27192730323850983
97,-0.3070315986424886,-0.3070315986424886
98,1.0735627058429693,1.0735627058429693
99,0.6826417381041613,0.6826417381041613
100,1.1180980059876615,1.1180980059876615
101,1.2764457400333904,1.2764457400333904
102,-0.8563003004270255,-0.8563003004270255
103,2.4244668102319658,2.4244668102319658
104,-1.6430906029832542,-1.6430906029832542
105,0.37584300357612493,0.37584300357612493
106,0.08883773617493207,0.08883773617493207
107,-1.3016533018739473,-1.3016533018739473
108,-1.598555302838562,-1.598555302838562
109,-1.4797945024527162,-1.4797945024527162
110,-1.494639602500947,-1.494639602500947
111,-0.8563003004270255,-0.8563003004270255
112,-0.42579239902833443,-0.42579239902833443
113,-0.4554825991247959,-0.4554825991247959
114,0.153166502852664,0.153166502852664
115,-0.6930041998964875,-0.6930041998964875
116,-0.04971653133775716,-0.04971653133775716
117,1.7514889415767738,1.7514889415767738
118,0.8805764052159697,0.8805764052159697
119,-0.03981979777433546,-0.03981979777433546
120,0.6232613379112383,0.6232613379112383
121,0.42037830372081714,0.42037830372081714
122,0.13832140280443328,0.13832140280443328
123,-0.03981979777433546,-0.03981979777433546
124,-0.09920019796725837,-0.09920019796725837
125,1.29623920656643,1.29623920656643
126,1.3259294066628917,1.3259294066628917
127,-0.7375395000411797,-0.7375395000411797
128,0.16801160290089476,0.16801160290089476
129,-0.4059989324952947,-0.4059989324952947
130,0.37584300357612493,0.37584300357612493
131,-1.5837102027903314,-1.5837102027903314
132,-0.6781590998482568,-0.6781590998482568
133,-0.6039335996071031,-0.6039335996071031
134,0.6628482709773178,0.6628482709773178
135,-0.024974697726104732,-0.024974697726104732
136,-0.08435509791902765,-0.08435509791902765
137,-1.0195964009575635,-1.0195964009575635
138,-0.396102198931873,-0.396102198931873
139,0.42037830372081714,0.42037830372081714
140,0.6826417381041613,0.6826417381041613
141,0.46491360386550934,0.46491360386550934
142,0.3857397371395466,0.3857397371395466
143,0.5242940040584323,0.5242940040584323
144,0.21254690304558693,0.21254690304558693
145,0.37584300357612493,0.37584300357612493
146,-1.2868082018257168,-1.2868082018257168
147,-1.108667001246948,-1.108667001246948
148,-1.3461886020186395,-1.3461886020186395
149,-1.5243298025974084,-1.5243298025974084
150,-0.6039335996071031,-0.6039335996071031
151,-1.1383572013434093,-1.1383572013434093
152,-1.598555302838562,-1.598555302838562
153,-0.5297080993659495,-0.5297080993659495
154,-0.029923064210913765,-0.029923064210913765
155,0.5638809377183154,0.5638809377183154
156,-0.48517279922125733,-0.48517279922125733
157,0.10863120270797183,0.10863120270797183
158,-0.08435509791902765,-0.08435509791902765
159,1.5040706072416603,1.5040706072416603
160,3.374553213318732,3.374553213318732
161,-0.5148629993177188,-0.5148629993177188
162,-0.08930346440383669,-0.08930346440383669
163,1.192323506228815,1.192323506228815
164,0.36594627001270325,0.36594627001270325
165,0.10863120270797183,0.10863120270797183
166,-1.2125827015845632,-1.2125827015845632
167,-0.722694399992949,-0.722694399992949
168,-1.108667001246948,-1.108667001246948
169,0.42037830372081714,0.42037830372081714
170,-0.27734139854602713,-0.27734139854602713
171,-0.2179609983531042,-0.2179609983531042
172,-0.663313999800026,-0.663313999800026
173,0.702435204637201,0.702435204637201
174,0.7420221382970842,0.7420221382970842
175,-0.5247597328811405,-0.5247597328811405
176,0.029457335982009152,0.029457335982009152
177,-0.500017899269488,-0.500017899269488
178,-0.5445531994141802,-0.5445531994141802
179,1.5931412075310447,1.5931412075310447
180,1.3556196067593531,1.3556196067593531
181,1.7119020079168905,1.7119020079168905
182,0.9993372056018156,0.9993372056018156
183,1.1626333061323535,1.1626333061323535
184,0.07894100261151037,0.07894100261151037
185,1.0587176057947385,1.0587176057947385
186,0.16801160290089476,0.16801160290089476
187,-0.6484688997517953,-0.6484688997517953
188,-0.4554825991247959,-0.4554825991247959
189,-0.6484688997517953,-0.6484688997517953
190,-1.0195964009575635,-1.0195964009575635
191,-1.5094847025491775,-1.5094847025491775
192,-0.9156807006199484,-0.9156807006199484
193,-0.9156807006199484,-0.9156807006199484
194,-1.5738134692269097,-1.5738134692269097
195,-0.6781590998482568,-0.6781590998482568
196,-0.32187669869071933,-0.32187669869071933
197,0.6430548044442781,0.6430548044442781
198,-0.396102198931873,-0.396102198931873
199,0.8409894715560866,0.8409894715560866
200,-0.8266101003305641,-0.8266101003305641
201,0.4352234037690479,0.4352234037690479
202,1.147788206084123,1.147788206084123
203,-0.029923064210913765,-0.029923064210913765
204,1.2170653398404674,1.2170653398404674
205,0.36594627001270325,0.36594627001270325
206,1.4892255071934297,1.4892255071934297
207,1.3556196067593531,1.3556196067593531
208,0.13832140280443328,0.13832140280443328
209,-0.32187669869071933,-0.32187669869071933
210,1.3556196067593531,1.3556196067593531
211,0.019560602418587456,0.019560602418587456
212,1.3259294066628917,1.3259294066628917
213,0.539139104106663,0.539139104106663
214,-0.10909693153068008,-0.10909693153068008
215,0.6133646043478166,0.6133646043478166
216,1.8900432084956593,1.8900432084956593
217,-0.1585805981601813,-0.1585805981601813
218,1.3556196067593531,1.3556196067593531
219,-0.32187669869071933,-0.32187669869071933
220,0.7618156048301239,0.7618156048301239
221,0.702435204637201,0.702435204637201
222,0.8014025384900071,0.8014025384900071
223,0.702435204637201,0.702435204637201
224,-2.058753404333715,-2.058753404333715
225,0.3016175033349713,0.3016175033349713
226,0.2867724032867406,0.2867724032867406
227,0.07894100261151037,0.07894100261151037
228,-0.396102198931873,-0.396102198931873
229,0.7618156048301239,0.7618156048301239
230,0.9399568054088927,0.9399568054088927
231,0.9399568054088927,0.9399568054088927
232,0.22739200309381766,0.22739200309381766
233,0.5242940040584323,0.5242940040584323
234,-0.06950999787079692,-0.06950999787079692
235,-0.33672179873895003,-0.33672179873895003
236,-0.9206290671047573,-0.9206290671047573
237,-1.1779441350032929,-1.1779441350032929
238,-1.3362918684552176,-1.3362918684552176
239,-1.7321612032726386,-1.7321612032726386
240,0.8508862051195083,0.8508862051195083
241,-1.2125827015845632,-1.2125827015845632
242,-0.5742433995106417,-0.5742433995106417
243,-1.331343501970409,-1.331343501970409
244,-0.6187786996553339,-0.6187786996553339
245,0.3313077034314328,0.3313077034314328
246,-0.03981979777433546,-0.03981979777433546
247,-0.8414552003787948,-0.8414552003787948
248,-0.396102198931873,-0.396102198931873
249,0.5094489040102015,0.5094489040102015
250,0.06409590256327964,0.06409590256327964
251,2.3650864100390425,2.3650864100390425
252,-1.5837102027903314,-1.5837102027903314
253,-0.7820748001858719,-0.7820748001858719
254,0.6133646043478166,0.6133646043478166
255,-0.27734139854602713,-0.27734139854602713
256,1.1180980059876615,1.1180980059876615
257,1.3259294066628917,1.3259294066628917
258,0.7172803046854317,0.7172803046854317
259,2.2661190761862366,2.2661190761862366
260,0.6133646043478166,0.6133646043478166
261,0.12347630275620256,0.12347630275620256
262,-0.14373549811195058,-0.14373549811195058
263,-1.7123677367395989,-1.7123677367395989
264,0.049250802515048916,0.049250802515048916
265,-1.1235121012951788,-1.1235121012951788
266,1.2368588063735073,1.2368588063735073
267,2.3057060098461197,2.3057060098461197
268,0.9696470055053541,0.9696470055053541
269,0.6282097043960474,0.6282097043960474
270,1.8306628083027363,1.8306628083027363
271,0.24223710314204838,0.24223710314204838
272,1.1180980059876615,1.1180980059876615
273,1.2071686062770457,1.2071686062770457
274,1.9197334085921207,1.9197334085921207
275,1.7514889415767738,1.7514889415767738
276,1.3556196067593531,1.3556196067593531
277,-0.5742433995106417,-0.5742433995106417
278,1.8108693417696966,1.8108693417696966
279,-1.4501043023562548,-1.4501043023562548
280,-1.4797945024527162,-1.4797945024527162
281,-1.3461886020186395,-1.3461886020186395
282,0.16801160290089476,0.16801160290089476
283,-1.4055690022115626,-1.4055690022115626
284,-1.4550526688410637,-1.4550526688410637
285,-1.4797945024527162,-1.4797945024527162
286,-1.2571180017292551,-1.2571180017292551
287,0.8360411050712776,0.8360411050712776
288,2.028597475414545,2.028597475414545
289,-0.4109472989801037,-0.4109472989801037
290,-0.4703276991730266,-0.4703276991730266
291,0.3016175033349713,0.3016175033349713
292,-0.5247597328811405,-0.5247597328811405
293,1.6525216077239677,1.6525216077239677
294,0.9399568054088927,0.9399568054088927
295,-0.663313999800026,-0.663313999800026
296,-0.396102198931873,-0.396102198931873
297,0.25708220319027913,0.25708220319027913
298,-0.6039335996071031,-0.6039335996071031
299,-0.44063749907656513,-0.44063749907656513
300,0.10863120270797183,0.10863120270797183
301,0.7420221382970842,0.7420221382970842
302,0.4500685038172786,0.4500685038172786
303,0.5242940040584323,0.5242940040584323
304,1.5931412075310447,1.5931412075310447
305,-0.23280609840133493,-0.23280609840133493
306,-0.4059989324952947,-0.4059989324952947
307,-0.5148629993177188,-0.5148629993177188
308,-0.06950999787079692,-0.06950999787079692
309,0.8954215052642005,0.8954215052642005
310,-0.48517279922125733,-0.48517279922125733
311,0.019560602418587456,0.019560602418587456
312,0.06409590256327964,0.06409590256327964
313,-0.1585805981601813,-0.1585805981601813
314,-0.23280609840133493,-0.23280609840133493
315,0.37584300357612493,0.37584300357612493
316,1.132943106035892,1.132943106035892
317,-1.1828925014881015,-1.1828925014881015
318,0.2867724032867406,0.2867724032867406
319,-0.3466185323023717,-0.3466185323023717
320,0.21254690304558693,0.21254690304558693
321,0.9399568054088927,0.9399568054088927
322,-0.05466489782256619,-0.05466489782256619
323,-0.48517279922125733,-0.48517279922125733
324,-0.06950999787079692,-0.06950999787079692
325,1.132943106035892,1.132943106035892
326,-0.10909693153068008,-0.10909693153068008
327,-0.44063749907656513,-0.44063749907656513
328,0.4352234037690479,0.4352234037690479
329,0.2075985365607779,0.2075985365607779
330,0.544087470591472,0.544087470591472
331,1.147788206084123,1.147788206084123
332,1.1576849396475446,1.1576849396475446
333,0.21254690304558693,0.21254690304558693
334,0.7618156048301239,0.7618156048301239
335,-0.722694399992949,-0.722694399992949
336,-0.7078492999447182,-0.7078492999447182
337,1.5189157072898911,1.5189157072898911
338,0.2867724032867406,0.2867724032867406
339,0.2867724032867406,0.2867724032867406
340,-0.722694399992949,-0.722694399992949
341,0.07894100261151037,0.07894100261151037
342,0.13832140280443328,0.13832140280443328
343,-0.3664119988354115,-0.3664119988354115
344,-1.6282455029350236,-1.6282455029350236
345,2.2611707097014278,2.2611707097014278
346,1.192323506228815,1.192323506228815
347,1.029027405698277,1.029027405698277
348,-1.5243298025974084,-1.5243298025974084
349,-1.049286601054025,-1.049286601054025
350,0.40553320367258644,0.40553320367258644
351,1.1774784061805843,1.1774784061805843
352,0.6430548044442781,0.6430548044442781
353,1.474380407145199,1.474380407145199
354,0.37584300357612493,0.37584300357612493
355,1.474380407145199,1.474380407145199
356,-0.23280609840133493,-0.23280609840133493
357,-0.8711454004752562,-0.8711454004752562
358,-1.168047401439871,-1.168047401439871
359,2.3650864100390425,2.3650864100390425
360,-0.44063749907656513,-0.44063749907656513
361,-1.6430906029832542,-1.6430906029832542
362,-0.12889039806371982,-0.12889039806371982
363,0.9993372056018156,0.9993372056018156
364,-1.6727808030797158,-1.6727808030797158
365,-1.331343501970409,-1.331343501970409
366,-0.6237270661401427,-0.6237270661401427
367,-0.5445531994141802,-0.5445531994141802
368,0.153166502852664,0.153166502852664
369,-1.6430906029832542,-1.6430906029832542
370,-1.598555302838562,-1.598555302838562
371,0.10863120270797183,0.10863120270797183
372,-0.8266101003305641,-0.8266101003305641
373,0.16801160290089476,0.16801160290089476
374,-1.5837102027903314,-1.5837102027903314
375,-1.1828925014881015,-1.1828925014881015
376,-0.9206290671047573,-0.9206290671047573
377,1.2071686062770457,1.2071686062770457
378,0.40553320367258644,0.40553320367258644
379,-1.3461886020186395,-1.3461886020186395
380,0.8063509049748161,0.8063509049748161
381,-0.8711454004752562,-0.8711454004752562
382,0.16801160290089476,0.16801160290089476
383,1.8306628083027363,1.8306628083027363
384,1.415000006952276,1.415000006952276
385,0.47975870391374004,0.47975870391374004
386,1.9296301421555424,1.9296301421555424
387,1.3853098068558145,1.3853098068558145
388,1.3704647068075837,1.3704647068075837
389,1.533760807338122,1.533760807338122
390,-0.09920019796725837,-0.09920019796725837
391,0.9993372056018156,0.9993372056018156
392,-0.18827079825664275,-0.18827079825664275
393,-1.3461886020186395,-1.3461886020186395
394,-0.5247597328811405,-0.5247597328811405
395,-0.06950999787079692,-0.06950999787079692
396,-0.6039335996071031,-0.6039335996071031
397,-0.4455858655613742,-0.4455858655613742
398,0.16801160290089476,0.16801160290089476
399,0.5539842041548937,0.5539842041548937
400,0.10863120270797183,0.10863120270797183
401,1.0191306721348554,1.0191306721348554
402,0.2669789367537008,0.2669789367537008
403,0.7172803046854317,0.7172803046854317
404,1.0438725057465077,1.0438725057465077
405,-0.029923064210913765,-0.029923064210913765
406,0.24718546962685742,0.24718546962685742
407,-1.108667001246948,-1.108667001246948
408,-1.4797945024527162,-1.4797945024527162
409,-0.8414552003787948,-0.8414552003787948
410,-1.2868082018257168,-1.2868082018257168
411,-1.0641317011022557,-1.0641317011022557
412,-1.331343501970409,-1.331343501970409
413,-0.6237270661401427,-0.6237270661401427
414,0.3857397371395466,0.3857397371395466
415,-1.3758788021151012,-1.3758788021151012
416,0.7618156048301239,0.7618156048301239
417,0.8211960050230468,0.8211960050230468
418,-1.4649494024044856,-1.4649494024044856
419,0.8360411050712776,0.8360411050712776
420,-0.2921864985942579,-0.2921864985942579
421,-0.4455858655613742,-0.4455858655613742
422,0.539139104106663,0.539139104106663
423,-0.7078492999447182,-0.7078492999447182
424,-0.48517279922125733,-0.48517279922125733
425,-0.06950999787079692,-0.06950999787079692
426,-0.08435509791902765,-0.08435509791902765
427,2.11271970921912,2.11271970921912
428,0.22739200309381766,0.22739200309381766
429,-1.108667001246948,-1.108667001246948
430,-0.4554825991247959,-0.4554825991247959
431,-1.1828925014881015,-1.1828925014881015
432,-0.94537090071641,-0.94537090071641
433,-0.6781590998482568,-0.6781590998482568
434,0.3461528034796635,0.3461528034796635
435,1.1378914725207012,1.1378914725207012
436,0.9993372056018156,0.9993372056018156
437,2.127564809267351,2.127564809267351
438,1.1774784061805843,1.1774784061805843
439,-1.6282455029350236,-1.6282455029350236
440,-0.94537090071641,-0.94537090071641
441,0.9844921055535848,0.9844921055535848
442,-1.0344415010057944,-1.0344415010057944
443,1.8900432084956593,1.8900432084956593
444,-1.4649494024044856,-1.4649494024044856
445,-0.885990500523487,-0.885990500523487
446,-1.4501043023562548,-1.4501043023562548
447,-1.108667001246948,-1.108667001246948
448,-1.8509220036584844,-1.8509220036584844
449,-1.1828925014881015,-1.1828925014881015
450,-0.32187669869071933,-0.32187669869071933
451,-0.32187669869071933,-0.32187669869071933
452,-1.7321612032726386,-1.7321612032726386
453,-1.7321612032726386,-1.7321612032726386
454,-1.4649494024044856,-1.4649494024044856
455,-0.885990500523487,-0.885990500523487
456,-1.3016533018739473,-1.3016533018739473
457,-1.9399926039478688,-1.9399926039478688
458,1.622831407627506,1.622831407627506
459,2.246325609653197,2.246325609653197
460,1.2368588063735073,1.2368588063735073
461,-1.1828925014881015,-1.1828925014881015
462,-0.010129597677874002,-0.010129597677874002
463,-0.9305258006681792,-0.9305258006681792
464,-0.27734139854602713,-0.27734139854602713
465,-1.004751300909333,-1.004751300909333
466,1.1180980059876615,1.1180980059876615
467,-0.1585805981601813,-0.1585805981601813
468,-0.4703276991730266,-0.4703276991730266
469,1.6079863075792755,1.6079863075792755
470,1.0141823056500463,1.0141823056500463
471,2.087977875607468,2.087977875607468
472,0.702435204637201,0.702435204637201
473,-1.6134004028867928,-1.6134004028867928
474,-0.9008356005717177,-0.9008356005717177
475,-0.22785773191652592,-0.22785773191652592
476,-0.24765119844956568,-0.24765119844956568
477,-0.4703276991730266,-0.4703276991730266
478,1.7119020079168905,1.7119020079168905
479,-1.7618514033691,-1.7618514033691
480,0.06904426904808868,0.06904426904808868
481,-0.3466185323023717,-0.3466185323023717
482,-0.42579239902833443,-0.42579239902833443
483,-0.06950999787079692,-0.06950999787079692
484,0.40553320367258644,0.40553320367258644
485,0.46491360386550934,0.46491360386550934
486,0.9993372056018156,0.9993372056018156
487,1.1626333061323535,1.1626333061323535
488,0.3461528034796635,0.3461528034796635
489,0.7469705047818932,0.7469705047818932
490,0.7618156048301239,0.7618156048301239
491,-0.48517279922125733,-0.48517279922125733
492,0.702435204637201,0.702435204637201
493,0.7469705047818932,0.7469705047818932
494,-1.3907239021633317,-1.3907239021633317
495,-1.6282455029350236,-1.6282455029350236
496,-0.722694399992949,-0.722694399992949
497,0.18780506943393452,0.18780506943393452
498,0.46491360386550934,0.46491360386550934
499,0.18780506943393452,0.18780506943393452
500,-0.8018682667189114,-0.8018682667189114
501,-1.3907239021633317,-1.3907239021633317
502,-0.94537090071641,-0.94537090071641
503,-1.3758788021151012,-1.3758788021151012
504,-1.1828925014881015,-1.1828925014881015
505,0.5242940040584323,0.5242940040584323
506,-0.5742433995106417,-0.5742433995106417
507,0.153166502852664,0.153166502852664
508,0.9399568054088927,0.9399568054088927
509,1.0389241392616988,1.0389241392616988
510,-0.09920019796725837,-0.09920019796725837
511,-0.8414552003787948,-0.8414552003787948
512,-1.6134004028867928,-1.6134004028867928
513,0.8014025384900071,0.8014025384900071
514,0.7915058049265854,0.7915058049265854
515,0.18285670294912548,0.18285670294912548
516,-0.9008356005717177,-0.9008356005717177
517,-0.4653793326882176,-0.4653793326882176
518,-1.6430906029832542,-1.6430906029832542
519,-0.7820748001858719,-0.7820748001858719
520,0.5045005375253925,0.5045005375253925
521,2.167151742927234,2.167151742927234
522,1.9494236086885823,1.9494236086885823
523,0.3461528034796635,0.3461528034796635
524,-0.5445531994141802,-0.5445531994141802
525,-0.7029009334599094,-0.7029009334599094
526,-0.5297080993659495,-0.5297080993659495
527,-0.6187786996553339,-0.6187786996553339
528,1.2368588063735073,1.2368588063735073
529,-0.6781590998482568,-0.6781590998482568
530,-1.5540200026938698,-1.5540200026938698
531,-0.8711454004752562,-0.8711454004752562
532,-0.03981979777433546,-0.03981979777433546
533,-0.9899062008611021,-0.9899062008611021
534,-1.0641317011022557,-1.0641317011022557
535,-1.6876259031279464,-1.6876259031279464
536,-1.0789768011504866,-1.0789768011504866
537,-1.004751300909333,-1.004751300909333
538,-1.8360769036102538,-1.8360769036102538
539,0.06409590256327964,0.06409590256327964
540,-0.5593982994624109,-0.5593982994624109
541,0.46491360386550934,0.46491360386550934
542,-1.4797945024527162,-1.4797945024527162
543,0.539139104106663,0.539139104106663
544,0.36099790352789424,0.36099790352789424
545,-1.3907239021633317,-1.3907239021633317
546,-0.3664119988354115,-0.3664119988354115
547,-0.4703276991730266,-0.4703276991730266
548,1.147788206084123,1.147788206084123
549,0.9201633388758529,0.9201633388758529
550,0.3016175033349713,0.3016175033349713
551,-0.663313999800026,-0.663313999800026
552,0.5094489040102015,0.5094489040102015
553,-0.6039335996071031,-0.6039335996071031
554,1.9494236086885823,1.9494236086885823
555,1.5931412075310447,1.5931412075310447
556,-1.5540200026938698,-1.5540200026938698
557,0.16801160290089476,0.16801160290089476
558,-1.2274278016327937,-1.2274278016327937
559,-0.1585805981601813,-0.1585805981601813
560,0.16801160290089476,0.16801160290089476
561,-0.06950999787079692,-0.06950999787079692
562,1.2764457400333904,1.2764457400333904
563,0.8211960050230468,0.8211960050230468
564,0.6875901045889703,0.6875901045889703
565,0.46491360386550934,0.46491360386550934
566,0.8360411050712776,0.8360411050712776
567,0.7172803046854317,0.7172803046854317
568,0.37584300357612493,0.37584300357612493
569,0.5638809377183154,0.5638809377183154
570,0.8805764052159697,0.8805764052159697
571,0.07894100261151037,0.07894100261151037
572,-0.9305258006681792,-0.9305258006681792
573,-1.3610337020668704,-1.3610337020668704
574,-1.5738134692269097,-1.5738134692269097
575,-1.1532023013916401,-1.1532023013916401
576,-0.2179609983531042,-0.2179609983531042
577,0.049250802515048916,0.049250802515048916
578,0.029457335982009152,0.029457335982009152
579,-0.5593982994624109,-0.5593982994624109
580,-0.3515668987871808,-0.3515668987871808
581,1.3556196067593531,1.3556196067593531
582,-0.4703276991730266,-0.4703276991730266
583,-1.1383572013434093,-1.1383572013434093
584,1.029027405698277,1.029027405698277
585,0.5242940040584323,0.5242940040584323
586,-0.33672179873895003,-0.33672179873895003
587,0.7618156048301239,0.7618156048301239
588,0.1284246692410116,0.1284246692410116
589,0.049250802515048916,0.049250802515048916
590,0.12347630275620256,0.12347630275620256
591,-0.42579239902833443,-0.42579239902833443
592,0.1284246692410116,0.1284246692410116
593,-0.17342569820841203,-0.17342569820841203
594,-1.5688651027421006,-1.5688651027421006
595,0.7420221382970842,0.7420221382970842
596,0.06409590256327964,0.06409590256327964
597,2.246325609653197,2.246325609653197
598,1.8455079083509671,1.8455079083509671
599,0.049250802515048916,0.049250802515048916
600,1.3754130732923928,1.3754130732923928
601,-0.24765119844956568,-0.24765119844956568
602,1.4545869406121592,1.4545869406121592
603,0.3461528034796635,0.3461528034796635
604,-1.004751300909333,-1.004751300909333
605,-0.3515668987871808,-0.3515668987871808
606,1.0785110723277782,1.0785110723277782
607,-1.5540200026938698,-1.5540200026938698
608,-0.7969199002341026,-0.7969199002341026
609,0.9251117053606619,0.9251117053606619
610,-1.3610337020668704,-1.3610337020668704
611,0.5045005375253925,0.5045005375253925
612,-0.6336237997035646,-0.6336237997035646
613,0.06904426904808868,0.06904426904808868
614,-1.435259202308024,-1.435259202308024
615,0.544087470591472,0.544087470591472
616,-0.12889039806371982,-0.12889039806371982
617,-0.42579239902833443,-0.42579239902833443
618,-0.5742433995106417,-0.5742433995106417
619,-1.4649494024044856,-1.4649494024044856
620,0.07894100261151037,0.07894100261151037
621,0.42037830372081714,0.42037830372081714
622,-0.5841401330740634,-0.5841401330740634
623,0.5985195042995859,0.5985195042995859
624,-1.6876259031279464,-1.6876259031279464
625,0.4253266702056262,0.4253266702056262
626,1.31603267309947,1.31603267309947
627,0.9993372056018156,0.9993372056018156
628,-0.11404529801548911,-0.11404529801548911
629,-0.9305258006681792,-0.9305258006681792
630,1.0587176057947385,1.0587176057947385
631,0.12347630275620256,0.12347630275620256
632,-0.14373549811195058,-0.14373549811195058
633,-0.9998029344245241,-0.9998029344245241
634,-0.44063749907656513,-0.44063749907656513
635,-0.3664119988354115,-0.3664119988354115
636,0.00966386885516576,0.00966386885516576
637,1.3853098068558145,1.3853098068558145
638,1.1626333061323535,1.1626333061323535
639,2.246325609653197,2.246325609653197
640,-0.010129597677874002,-0.010129597677874002
641,-0.9008356005717177,-0.9008356005717177
642,0.1284246692410116,0.1284246692410116
643,0.4946038039619708,0.4946038039619708
644,0.6282097043960474,0.6282097043960474
645,-0.06950999787079692,-0.06950999787079692
646,-0.2080642647896825,-0.2080642647896825
647,0.5242940040584323,0.5242940040584323
648,0.4352234037690479,0.4352234037690479
649,0.5836744042513552,0.5836744042513552
650,-0.17342569820841203,-0.17342569820841203
651,0.4847070703985491,0.4847070703985491
652,-0.9602160007646406,-0.9602160007646406
653,-1.7321612032726386,-1.7321612032726386
654,-1.108667001246948,-1.108667001246948
655,-1.435259202308024,-1.435259202308024
656,-1.2274278016327937,-1.2274278016327937
657,-1.5738134692269097,-1.5738134692269097
658,-1.2868082018257168,-1.2868082018257168
659,-1.049286601054025,-1.049286601054025
660,-1.2868082018257168,-1.2868082018257168
661,-1.049286601054025,-1.049286601054025
662,-0.42579239902833443,-0.42579239902833443
663,-0.48517279922125733,-0.48517279922125733
664,-0.4109472989801037,-0.4109472989801037
665,0.8063509049748161,0.8063509049748161
666,0.22739200309381766,0.22739200309381766
667,0.6727450045407395,0.6727450045407395
668,0.5836744042513552,0.5836744042513552
669,-1.5243298025974084,-1.5243298025974084
670,-0.8563003004270255,-0.8563003004270255
671,1.0141823056500463,1.0141823056500463
672,-1.5738134692269097,-1.5738134692269097
673,2.1869452094602737,2.1869452094602737
674,0.00966386885516576,0.00966386885516576
675,1.29623920656643,1.29623920656643
676,0.004715502370356726,0.004715502370356726
677,0.5242940040584323,0.5242940040584323
678,1.1032529059394307,1.1032529059394307
679,-0.010129597677874002,-0.010129597677874002
680,-1.1977376015363324,-1.1977376015363324
681,-1.9103024038514074,-1.9103024038514074
682,0.36099790352789424,0.36099790352789424
683,0.36594627001270325,0.36594627001270325
684,0.06904426904808868,0.06904426904808868
685,0.3313077034314328,0.3313077034314328
686,1.2220137063252765,1.2220137063252765
687,-1.1235121012951788,-1.1235121012951788
688,-1.6134004028867928,-1.6134004028867928
689,-1.2868082018257168,-1.2868082018257168
690,0.12347630275620256,0.12347630275620256
691,1.0587176057947385,1.0587176057947385
692,1.6525216077239677,1.6525216077239677
693,1.9048883085438901,1.9048883085438901
694,1.8306628083027363,1.8306628083027363
695,1.860353008399198,1.860353008399198
696,0.4500685038172786,0.4500685038172786
697,1.251703906421738,1.251703906421738
698,-0.3664119988354115,-0.3664119988354115
699,-1.7618514033691,-1.7618514033691
700,0.9102666053124312,0.9102666053124312
701,-1.5094847025491775,-1.5094847025491775
702,-1.3016533018739473,-1.3016533018739473
703,0.4352234037690479,0.4352234037690479
704,-1.1977376015363324,-1.1977376015363324
705,0.7420221382970842,0.7420221382970842
706,-1.4649494024044856,-1.4649494024044856
707,-0.08435509791902765,-0.08435509791902765
708,-0.9305258006681792,-0.9305258006681792
709,-0.7078492999447182,-0.7078492999447182
710,-0.33672179873895003,-0.33672179873895003
711,1.7119020079168905,1.7119020079168905
712,0.3461528034796635,0.3461528034796635
713,1.251703906421738,1.251703906421738
714,0.31646260338320203,0.31646260338320203
715,0.9102666053124312,0.9102666053124312
716,0.16801160290089476,0.16801160290089476
717,-0.3466185323023717,-0.3466185323023717
718,0.37584300357612493,0.37584300357612493
719,1.8900432084956593,1.8900432084956593
720,0.5985195042995859,0.5985195042995859
721,0.7618156048301239,0.7618156048301239
722,0.6282097043960474,0.6282097043960474
723,0.47975870391374004,0.47975870391374004
724,-1.7766965034173308,-1.7766965034173308
725,0.0937861026597411,0.0937861026597411
726,1.7712824081098135,1.7712824081098135
727,-1.3610337020668704,-1.3610337020668704
728,-0.42579239902833443,-0.42579239902833443
729,-0.38125709888364223,-0.38125709888364223
730,-0.8117650002823333,-0.8117650002823333
731,-0.23280609840133493,-0.23280609840133493
732,-0.5841401330740634,-0.5841401330740634
733,0.00966386885516576,0.00966386885516576
734,-0.12889039806371982,-0.12889039806371982
735,2.127564809267351,2.127564809267351
736,0.25708220319027913,0.25708220319027913
737,1.533760807338122,1.533760807338122
738,0.30656586981978035,0.30656586981978035
739,1.860353008399198,1.860353008399198
740,0.9399568054088927,0.9399568054088927
741,-0.09920019796725837,-0.09920019796725837
742,-0.9404225342316012,-0.9404225342316012
743,-1.1383572013434093,-1.1383572013434093
744,-0.3070315986424886,-0.3070315986424886
745,-1.2967049353891387,-1.2967049353891387
746,-1.2422729016810246,-1.2422729016810246
747,-1.3560853355820615,-1.3560853355820615
748,0.4352234037690479,0.4352234037690479
749,0.7222286711702408,0.7222286711702408
750,-0.5445531994141802,-0.5445531994141802
751,-1.7717481369325216,-1.7717481369325216
752,-0.18827079825664275,-0.18827079825664275
753,-0.663313999800026,-0.663313999800026
754,0.4847070703985491,0.4847070703985491
755,1.474380407145199,1.474380407145199
756,0.034405702466818185,0.034405702466818185
757,1.29623920656643,1.29623920656643
758,1.9494236086885823,1.9494236086885823
759,-0.03981979777433546,-0.03981979777433546
760,0.30656586981978035,0.30656586981978035
761,0.37584300357612493,0.37584300357612493
762,0.865731305167739,0.865731305167739
763,0.22739200309381766,0.22739200309381766
764,-0.4703276991730266,-0.4703276991730266
765,-0.5445531994141802,-0.5445531994141802
766,-1.7915416034655616,-1.7915416034655616
767,-1.3164984019221782,-1.3164984019221782
768,0.5985195042995859,0.5985195042995859
769,1.1774784061805843,1.1774784061805843
770,-1.7173161032244078,-1.7173161032244078
771,-0.7969199002341026,-0.7969199002341026
772,0.7915058049265854,0.7915058049265854
773,-1.2125827015845632,-1.2125827015845632
774,0.7618156048301239,0.7618156048301239
775,0.5242940040584323,0.5242940040584323
776,1.132943106035892,1.132943106035892
777,-0.9899062008611021,-0.9899062008611021
778,-1.5837102027903314,-1.5837102027903314
779,1.7119020079168905,1.7119020079168905
780,0.8211960050230468,0.8211960050230468
781,1.3556196067593531,1.3556196067593531
782,1.6525216077239677,1.6525216077239677
783,0.18780506943393452,0.18780506943393452
784,-1.3610337020668704,-1.3610337020668704
785,-1.0641317011022557,-1.0641317011022557
786,-1.3461886020186395,-1.3461886020186395
787,-0.17342569820841203,-0.17342569820841203
788,-1.3461886020186395,-1.3461886020186395
789,-1.2422729016810246,-1.2422729016810246
790,-1.004751300909333,-1.004751300909333
791,-1.4501043023562548,-1.4501043023562548
792,-1.0195964009575635,-1.0195964009575635
793,-1.049286601054025,-1.049286601054025
794,-0.663313999800026,-0.663313999800026
795,-1.2868082018257168,-1.2868082018257168
796,0.40553320367258644,0.40553320367258644
797,0.3263593369466237,0.3263593369466237
798,0.07894100261151037,0.07894100261151037
799,-0.9008356005717177,-0.9008356005717177
800,-0.6930041998964875,-0.6930041998964875
801,1.31603267309947,1.31603267309947
802,-0.08435509791902765,-0.08435509791902765
803,-0.48517279922125733,-0.48517279922125733
804,1.2220137063252765,1.2220137063252765
805,-0.12889039806371982,-0.12889039806371982
806,-0.5049662657542972,-0.5049662657542972
807,-0.33672179873895003,-0.33672179873895003
808,-0.6039335996071031,-0.6039335996071031
809,0.7618156048301239,0.7618156048301239
810,2.0088040088815053,2.0088040088815053
811,-0.06950999787079692,-0.06950999787079692
812,0.06409590256327964,0.06409590256327964
813,0.702435204637201,0.702435204637201
814,-0.42579239902833443,-0.42579239902833443
815,-0.27734139854602713,-0.27734139854602713
816,-0.3664119988354115,-0.3664119988354115
817,-0.2624962984977964,-0.2624962984977964
818,0.5836744042513552,0.5836744042513552
819,1.3952065404192362,1.3952065404192362
820,-0.029923064210913765,-0.029923064210913765
821,0.6628482709773178,0.6628482709773178
822,-0.12889039806371982,-0.12889039806371982
823,-1.3758788021151012,-1.3758788021151012
824,-1.3560853355820615,-1.3560853355820615
825,0.36594627001270325,0.36594627001270325
826,0.6430548044442781,0.6430548044442781
827,1.1180980059876615,1.1180980059876615
828,0.0937861026597411,0.0937861026597411
829,0.4500685038172786,0.4500685038172786
830,-0.168477331723603,-0.168477331723603
831,-1.1235121012951788,-1.1235121012951788
832,-0.8711454004752562,-0.8711454004752562
833,-0.9602160007646406,-0.9602160007646406
834,-1.1235121012951788,-1.1235121012951788
835,-1.435259202308024,-1.435259202308024
836,-0.03981979777433546,-0.03981979777433546
837,0.9696470055053541,0.9696470055053541
838,0.9251117053606619,0.9251117053606619
839,-0.7078492999447182,-0.7078492999447182
840,0.8014025384900071,0.8014025384900071
841,-0.7672297001376411,-0.7672297001376411
842,-1.1185637348103699,-1.1185637348103699
843,-0.8117650002823333,-0.8117650002823333
844,0.4946038039619708,0.4946038039619708
845,0.47975870391374004,0.47975870391374004
846,-1.108667001246948,-1.108667001246948
847,-0.09920019796725837,-0.09920019796725837
848,-1.0344415010057944,-1.0344415010057944
849,0.5539842041548937,0.5539842041548937
