,y_test,y_pred
0,1.275154239568392,1.275154239568392
1,0.02527086602251106,0.02527086602251106
2,0.02527086602251106,0.02527086602251106
3,1.0668403439774115,1.0668403439774115
4,0.4418986572044717,0.4418986572044717
5,0.650212552795452,0.650212552795452
6,0.650212552795452,0.650212552795452
7,-0.5996708207504293,-0.5996708207504293
8,-0.807984716341409,-0.807984716341409
9,1.275154239568392,1.275154239568392
10,0.650212552795452,0.650212552795452
11,-0.391356925159449,-0.391356925159449
12,0.02527086602251106,0.02527086602251106
13,2.5250376131142724,2.5250376131142724
14,1.4834681351593721,1.4834681351593721
15,0.02527086602251106,0.02527086602251106
16,-1.84955419429631,-1.84955419429631
17,-1.2246125075233696,-1.2246125075233696
18,-1.2246125075233696,-1.2246125075233696
19,0.8585264483864323,0.8585264483864323
20,1.6917820307503524,1.6917820307503524
21,-1.0162986119323894,-1.0162986119323894
22,-0.18304302956846868,-0.18304302956846868
23,0.02527086602251106,0.02527086602251106
24,0.4418986572044717,0.4418986572044717
25,1.4834681351593721,1.4834681351593721
26,-0.5996708207504293,-0.5996708207504293
27,-0.807984716341409,-0.807984716341409
28,0.650212552795452,0.650212552795452
29,-1.4329264031143494,-1.4329264031143494
30,1.0668403439774115,1.0668403439774115
31,0.4418986572044717,0.4418986572044717
32,2.108409821932313,2.108409821932313
33,0.650212552795452,0.650212552795452
34,1.4834681351593721,1.4834681351593721
35,0.02527086602251106,0.02527086602251106
36,0.4418986572044717,0.4418986572044717
37,0.02527086602251106,0.02527086602251106
38,1.0668403439774115,1.0668403439774115
39,2.3167237175232924,2.3167237175232924
40,1.0668403439774115,1.0668403439774115
41,0.8585264483864323,0.8585264483864323
42,-0.18304302956846868,-0.18304302956846868
43,0.02527086602251106,0.02527086602251106
44,0.650212552795452,0.650212552795452
45,-0.807984716341409,-0.807984716341409
46,1.0668403439774115,1.0668403439774115
47,-1.0162986119323894,-1.0162986119323894
48,-0.5996708207504293,-0.5996708207504293
49,-1.0162986119323894,-1.0162986119323894
50,-0.807984716341409,-0.807984716341409
51,1.9000959263413328,1.9000959263413328
52,-0.18304302956846868,-0.18304302956846868
53,-1.0162986119323894,-1.0162986119323894
54,-0.5996708207504293,-0.5996708207504293
55,-0.807984716341409,-0.807984716341409
56,3.566607091069173,3.566607091069173
57,-0.391356925159449,-0.391356925159449
58,0.8585264483864323,0.8585264483864323
59,-0.5996708207504293,-0.5996708207504293
60,0.8585264483864323,0.8585264483864323
61,0.02527086602251106,0.02527086602251106
62,0.4418986572044717,0.4418986572044717
63,-0.807984716341409,-0.807984716341409
64,1.275154239568392,1.275154239568392
65,-0.807984716341409,-0.807984716341409
66,-0.18304302956846868,-0.18304302956846868
67,1.0668403439774115,1.0668403439774115
68,0.650212552795452,0.650212552795452
69,1.275154239568392,1.275154239568392
70,0.650212552795452,0.650212552795452
71,0.8585264483864323,0.8585264483864323
72,0.4418986572044717,0.4418986572044717
73,0.23358476161349137,0.23358476161349137
74,0.02527086602251106,0.02527086602251106
75,0.4418986572044717,0.4418986572044717
76,0.4418986572044717,0.4418986572044717
77,0.650212552795452,0.650212552795452
78,-1.0162986119323894,-1.0162986119323894
79,-0.391356925159449,-0.391356925159449
80,0.4418986572044717,0.4418986572044717
81,-2.4744958810692506,-2.4744958810692506
82,-1.0162986119323894,-1.0162986119323894
83,-0.807984716341409,-0.807984716341409
84,-1.2246125075233696,-1.2246125075233696
85,-1.6412402987053298,-1.6412402987053298
86,-0.5996708207504293,-0.5996708207504293
87,0.4418986572044717,0.4418986572044717
88,0.8585264483864323,0.8585264483864323
89,-0.807984716341409,-0.807984716341409
90,0.650212552795452,0.650212552795452
91,-0.807984716341409,-0.807984716341409
92,0.8585264483864323,0.8585264483864323
93,0.650212552795452,0.650212552795452
94,0.23358476161349137,0.23358476161349137
95,0.23358476161349137,0.23358476161349137
96,1.275154239568392,1.275154239568392
97,-0.18304302956846868,-0.18304302956846868
98,1.9000959263413328,1.9000959263413328
99,0.650212552795452,0.650212552795452
100,-0.5996708207504293,-0.5996708207504293
101,0.23358476161349137,0.23358476161349137
102,0.8585264483864323,0.8585264483864323
103,-1.2246125075233696,-1.2246125075233696
104,1.0668403439774115,1.0668403439774115
105,1.4834681351593721,1.4834681351593721
106,0.02527086602251106,0.02527086602251106
107,0.23358476161349137,0.23358476161349137
108,-0.5996708207504293,-0.5996708207504293
109,1.0668403439774115,1.0668403439774115
110,0.02527086602251106,0.02527086602251106
111,1.9000959263413328,1.9000959263413328
112,-0.5996708207504293,-0.5996708207504293
113,-1.4329264031143494,-1.4329264031143494
114,0.650212552795452,0.650212552795452
115,-1.0162986119323894,-1.0162986119323894
116,1.275154239568392,1.275154239568392
117,0.02527086602251106,0.02527086602251106
118,-0.18304302956846868,-0.18304302956846868
119,0.4418986572044717,0.4418986572044717
120,-0.391356925159449,-0.391356925159449
121,-1.6412402987053298,-1.6412402987053298
122,0.23358476161349137,0.23358476161349137
123,-1.0162986119323894,-1.0162986119323894
124,1.4834681351593721,1.4834681351593721
125,-1.2246125075233696,-1.2246125075233696
126,0.650212552795452,0.650212552795452
127,0.23358476161349137,0.23358476161349137
128,0.8585264483864323,0.8585264483864323
129,1.0668403439774115,1.0668403439774115
130,1.0668403439774115,1.0668403439774115
131,-0.5996708207504293,-0.5996708207504293
132,-0.807984716341409,-0.807984716341409
133,-0.18304302956846868,-0.18304302956846868
134,0.02527086602251106,0.02527086602251106
135,-0.18304302956846868,-0.18304302956846868
136,-0.807984716341409,-0.807984716341409
137,0.650212552795452,0.650212552795452
138,-2.0578680898872896,-2.0578680898872896
139,-1.4329264031143494,-1.4329264031143494
140,-1.2246125075233696,-1.2246125075233696
141,-1.6412402987053298,-1.6412402987053298
142,-1.84955419429631,-1.84955419429631
143,-0.807984716341409,-0.807984716341409
144,-1.2246125075233696,-1.2246125075233696
145,0.02527086602251106,0.02527086602251106
146,-0.807984716341409,-0.807984716341409
147,0.23358476161349137,0.23358476161349137
148,-1.4329264031143494,-1.4329264031143494
149,0.02527086602251106,0.02527086602251106
150,-1.4329264031143494,-1.4329264031143494
151,-0.18304302956846868,-0.18304302956846868
152,1.0668403439774115,1.0668403439774115
153,0.23358476161349137,0.23358476161349137
154,-0.18304302956846868,-0.18304302956846868
155,0.650212552795452,0.650212552795452
156,0.02527086602251106,0.02527086602251106
157,0.23358476161349137,0.23358476161349137
158,0.02527086602251106,0.02527086602251106
159,1.275154239568392,1.275154239568392
160,0.4418986572044717,0.4418986572044717
161,-0.391356925159449,-0.391356925159449
162,-0.18304302956846868,-0.18304302956846868
163,0.650212552795452,0.650212552795452
164,-0.807984716341409,-0.807984716341409
165,0.23358476161349137,0.23358476161349137
166,-0.807984716341409,-0.807984716341409
167,-1.4329264031143494,-1.4329264031143494
168,-2.0578680898872896,-2.0578680898872896
169,-0.807984716341409,-0.807984716341409
170,-1.0162986119323894,-1.0162986119323894
171,-0.807984716341409,-0.807984716341409
172,-1.4329264031143494,-1.4329264031143494
173,-0.391356925159449,-0.391356925159449
174,0.8585264483864323,0.8585264483864323
175,-0.18304302956846868,-0.18304302956846868
176,-1.4329264031143494,-1.4329264031143494
177,-0.391356925159449,-0.391356925159449
178,-2.0578680898872896,-2.0578680898872896
179,-1.2246125075233696,-1.2246125075233696
180,0.23358476161349137,0.23358476161349137
181,0.02527086602251106,0.02527086602251106
182,1.275154239568392,1.275154239568392
183,-0.807984716341409,-0.807984716341409
184,-1.0162986119323894,-1.0162986119323894
185,-1.2246125075233696,-1.2246125075233696
186,1.275154239568392,1.275154239568392
187,1.0668403439774115,1.0668403439774115
188,1.9000959263413328,1.9000959263413328
189,0.8585264483864323,0.8585264483864323
190,0.23358476161349137,0.23358476161349137
191,0.8585264483864323,0.8585264483864323
192,0.650212552795452,0.650212552795452
193,-1.4329264031143494,-1.4329264031143494
194,-1.2246125075233696,-1.2246125075233696
195,0.4418986572044717,0.4418986572044717
196,-0.5996708207504293,-0.5996708207504293
197,-0.18304302956846868,-0.18304302956846868
198,-1.0162986119323894,-1.0162986119323894
199,-1.6412402987053298,-1.6412402987053298
200,-1.2246125075233696,-1.2246125075233696
201,-1.2246125075233696,-1.2246125075233696
202,-1.4329264031143494,-1.4329264031143494
203,-0.807984716341409,-0.807984716341409
204,-1.2246125075233696,-1.2246125075233696
205,-0.807984716341409,-0.807984716341409
206,-1.6412402987053298,-1.6412402987053298
207,0.4418986572044717,0.4418986572044717
208,0.650212552795452,0.650212552795452
209,-0.807984716341409,-0.807984716341409
210,0.02527086602251106,0.02527086602251106
211,0.4418986572044717,0.4418986572044717
212,0.4418986572044717,0.4418986572044717
213,0.02527086602251106,0.02527086602251106
214,-0.18304302956846868,-0.18304302956846868
215,-0.5996708207504293,-0.5996708207504293
216,-0.391356925159449,-0.391356925159449
217,1.4834681351593721,1.4834681351593721
218,1.9000959263413328,1.9000959263413328
219,1.275154239568392,1.275154239568392
220,2.3167237175232924,2.3167237175232924
221,-1.0162986119323894,-1.0162986119323894
222,1.4834681351593721,1.4834681351593721
223,0.02527086602251106,0.02527086602251106
224,0.650212552795452,0.650212552795452
225,1.275154239568392,1.275154239568392
226,1.0668403439774115,1.0668403439774115
227,0.23358476161349137,0.23358476161349137
228,0.8585264483864323,0.8585264483864323
229,-1.6412402987053298,-1.6412402987053298
230,0.4418986572044717,0.4418986572044717
231,-0.18304302956846868,-0.18304302956846868
232,-1.2246125075233696,-1.2246125075233696
233,0.02527086602251106,0.02527086602251106
234,0.02527086602251106,0.02527086602251106
235,0.23358476161349137,0.23358476161349137
236,-0.391356925159449,-0.391356925159449
237,-0.5996708207504293,-0.5996708207504293
238,-0.807984716341409,-0.807984716341409
239,0.4418986572044717,0.4418986572044717
240,0.23358476161349137,0.23358476161349137
241,-0.5996708207504293,-0.5996708207504293
242,-1.6412402987053298,-1.6412402987053298
243,-0.18304302956846868,-0.18304302956846868
244,2.108409821932313,2.108409821932313
245,-0.5996708207504293,-0.5996708207504293
246,0.4418986572044717,0.4418986572044717
247,0.02527086602251106,0.02527086602251106
248,-0.807984716341409,-0.807984716341409
249,2.733351508705253,2.733351508705253
250,1.6917820307503524,1.6917820307503524
251,0.23358476161349137,0.23358476161349137
252,1.275154239568392,1.275154239568392
253,0.650212552795452,0.650212552795452
254,0.4418986572044717,0.4418986572044717
255,0.8585264483864323,0.8585264483864323
256,1.275154239568392,1.275154239568392
257,0.02527086602251106,0.02527086602251106
258,-1.2246125075233696,-1.2246125075233696
259,-0.391356925159449,-0.391356925159449
260,-0.391356925159449,-0.391356925159449
261,-1.4329264031143494,-1.4329264031143494
262,-1.2246125075233696,-1.2246125075233696
263,-0.807984716341409,-0.807984716341409
264,-1.4329264031143494,-1.4329264031143494
265,-1.4329264031143494,-1.4329264031143494
266,0.4418986572044717,0.4418986572044717
267,-0.18304302956846868,-0.18304302956846868
268,-0.391356925159449,-0.391356925159449
269,2.5250376131142724,2.5250376131142724
270,-0.18304302956846868,-0.18304302956846868
271,0.8585264483864323,0.8585264483864323
272,-0.5996708207504293,-0.5996708207504293
273,-1.4329264031143494,-1.4329264031143494
274,0.650212552795452,0.650212552795452
275,0.23358476161349137,0.23358476161349137
276,-0.18304302956846868,-0.18304302956846868
277,-0.5996708207504293,-0.5996708207504293
278,1.275154239568392,1.275154239568392
279,0.02527086602251106,0.02527086602251106
280,0.8585264483864323,0.8585264483864323
281,0.02527086602251106,0.02527086602251106
282,0.8585264483864323,0.8585264483864323
283,-0.5996708207504293,-0.5996708207504293
284,0.02527086602251106,0.02527086602251106
285,0.23358476161349137,0.23358476161349137
286,0.23358476161349137,0.23358476161349137
287,0.8585264483864323,0.8585264483864323
288,0.23358476161349137,0.23358476161349137
289,-0.391356925159449,-0.391356925159449
290,-1.2246125075233696,-1.2246125075233696
291,-0.391356925159449,-0.391356925159449
292,-1.0162986119323894,-1.0162986119323894
293,1.0668403439774115,1.0668403439774115
294,-1.4329264031143494,-1.4329264031143494
295,-0.391356925159449,-0.391356925159449
296,-1.0162986119323894,-1.0162986119323894
297,-1.0162986119323894,-1.0162986119323894
298,-1.6412402987053298,-1.6412402987053298
299,1.0668403439774115,1.0668403439774115
300,0.650212552795452,0.650212552795452
301,-0.18304302956846868,-0.18304302956846868
302,0.02527086602251106,0.02527086602251106
303,0.4418986572044717,0.4418986572044717
304,0.4418986572044717,0.4418986572044717
