,y_test,y_pred
0,-1.1070915455328494,-1.1070915455328494
1,-1.0586790272628779,-1.0586790272628779
2,0.6493966072865149,0.6493966072865149
3,-0.9598794903192724,-0.9598794903192724
4,2.3235519487656817,2.3235519487656817
5,0.8864651344375445,0.8864651344375445
6,1.392230262871942,1.392230262871942
7,0.3409391642224818,0.3409391642224818
8,0.9288305067210717,0.9288305067210717
9,-0.9115170845290468,-0.9115170845290468
10,-0.6158082878590907,-0.6158082878590907
11,-1.9969346868137117,-1.9969346868137117
12,-0.6057391091240051,-0.6057391091240051
13,0.6074046959808607,0.6074046959808607
14,-0.6970875240584705,-0.6970875240584705
15,-0.9109920936059899,-0.9109920936059899
16,-0.9705683425570552,-0.9705683425570552
17,1.8577041296363856,1.8577041296363856
18,1.1932004887457566,1.1932004887457566
19,-0.8469544493191843,-0.8469544493191843
20,-1.5477608392777105,-1.5477608392777105
21,0.8085513311557359,0.8085513311557359
22,1.6893688528882056,1.6893688528882056
23,-1.3321804296726414,-1.3321804296726414
24,0.4298335931689941,0.4298335931689941
25,-0.2618996978557403,-0.2618996978557403
26,0.10016531367942111,0.10016531367942111
27,-0.9620620832039954,-0.9620620832039954
28,1.0066503077690738,1.0066503077690738
29,0.4177055828957243,0.4177055828957243
30,0.04849776879092362,0.04849776879092362
31,-0.38049735240951715,-0.38049735240951715
32,0.8279912451993536,0.8279912451993536
33,0.5516722255357288,0.5516722255357288
34,1.0559017824790922,1.0559017824790922
35,-0.28581026380164865,-0.28581026380164865
36,0.4489012714158886,0.4489012714158886
37,0.10588828713861276,0.10588828713861276
38,-0.6798409885045692,-0.6798409885045692
39,0.633556156598757,0.633556156598757
40,-0.04260210164920788,-0.04260210164920788
41,-0.4956981475405997,-0.4956981475405997
42,-0.09549491915015068,-0.09549491915015068
43,0.4792392532190275,0.4792392532190275
44,1.6832501626107728,1.6832501626107728
45,1.3668240692003601,1.3668240692003601
46,0.23470252797801913,0.23470252797801913
47,-1.361759494548748,-1.361759494548748
48,0.6208564549678192,0.6208564549678192
49,-0.6919804451854087,-0.6919804451854087
50,-0.7491711565443858,-0.7491711565443858
51,0.4298956340143898,0.4298956340143898
52,-0.13251891855963716,-0.13251891855963716
53,-0.26745334020318196,-0.26745334020318196
54,-1.1229043430157855,-1.1229043430157855
55,1.4487584173566572,1.4487584173566572
56,-1.3982293564533008,-1.3982293564533008
57,-0.47739025042958433,-0.47739025042958433
58,-0.030557749921587753,-0.030557749921587753
59,1.4980169143255702,1.4980169143255702
60,1.2188428060901155,1.2188428060901155
61,1.255061366107889,1.255061366107889
62,-1.098939650146374,-1.098939650146374
63,1.0700647193543036,1.0700647193543036
64,-0.9488166424759661,-0.9488166424759661
65,0.3550165572915314,0.3550165572915314
66,-1.4252370024265228,-1.4252370024265228
67,-0.5133678625405446,-0.5133678625405446
68,0.8528683314933669,0.8528683314933669
69,1.0120648510233101,1.0120648510233101
70,0.48380502785170953,0.48380502785170953
71,0.33861119431593595,0.33861119431593595
72,-1.050016495523317,-1.050016495523317
73,0.8797676397430355,0.8797676397430355
74,-0.9747210197164698,-0.9747210197164698
75,-1.077782766302933,-1.077782766302933
76,-0.2192093253875396,-0.2192093253875396
77,0.9035116393846669,0.9035116393846669
78,-0.19606081895735009,-0.19606081895735009
79,-0.33664585498699734,-0.33664585498699734
80,-1.1474123191159278,-1.1474123191159278
81,0.5922415036677714,0.5922415036677714
82,-1.7158287044885956,-1.7158287044885956
83,0.14325211260494006,0.14325211260494006
84,-0.8488172407709248,-0.8488172407709248
85,1.3262189043211179,1.3262189043211179
86,-0.2159252565066754,-0.2159252565066754
87,-0.4990242488553282,-0.4990242488553282
88,0.8975706609030031,0.8975706609030031
89,-0.046163588577005664,-0.046163588577005664
90,-0.182125099088316,-0.182125099088316
91,-1.6496367030037808,-1.6496367030037808
92,1.5357322915135991,1.5357322915135991
93,2.091600273155874,2.091600273155874
94,0.8542864030802717,0.8542864030802717
95,-0.6927029223578207,-0.6927029223578207
96,-0.873526065726165,-0.873526065726165
97,-1.147221276301537,-1.147221276301537
98,1.0309033973136081,1.0309033973136081
99,-0.3512431280938949,-0.3512431280938949
100,-1.1927015328861776,-1.1927015328861776
101,-0.04180090033665489,-0.04180090033665489
102,-0.5036339138730656,-0.5036339138730656
103,0.3915905621545982,0.3915905621545982
104,-0.2830580855211872,-0.2830580855211872
105,-0.7773421555110271,-0.7773421555110271
106,0.17623225695937672,0.17623225695937672
107,-0.045341142874283875,-0.045341142874283875
108,-1.405741020772998,-1.405741020772998
109,-0.6081227014080438,-0.6081227014080438
110,-0.26186296968710154,-0.26186296968710154
111,-1.174497424946807,-1.174497424946807
112,-1.0502543414018093,-1.0502543414018093
113,0.6782107674900544,0.6782107674900544
114,-1.2205042196361051,-1.2205042196361051
115,1.8211335291531106,1.8211335291531106
116,0.774216683011411,0.774216683011411
117,0.2931643216480814,0.2931643216480814
118,-1.234288017789878,-1.234288017789878
119,-1.7686266547485083,-1.7686266547485083
120,-1.4312428086724835,-1.4312428086724835
121,0.2614783064998025,0.2614783064998025
122,-0.20726232199789568,-0.20726232199789568
123,0.6819600357301331,0.6819600357301331
124,-0.6521598890151986,-0.6521598890151986
125,1.660233152356753,1.660233152356753
126,-0.5760797592086638,-0.5760797592086638
127,0.3239588902607986,0.3239588902607986
128,1.1232800334365889,1.1232800334365889
129,0.9211044396754678,0.9211044396754678
130,-1.605484515503538,-1.605484515503538
131,0.5944651625753493,0.5944651625753493
132,-0.6114317160279481,-0.6114317160279481
133,1.0739690824242567,1.0739690824242567
134,0.498733866210067,0.498733866210067
135,0.10024121917631813,0.10024121917631813
136,-0.7584284951104707,-0.7584284951104707
137,0.6386887843607628,0.6386887843607628
138,-0.9897819618642123,-0.9897819618642123
139,-1.2281407775419988,-1.2281407775419988
140,2.4948636762713043,2.4948636762713043
141,0.34036804280757715,0.34036804280757715
142,2.175039079283255,2.175039079283255
143,1.673044324320453,1.673044324320453
144,0.5796411802349856,0.5796411802349856
145,-1.6709482893794354,-1.6709482893794354
146,0.4395136252801341,0.4395136252801341
147,-1.6448265521010572,-1.6448265521010572
148,-0.007138670218133486,-0.007138670218133486
149,0.822062482284858,0.822062482284858
150,-0.7828272472260972,-0.7828272472260972
151,1.1852046246447396,1.1852046246447396
152,-0.17833733775387423,-0.17833733775387423
153,-0.8356606846837915,-0.8356606846837915
154,0.40937147820643777,0.40937147820643777
155,-1.0280486491512788,-1.0280486491512788
156,0.21633754788520046,0.21633754788520046
157,-1.510688153279574,-1.510688153279574
158,-0.38893758911711795,-0.38893758911711795
159,-0.18394385363627286,-0.18394385363627286
160,-1.6151145348093463,-1.6151145348093463
161,0.612721231503956,0.612721231503956
162,0.37914345982896647,0.37914345982896647
163,0.12420994462749044,0.12420994462749044
164,0.40919134809797303,0.40919134809797303
165,0.5269039410285267,0.5269039410285267
166,1.559080993176744,1.559080993176744
167,-0.4360415073412764,-0.4360415073412764
168,-0.27928629933989096,-0.27928629933989096
169,-0.04151439547678235,-0.04151439547678235
170,0.27342782061440934,0.27342782061440934
171,-0.20735041491474782,-0.20735041491474782
172,0.9689339579036185,0.9689339579036185
173,0.2034477851000605,0.2034477851000605
174,-0.4390592356431232,-0.4390592356431232
175,-0.5683240671743338,-0.5683240671743338
176,3.7223182412644378,3.7223182412644378
177,-0.04840711444909105,-0.04840711444909105
178,2.071654072945084,2.071654072945084
179,0.012599180493750315,0.012599180493750315
180,-0.5555189763241067,-0.5555189763241067
181,1.6537575773311286,1.6537575773311286
182,-0.8812735413114584,-0.8812735413114584
183,0.40548562525777065,0.40548562525777065
184,-0.9216432848701616,-0.9216432848701616
185,-1.295919171872175,-1.295919171872175
186,-1.4027815866555104,-1.4027815866555104
187,-1.034112098677391,-1.034112098677391
188,0.1654782437678837,0.1654782437678837
189,0.4968557386030849,0.4968557386030849
190,1.0087503552790655,1.0087503552790655
191,-0.48685617365177236,-0.48685617365177236
192,-1.758699738980007,-1.758699738980007
193,-0.5173573912156126,-0.5173573912156126
194,-1.3102579543222972,-1.3102579543222972
195,-0.8106147023901761,-0.8106147023901761
196,1.103099702598091,1.103099702598091
197,-0.9371044355551829,-0.9371044355551829
198,0.6552817923501894,0.6552817923501894
199,0.9786283042208656,0.9786283042208656
200,-0.6953696028338067,-0.6953696028338067
201,-0.099965916164067,-0.099965916164067
202,-2.4708019898616955,-2.4708019898616955
203,1.9528730372167313,1.9528730372167313
204,0.33303141648175816,0.33303141648175816
205,1.7714678736102645,1.7714678736102645
206,0.7082335113856573,0.7082335113856573
207,-1.0840001998500184,-1.0840001998500184
208,0.7038864951190308,0.7038864951190308
209,-0.4146518988181679,-0.4146518988181679
210,-0.6072420019997323,-0.6072420019997323
211,-0.8514324521532494,-0.8514324521532494
212,-0.3702400654850034,-0.3702400654850034
213,-0.653442687698031,-0.653442687698031
214,0.7081394122497607,0.7081394122497607
215,3.138380603038955,3.138380603038955
216,-0.15373230627941206,-0.15373230627941206
217,0.7148023430706781,0.7148023430706781
218,0.2516413816673391,0.2516413816673391
219,-0.6444717316327383,-0.6444717316327383
220,0.0005910557014740794,0.0005910557014740794
221,-1.291190273306789,-1.291190273306789
222,-0.6457432024595651,-0.6457432024595651
223,-1.6257888093437738,-1.6257888093437738
224,-0.09308389299850559,-0.09308389299850559
225,-1.2493273992592624,-1.2493273992592624
226,0.0136506291858283,0.0136506291858283
227,1.4661177894332125,1.4661177894332125
228,-1.5842791074906046,-1.5842791074906046
229,1.6011978041529276,1.6011978041529276
230,0.23417772629320066,0.23417772629320066
231,-1.7740522763286777,-1.7740522763286777
232,2.6116695459519716,2.6116695459519716
233,1.1809381200024367,1.1809381200024367
234,-0.6012794446236261,-0.6012794446236261
235,-1.4686604876400753,-1.4686604876400753
236,-0.3369431414617246,-0.3369431414617246
237,-1.4787542716094637,-1.4787542716094637
238,0.4262284039977357,0.4262284039977357
239,-0.39607912272463536,-0.39607912272463536
240,-0.28351732779186306,-0.28351732779186306
241,0.2382556279726598,0.2382556279726598
242,0.2598994135840899,0.2598994135840899
243,0.6214325390827623,0.6214325390827623
244,0.11737369595950099,0.11737369595950099
245,-0.444056279479986,-0.444056279479986
246,-0.5125998672385353,-0.5125998672385353
247,0.5762365669804972,0.5762365669804972
248,0.9154628507588486,0.9154628507588486
249,-0.21605572871296627,-0.21605572871296627
250,-0.5092812676381812,-0.5092812676381812
251,-1.7217231045973502,-1.7217231045973502
252,-1.4592459004607286,-1.4592459004607286
253,-1.5982982165587494,-1.5982982165587494
254,0.9736748896817866,0.9736748896817866
255,0.8144185599228568,0.8144185599228568
256,-0.7426701117495862,-0.7426701117495862
257,0.28036726176319526,0.28036726176319526
258,-0.19649179249214047,-0.19649179249214047
259,-0.6779340235151388,-0.6779340235151388
260,-1.1093441502859782,-1.1093441502859782
261,0.5200546050003361,0.5200546050003361
262,-0.9933023837594526,-0.9933023837594526
263,0.2725351982187477,0.2725351982187477
264,0.27525956560854203,0.27525956560854203
265,0.2060932250582431,0.2060932250582431
266,-1.0995196796204263,-1.0995196796204263
267,0.48492877250750455,0.48492877250750455
268,-0.7253163286082666,-0.7253163286082666
269,0.23117505075687225,0.23117505075687225
270,-0.47988863856660974,-0.47988863856660974
271,-1.447648156829652,-1.447648156829652
272,0.45985834841742107,0.45985834841742107
273,0.47070202371582276,0.47070202371582276
274,0.5024097896351265,0.5024097896351265
275,0.2689774785118633,0.2689774785118633
276,0.6478562782554061,0.6478562782554061
277,-1.3371876255561703,-1.3371876255561703
278,0.5400254753035971,0.5400254753035971
279,-0.7126766422183496,-0.7126766422183496
280,-0.15179913367908562,-0.15179913367908562
281,0.639946239926016,0.639946239926016
282,0.4365075702280914,0.4365075702280914
283,-0.5856181787243618,-0.5856181787243618
284,-0.18195652087604977,-0.18195652087604977
285,0.11513364129416316,0.11513364129416316
286,-0.7108285539053879,-0.7108285539053879
287,0.9044447556977292,0.9044447556977292
288,0.6310602817637047,0.6310602817637047
289,-0.9953860906567803,-0.9953860906567803
290,0.7999214230140367,0.7999214230140367
291,0.5046137601447737,0.5046137601447737
292,0.7869672950755299,0.7869672950755299
293,-0.8611581707868086,-0.8611581707868086
294,0.11090790059645725,0.11090790059645725
295,-0.5192257565739644,-0.5192257565739644
296,0.4772886310799871,0.4772886310799871
297,1.2959344337535004,1.2959344337535004
298,-1.7416788591004229,-1.7416788591004229
299,-1.3192977125026193,-1.3192977125026193
300,0.7814509408213482,0.7814509408213482
301,1.2327183731401505,1.2327183731401505
302,1.7661405100934686,1.7661405100934686
303,-0.16203818699437314,-0.16203818699437314
304,-0.701475988594863,-0.701475988594863
305,0.4018805580491245,0.4018805580491245
306,-0.754440024306838,-0.754440024306838
307,0.5743528721024647,0.5743528721024647
308,0.7217846620027726,0.7217846620027726
309,0.6003144816095173,0.6003144816095173
310,-0.6840613391644359,-0.6840613391644359
311,1.2077359538353258,1.2077359538353258
312,-0.3443489314853009,-0.3443489314853009
313,2.177612984961922,2.177612984961922
314,2.046407745785301,2.046407745785301
315,-0.8613570961662458,-0.8613570961662458
316,-0.5416381616436449,-0.5416381616436449
317,1.4551064359171362,1.4551064359171362
318,-1.236884310838506,-1.236884310838506
319,-1.6994460341126056,-1.6994460341126056
320,0.2548173967265074,0.2548173967265074
321,-0.7902947737421485,-0.7902947737421485
322,0.003993426285010573,0.003993426285010573
323,0.431053820038961,0.431053820038961
324,-0.6551523729191276,-0.6551523729191276
325,0.21876730097413497,0.21876730097413497
326,0.9341111484345663,0.9341111484345663
327,-0.6716549653898594,-0.6716549653898594
328,0.6815385126273568,0.6815385126273568
329,0.45901797060535293,0.45901797060535293
330,1.4692040822735544,1.4692040822735544
331,0.39651567569335566,0.39651567569335566
332,0.5547731928532768,0.5547731928532768
333,-0.5972174083072642,-0.5972174083072642
334,-0.1528655337720966,-0.1528655337720966
335,0.8747077185908455,0.8747077185908455
336,2.7515326040171173,2.7515326040171173
337,-0.9492992246605659,-0.9492992246605659
338,-0.3265518244101335,-0.3265518244101335
339,-1.8038702585262876,-1.8038702585262876
340,0.5404115010937207,0.5404115010937207
341,0.2766597960179433,0.2766597960179433
342,0.25747314440262564,0.25747314440262564
343,0.9163018580470194,0.9163018580470194
344,-0.29887779777729007,-0.29887779777729007
