,y_test,y_pred
0,-0.6244785302969025,-0.6244785302969025
1,-0.43089118172455715,-0.43089118172455715
2,-0.027584205532170794,-0.027584205532170794
3,1.327527234474247,1.327527234474247
4,-0.5438171350584252,-0.5438171350584252
5,-0.23730383315221124,-0.23730383315221124
6,-1.0600500645846795,-1.0600500645846795
7,-0.2211715541045161,-0.2211715541045161
8,-0.47928801886764305,-0.47928801886764305
9,-0.10824560077064806,-0.10824560077064806
10,-0.6890076464876841,-0.6890076464876841
11,5.15087736877807,5.15087736877807
12,1.6340405363804615,1.6340405363804615
13,-0.785801320773857,-0.785801320773857
14,-0.6406108093445976,-0.6406108093445976
15,0.4241196078033026,0.4241196078033026
16,-0.41475890267686144,-0.41475890267686144
17,-0.8019335998215521,-0.8019335998215521
18,-0.8180658788692478,-0.8180658788692478
19,-0.5115525769630344,-0.5115525769630344
20,0.44025188685099714,0.44025188685099714
21,-0.8180658788692478,-0.8180658788692478
22,-0.898727274107725,-0.898727274107725
23,-0.23730383315221124,-0.23730383315221124
24,-0.14051015886603885,-0.14051015886603885
25,-0.7051399255353797,-0.7051399255353797
26,1.1178076068542067,1.1178076068542067
27,-0.7212722045830748,-0.7212722045830748
28,3.19887160400692,3.19887160400692
29,-0.09211332172295238,-0.09211332172295238
30,-0.8825949950600294,-0.8825949950600294
31,-0.09211332172295238,-0.09211332172295238
32,-0.576081693153816,-0.576081693153816
33,-0.366362065533775,-0.366362065533775
34,1.0210139325680336,1.0210139325680336
35,-0.7374044836307705,-0.7374044836307705
36,1.2307335601880753,1.2307335601880753
37,-0.043716484579865905,-0.043716484579865905
38,0.036944910658611364,0.036944910658611364
39,-0.7535367626784661,-0.7535367626784661
40,4.957290020205724,4.957290020205724
41,-0.059848763627561585,-0.059848763627561585
42,-0.6244785302969025,-0.6244785302969025
43,-0.0759810426752567,-0.0759810426752567
44,0.37572277066021553,0.37572277066021553
45,-0.43089118172455715,-0.43089118172455715
46,-1.0600500645846795,-1.0600500645846795
47,-0.8664627160123343,-0.8664627160123343
48,0.7790297468526018,0.7790297468526018
49,0.1660031430401751,0.1660031430401751
50,-0.5115525769630344,-0.5115525769630344
51,2.0050829544774564,2.0050829544774564
52,-1.2375051341093297,-1.2375051341093297
53,-0.6890076464876841,-0.6890076464876841
54,-0.38249434458147064,-0.38249434458147064
55,-0.6567430883922932,-0.6567430883922932
56,-0.10824560077064806,-0.10824560077064806
57,-0.785801320773857,-0.785801320773857
58,1.9566861173343706,1.9566861173343706
59,-0.5115525769630344,-0.5115525769630344
60,1.6824373735235474,1.6824373735235474
61,0.053077189706306475,0.053077189706306475
62,0.8435588630433835,0.8435588630433835
63,-0.8019335998215521,-0.8019335998215521
64,-0.043716484579865905,-0.043716484579865905
65,-0.9309918322031159,-0.9309918322031159
66,-0.31796522839068847,-0.31796522839068847
67,0.4079873287556069,0.4079873287556069
68,0.26279681732634746,0.26279681732634746
69,-0.41475890267686144,-0.41475890267686144
70,0.8274265839956889,0.8274265839956889
71,-0.7374044836307705,-0.7374044836307705
72,-0.7212722045830748,-0.7212722045830748
73,-0.5276848560107295,-0.5276848560107295
74,-0.043716484579865905,-0.043716484579865905
75,-0.09211332172295238,-0.09211332172295238
76,1.1178076068542067,1.1178076068542067
77,-0.6890076464876841,-0.6890076464876841
78,-0.17277471696142965,-0.17277471696142965
79,-0.5276848560107295,-0.5276848560107295
80,-0.18890699600912533,-0.18890699600912533
81,-1.0439177855369839,-1.0439177855369839
82,-0.5276848560107295,-0.5276848560107295
83,-0.09211332172295238,-0.09211332172295238
84,-0.8503304369646386,-0.8503304369646386
85,-0.4631557398199479,-0.4631557398199479
86,-0.4954202979153387,-0.4954202979153387
87,-0.6406108093445976,-0.6406108093445976
88,0.7145006306618203,0.7145006306618203
89,0.6499715144710387,0.6499715144710387
90,-0.043716484579865905,-0.043716484579865905
91,-0.10824560077064806,-0.10824560077064806
92,-0.5922139722015116,-0.5922139722015116
93,-0.8341981579169435,-0.8341981579169435
94,-0.8180658788692478,-0.8180658788692478
95,-0.47928801886764305,-0.47928801886764305
96,-0.059848763627561585,-0.059848763627561585
97,0.5693101192325615,0.5693101192325615
98,2.230934861145193,2.230934861145193
99,1.2146012811403797,1.2146012811403797
100,1.3436595135219427,1.3436595135219427
101,0.6015746773279517,0.6015746773279517
102,-0.6406108093445976,-0.6406108093445976
103,-0.7212722045830748,-0.7212722045830748
104,-0.43089118172455715,-0.43089118172455715
105,-0.6567430883922932,-0.6567430883922932
106,-0.043716484579865905,-0.043716484579865905
107,-1.0439177855369839,-1.0439177855369839
108,0.5370455611371701,0.5370455611371701
109,3.2956652782930926,3.2956652782930926
110,-0.2211715541045161,-0.2211715541045161
111,0.35959049161252044,0.35959049161252044
112,0.4079873287556069,0.4079873287556069
113,0.35959049161252044,0.35959049161252044
114,0.6015746773279517,0.6015746773279517
115,-0.7212722045830748,-0.7212722045830748
116,-0.14051015886603885,-0.14051015886603885
117,-0.9793886693462023,-0.9793886693462023
118,-0.8019335998215521,-0.8019335998215521
119,0.5854423982802571,0.5854423982802571
120,-1.350431087443198,-1.350431087443198
121,-0.576081693153816,-0.576081693153816
122,0.8919557001864705,0.8919557001864705
123,-0.18890699600912533,-0.18890699600912533
124,-0.6406108093445976,-0.6406108093445976
125,-0.366362065533775,-0.366362065533775
126,-0.3018329493429934,-0.3018329493429934
127,-0.09211332172295238,-0.09211332172295238
128,-0.2211715541045161,-0.2211715541045161
129,1.3597917925696383,1.3597917925696383
130,-0.8825949950600294,-0.8825949950600294
131,-1.0277855064892887,-1.0277855064892887
132,0.4079873287556069,0.4079873287556069
133,-0.38249434458147064,-0.38249434458147064
134,-0.5115525769630344,-0.5115525769630344
135,-0.26956839124760257,-0.26956839124760257
136,-0.14051015886603885,-0.14051015886603885
137,-0.5922139722015116,-0.5922139722015116
138,1.650172815428156,1.650172815428156
139,0.06920946875400216,0.06920946875400216
140,-0.7212722045830748,-0.7212722045830748
141,0.5047810030417799,0.5047810030417799
142,-0.44702346077225225,-0.44702346077225225
143,-0.0759810426752567,-0.0759810426752567
144,0.6661037935187344,0.6661037935187344
145,0.5854423982802571,0.5854423982802571
146,-0.7051399255353797,-0.7051399255353797
147,1.1178076068542067,1.1178076068542067
148,-0.38249434458147064,-0.38249434458147064
149,0.02081263161091568,0.02081263161091568
150,-0.8180658788692478,-0.8180658788692478
151,-1.1245791807754613,-1.1245791807754613
152,2.13414118685902,2.13414118685902
153,-0.23730383315221124,-0.23730383315221124
154,-0.7374044836307705,-0.7374044836307705
155,0.9080879792341662,0.9080879792341662
156,0.39185504970791124,0.39185504970791124
157,-0.2857006702952977,-0.2857006702952977
158,-0.5115525769630344,-0.5115525769630344
159,0.24666453827865237,0.24666453827865237
160,-0.09211332172295238,-0.09211332172295238
161,1.3597917925696383,1.3597917925696383
