,y_test,y_pred
0,0.027402011327301638,0.027402011327301638
1,-0.10636467408666592,-0.10636467408666592
2,-0.4450505513865715,-0.4450505513865715
3,-0.5076647303285685,-0.5076647303285685
4,-0.8588022795402334,-0.8588022795402334
5,1.1811396730227717,1.1811396730227717
6,0.46214373892269617,0.46214373892269617
7,1.4653938795274528,1.4653938795274528
8,-0.373898044914601,-0.373898044914601
9,1.7329272503553879,1.7329272503553879
10,0.8300021238111069,0.8300021238111069
11,-0.45750222329833073,-0.45750222329833073
12,0.010681175650555692,0.010681175650555692
13,-0.35717720923785506,-0.35717720923785506
14,-0.9424064579239632,-0.9424064579239632
15,1.316270778627962,1.316270778627962
16,1.4319522081739608,1.4319522081739608
17,1.6326022362949122,1.6326022362949122
18,2.5522481985159393,2.5522481985159393
19,-0.47422305897507666,-0.47422305897507666
20,1.7329272503553879,1.7329272503553879
21,3.7668430137404934,3.7668430137404934
22,-0.7417564298030118,-0.7417564298030118
23,-0.7417564298030118,-0.7417564298030118
24,1.114256330315788,1.114256330315788
25,0.07756451835753947,0.07756451835753947
26,0.29493538215523674,0.29493538215523674
27,0.5290270816296799,0.5290270816296799
28,-0.16632559082347684,-0.16632559082347684
29,-0.3353397978440249,-0.3353397978440249
30,-0.9089647865704712,-0.9089647865704712
31,-0.5745480730355523,-0.5745480730355523
32,-0.05620216705642808,-0.05620216705642808
33,-0.2234105238238875,-0.2234105238238875
34,-1.1825263530765866,-1.1825263530765866
35,-0.975848129277455,-0.975848129277455
36,-0.9424064579239632,-0.9424064579239632
37,-0.4073397162680929,-0.4073397162680929
38,0.7129562740738853,0.7129562740738853
39,-0.674873087096028,-0.674873087096028
40,0.11100618971103135,0.11100618971103135
41,-1.3269856784891199,-1.3269856784891199
42,-0.9925689649542009,-0.9925689649542009
43,-0.2735730308541254,-0.2735730308541254
44,-1.3814173492843445,-1.3814173492843445
45,0.09428535403428541,0.09428535403428541
46,0.11100618971103135,0.11100618971103135
47,-0.2735730308541254,-0.2735730308541254
48,1.2480230157297556,1.2480230157297556
49,-0.6380598264366771,-0.6380598264366771
50,0.25750746357640864,0.25750746357640864
51,1.7830897573856257,1.7830897573856257
52,-0.4407813876215848,-0.4407813876215848
53,0.9804896449018204,0.9804896449018204
54,-0.45750222329833073,-0.45750222329833073
55,-1.510914870933325,-1.510914870933325
56,-1.293544007135628,-1.293544007135628
57,-0.5076647303285685,-0.5076647303285685
58,-0.7049431691436608,-0.7049431691436608
59,-0.975848129277455,-0.975848129277455
60,1.448673043850707,1.448673043850707
61,-0.5578272373588063,-0.5578272373588063
62,-1.4774731995798334,-1.4774731995798334
63,0.06084368268079352,0.06084368268079352
64,-0.49094389465182264,-0.49094389465182264
65,-1.0761731433379307,-1.0761731433379307
66,-0.022760495702936194,-0.022760495702936194
67,0.21133120377150702,0.21133120377150702
68,-1.2099398287518983,-1.2099398287518983
69,-0.49094389465182264,-0.49094389465182264
70,-1.4273106925495955,-1.4273106925495955
71,-0.975848129277455,-0.975848129277455
72,-0.902039016433163,-0.902039016433163
73,0.006628045082512418,0.006628045082512418
74,-0.5076647303285685,-0.5076647303285685
75,-0.24013135950063347,-0.24013135950063347
76,-0.20157311243005735,-0.20157311243005735
77,1.983739785506577,1.983739785506577
78,0.4788645745994421,0.4788645745994421
79,0.2614937108017448,0.2614937108017448
80,1.398510536820469,1.398510536820469
81,1.6660439076484042,1.6660439076484042
82,0.6679103427607317,0.6679103427607317
83,-0.658152251419282,-0.658152251419282
84,-0.7584772654797577,-0.7584772654797577
85,1.1978605086995178,1.1978605086995178
86,-0.8086397725099955,-0.8086397725099955
87,-0.3237355378843632,-0.3237355378843632
88,-0.658152251419282,-0.658152251419282
89,-0.6247105800657902,-0.6247105800657902
90,-0.2568521951773794,-0.2568521951773794
91,2.903385747727604,2.903385747727604
92,-0.9256856222472172,-0.9256856222472172
93,0.9972104805785664,0.9972104805785664
94,-0.9256856222472172,-0.9256856222472172
95,-0.959127293600709,-0.959127293600709
96,-0.5488822591051744,-0.5488822591051744
97,-0.5411064016820605,-0.5411064016820605
98,-0.1398063454401578,-0.1398063454401578
99,-0.4913980325488031,-0.4913980325488031
100,-0.5076647303285685,-0.5076647303285685
101,-0.45750222329833073,-0.45750222329833073
102,0.2447728751249989,0.2447728751249989
103,1.1138015235853806,1.1138015235853806
104,-0.05620216705642808,-0.05620216705642808
105,-0.4240605519448388,-0.4240605519448388
106,2.334877334718242,2.334877334718242
107,0.6962354383971394,0.6962354383971394
108,2.21783148498102,2.21783148498102
109,2.4608654873753872,2.4608654873753872
110,1.9001356071228472,1.9001356071228472
111,-0.9424064579239632,-0.9424064579239632
112,-0.658152251419282,-0.658152251419282
113,0.09765627450671738,0.09765627450671738
114,-0.30364378173518525,-0.30364378173518525
115,-0.8086397725099955,-0.8086397725099955
116,-0.10636467408666592,-0.10636467408666592
117,-1.0928939790146766,-1.0928939790146766
118,0.027402011327301638,0.027402011327301638
119,-0.32593599985942295,-0.32593599985942295
120,-0.8086397725099955,-0.8086397725099955
121,-0.691593922772774,-0.691593922772774
122,-1.577798213640309,-1.577798213640309
123,-0.4240605519448388,-0.4240605519448388
124,-0.7919189368332497,-0.7919189368332497
125,0.21133120377150702,0.21133120377150702
126,0.010681175650555692,0.010681175650555692
127,-1.3102648428123738,-1.3102648428123738
128,0.41198123189245833,0.41198123189245833
129,-0.2568521951773794,-0.2568521951773794
130,0.7129562740738853,0.7129562740738853
131,0.14444786106452323,0.14444786106452323
132,0.5290270816296799,0.5290270816296799
133,-0.5411064016820605,-0.5411064016820605
134,-0.2234105238238875,-0.2234105238238875
135,0.4287020675692043,0.4287020675692043
136,-0.4073397162680929,-0.4073397162680929
137,-0.2902938665308713,-0.2902938665308713
138,-0.390618880591347,-0.390618880591347
139,-2.3770274056516825,-2.3770274056516825
140,-0.7083147584495199,-0.7083147584495199
141,0.34509788918547457,0.34509788918547457
142,0.3618187248622205,0.3618187248622205
143,-0.4073397162680929,-0.4073397162680929
144,-0.022760495702936194,-0.022760495702936194
145,-0.7751981011565037,-0.7751981011565037
146,1.9168564427995933,1.9168564427995933
147,-0.2066896881471416,-0.2066896881471416
148,-0.12308550976341186,-0.12308550976341186
149,0.20913074179644717,0.20913074179644717
150,-0.975848129277455,-0.975848129277455
151,-0.18996885247039563,-0.18996885247039563
152,0.1277270253877773,0.1277270253877773
153,-1.1263356503681685,-1.1263356503681685
154,-0.5912689087122983,-0.5912689087122983
155,-0.9256856222472172,-0.9256856222472172
156,-1.7450065704077684,-1.7450065704077684
157,0.8634437951645988,0.8634437951645988
158,1.0340230724044903,1.0340230724044903
159,-1.24338150010539,-1.24338150010539
160,-0.8253606081867415,-0.8253606081867415
161,-0.7417564298030118,-0.7417564298030118
162,-0.17324801679364968,-0.17324801679364968
163,-0.49094389465182264,-0.49094389465182264
164,-0.6826489445191419,-0.6826489445191419
165,0.8300021238111069,0.8300021238111069
166,-0.7083147584495199,-0.7083147584495199
167,-0.5243855660053145,-0.5243855660053145
168,-0.7250355941262658,-0.7250355941262658
169,-0.7919189368332497,-0.7919189368332497
170,-0.30701470220761723,-0.30701470220761723
171,0.012032219173236824,0.012032219173236824
172,1.5155563865576906,1.5155563865576906
173,-1.3604273498426116,-1.3604273498426116
174,-1.7282857347310225,-1.7282857347310225
175,-0.7919189368332497,-0.7919189368332497
176,-0.8922439508937253,-0.8922439508937253
177,0.07756451835753947,0.07756451835753947
178,0.31165621783198266,0.31165621783198266
179,-0.5912689087122983,-0.5912689087122983
180,1.2313021800530095,1.2313021800530095
181,0.21133120377150702,0.21133120377150702
182,1.2981855227599934,1.2981855227599934
183,2.669294048253161,2.669294048253161
184,0.6773141407453336,0.6773141407453336
185,-0.2568521951773794,-0.2568521951773794
186,0.07756451835753947,0.07756451835753947
187,-1.4183657142959636,-1.4183657142959636
188,-0.4245146898418193,-0.4245146898418193
189,-0.6788573278210831,-0.6788573278210831
190,-1.3604273498426116,-1.3604273498426116
191,0.14444786106452323,0.14444786106452323
192,0.2782145464784908,0.2782145464784908
193,-0.2902938665308713,-0.2902938665308713
194,-0.674873087096028,-0.674873087096028
195,1.9168564427995933,1.9168564427995933
196,1.716206414678642,1.716206414678642
197,2.698749472381316,2.698749472381316
198,1.5155563865576906,1.5155563865576906
199,-0.23676043902820149,-0.23676043902820149
200,1.2145813443762636,1.2145813443762636
201,1.080814658962296,1.080814658962296
202,-0.7083147584495199,-0.7083147584495199
203,-0.8588022795402334,-0.8588022795402334
204,0.027402011327301638,0.027402011327301638
205,-0.05620216705642808,-0.05620216705642808
206,-0.6414314157425361,-0.6414314157425361
207,-0.18996885247039563,-0.18996885247039563
208,2.4352023487787173,2.4352023487787173
209,0.16116869674126919,0.16116869674126919
210,-0.373898044914601,-0.373898044914601
211,-0.5243855660053145,-0.5243855660053145
212,-0.4073397162680929,-0.4073397162680929
213,-1.0594523076611848,-1.0594523076611848
214,0.4955854102761881,0.4955854102761881
215,1.0139313162553123,1.0139313162553123
216,-0.5243855660053145,-0.5243855660053145
217,-0.9089647865704712,-0.9089647865704712
218,-0.4240605519448388,-0.4240605519448388
219,-1.3514823715889797,-1.3514823715889797
220,-0.08964383840991998,-0.08964383840991998
221,0.22805203944825297,0.22805203944825297
222,-0.2902938665308713,-0.2902938665308713
223,-0.45750222329833073,-0.45750222329833073
224,-0.6414314157425361,-0.6414314157425361
225,-0.758931403376738,-0.758931403376738
226,-0.2066896881471416,-0.2066896881471416
227,-0.10299375361423395,-0.10299375361423395
228,0.31165621783198266,0.31165621783198266
229,0.22805203944825297,0.22805203944825297
230,-0.5745480730355523,-0.5745480730355523
231,0.4788645745994421,0.4788645745994421
232,1.3483480297902313,1.3483480297902313
233,-0.2735730308541254,-0.2735730308541254
234,-0.7919189368332497,-0.7919189368332497
235,-0.18996885247039563,-0.18996885247039563
236,-0.390618880591347,-0.390618880591347
237,0.32837705350872864,0.32837705350872864
238,0.6460729313669016,0.6460729313669016
239,2.953548254757842,2.953548254757842
240,1.8499731000926096,1.8499731000926096
241,-0.7417564298030118,-0.7417564298030118
242,-0.5243855660053145,-0.5243855660053145
243,-0.35717720923785506,-0.35717720923785506
244,-0.15652718111690375,-0.15652718111690375
245,-0.6414314157425361,-0.6414314157425361
246,0.6627937670436475,0.6627937670436475
247,0.07756451835753947,0.07756451835753947
248,0.5959104243366637,0.5959104243366637
249,-0.8755231152169793,-0.8755231152169793
250,0.42471582034386807,0.42471582034386807
251,1.2814646870832473,1.2814646870832473
252,-1.1597773217216605,-1.1597773217216605
253,-0.08964383840991998,-0.08964383840991998
254,-0.4407813876215848,-0.4407813876215848
255,1.749648086032134,1.749648086032134
256,0.38748186345889024,0.38748186345889024
257,-0.05620216705642808,-0.05620216705642808
258,-2.764977546689271,-2.764977546689271
259,-1.0928939790146766,-1.0928939790146766
260,-0.9256856222472172,-0.9256856222472172
261,-1.6948440633775306,-1.6948440633775306
262,-0.03611041090725017,-0.03611041090725017
263,0.8801646308413448,0.8801646308413448
264,0.7296771097506313,0.7296771097506313
265,-0.4240605519448388,-0.4240605519448388
266,-0.45750222329833073,-0.45750222329833073
267,-0.390618880591347,-0.390618880591347
268,-1.0260106363076928,-1.0260106363076928
269,-0.17324801679364968,-0.17324801679364968
270,-0.3237355378843632,-0.3237355378843632
271,0.9303271378715826,0.9303271378715826
272,-0.21446822090396384,-0.21446822090396384
273,-1.4105898568728494,-1.4105898568728494
274,-0.5076647303285685,-0.5076647303285685
275,-0.006039660026190251,-0.006039660026190251
276,0.868560370881683,0.868560370881683
277,-0.6414314157425361,-0.6414314157425361
278,0.17788953241801514,0.17788953241801514
279,0.5658396734556038,0.5658396734556038
280,-0.4073397162680929,-0.4073397162680929
281,-0.4073397162680929,-0.4073397162680929
282,-0.6234063548830039,-0.6234063548830039
283,1.2145813443762636,1.2145813443762636
284,0.6460729313669016,0.6460729313669016
285,1.0306521519320582,1.0306521519320582
286,0.9448475115732686,0.9448475115732686
287,0.6962354383971394,0.6962354383971394
288,0.5959104243366637,0.5959104243366637
289,-0.2568521951773794,-0.2568521951773794
290,4.023681738069582,4.023681738069582
291,-0.4407813876215848,-0.4407813876215848
292,-0.1398063454401578,-0.1398063454401578
293,-0.47422305897507666,-0.47422305897507666
294,-1.3771481855193577,-1.3771481855193577
295,0.32837705350872864,0.32837705350872864
296,3.505335832090458,3.505335832090458
297,-0.17324801679364968,-0.17324801679364968
298,0.06084368268079352,0.06084368268079352
299,-0.1252859717384716,-0.1252859717384716
300,1.097535494639042,1.097535494639042
301,-0.5076647303285685,-0.5076647303285685
302,-0.8420814438634875,-0.8420814438634875
303,0.0882591648563862,0.0882591648563862
304,-0.34045637356110914,-0.34045637356110914
305,-1.284599028881996,-1.284599028881996
306,0.027402011327301638,0.027402011327301638
307,-1.2139240694769533,-1.2139240694769533
308,-0.691593922772774,-0.691593922772774
309,-0.6247105800657902,-0.6247105800657902
310,-0.4151155736912069,-0.4151155736912069
311,-0.7250355941262658,-0.7250355941262658
312,-0.8253606081867415,-0.8253606081867415
313,1.9168564427995933,1.9168564427995933
314,-1.2271148023256244,-1.2271148023256244
315,-0.9501823153470771,-0.9501823153470771
316,-0.4374097983157258,-0.4374097983157258
317,0.7965604524576151,0.7965604524576151
318,-0.35717720923785506,-0.35717720923785506
319,0.6327230161625876,0.6327230161625876
320,-0.42269746942047054,-0.42269746942047054
321,-0.5411064016820605,-0.5411064016820605
322,0.9008717137434269,0.9008717137434269
323,1.5991605649414204,1.5991605649414204
324,2.21783148498102,2.21783148498102
325,-0.49094389465182264,-0.49094389465182264
326,0.5791895886599178,0.5791895886599178
327,-0.6247105800657902,-0.6247105800657902
328,0.027402011327301638,0.027402011327301638
329,0.6293520956901556,0.6293520956901556
330,-0.34045637356110914,-0.34045637356110914
331,-0.5745480730355523,-0.5745480730355523
332,0.5959104243366637,0.5959104243366637
333,0.5624687529831719,0.5624687529831719
334,-0.5411064016820605,-0.5411064016820605
335,-0.5912689087122983,-0.5912689087122983
336,-0.4240605519448388,-0.4240605519448388
337,-0.1398063454401578,-0.1398063454401578
338,-0.006039660026190251,-0.006039660026190251
339,1.5322772222344365,1.5322772222344365
340,1.080814658962296,1.080814658962296
341,0.34509788918547457,0.34509788918547457
342,-0.1398063454401578,-0.1398063454401578
343,-0.10636467408666592,-0.10636467408666592
344,-0.7751981011565037,-0.7751981011565037
345,0.5791895886599178,0.5791895886599178
346,-0.45750222329833073,-0.45750222329833073
347,-0.6414314157425361,-0.6414314157425361
348,1.097535494639042,1.097535494639042
349,-0.24013135950063347,-0.24013135950063347
350,0.4287020675692043,0.4287020675692043
351,-1.2099398287518983,-1.2099398287518983
352,-0.691593922772774,-0.691593922772774
353,-1.5298375062519851,-1.5298375062519851
354,0.2614937108017448,0.2614937108017448
355,-0.7417564298030118,-0.7417564298030118
356,-0.10636467408666592,-0.10636467408666592
357,-0.18996885247039563,-0.18996885247039563
358,-1.1597773217216605,-1.1597773217216605
359,-0.023215302433343694,-0.023215302433343694
360,1.14769800166928,1.14769800166928
361,-0.691593922772774,-0.691593922772774
362,-0.49094389465182264,-0.49094389465182264
363,-0.07292300273317402,-0.07292300273317402
364,-0.5411064016820605,-0.5411064016820605
365,-0.5411064016820605,-0.5411064016820605
366,-0.5243855660053145,-0.5243855660053145
367,-0.05620216705642808,-0.05620216705642808
368,1.3483480297902313,1.3483480297902313
369,1.983739785506577,1.983739785506577
370,0.4955854102761881,0.4955854102761881
371,0.5658396734556038,0.5658396734556038
372,1.0306521519320582,1.0306521519320582
373,-0.18996885247039563,-0.18996885247039563
374,-0.6247105800657902,-0.6247105800657902
375,0.5791895886599178,0.5791895886599178
376,0.6126312600134096,0.6126312600134096
377,0.027402011327301638,0.027402011327301638
378,0.40037697193279664,0.40037697193279664
379,1.415231372497215,1.415231372497215
380,1.4279659609486244,1.4279659609486244
381,0.7798396167808691,0.7798396167808691
382,0.7664897015765552,0.7664897015765552
383,0.6795146027203934,0.6795146027203934
384,2.1676689779507825,2.1676689779507825
385,1.6994855790018961,1.6994855790018961
386,1.448673043850707,1.448673043850707
387,-0.47422305897507666,-0.47422305897507666
388,0.2614937108017448,0.2614937108017448
389,-1.3102648428123738,-1.3102648428123738
390,-0.8420814438634875,-0.8420814438634875
391,-0.45750222329833073,-0.45750222329833073
392,-0.12308550976341186,-0.12308550976341186
393,-0.373898044914601,-0.373898044914601
394,-0.975848129277455,-0.975848129277455
395,-0.3237355378843632,-0.3237355378843632
396,-0.2568521951773794,-0.2568521951773794
397,-0.9925689649542009,-0.9925689649542009
398,-1.009289800630947,-1.009289800630947
399,-0.674873087096028,-0.674873087096028
400,-0.7049431691436608,-0.7049431691436608
401,-0.8253606081867415,-0.8253606081867415
402,1.0640938232855501,1.0640938232855501
403,-0.8588022795402334,-0.8588022795402334
404,-0.4073397162680929,-0.4073397162680929
405,0.027402011327301638,0.027402011327301638
406,-0.7718265118506447,-0.7718265118506447
407,-0.17324801679364968,-0.17324801679364968
408,-0.49094389465182264,-0.49094389465182264
409,-0.2568521951773794,-0.2568521951773794
410,-0.7751981011565037,-0.7751981011565037
411,0.31165621783198266,0.31165621783198266
412,-0.7571141829553895,-0.7571141829553895
413,0.5881318915798416,0.5881318915798416
414,-0.35717720923785506,-0.35717720923785506
415,0.14444786106452323,0.14444786106452323
416,1.5991605649414204,1.5991605649414204
417,-0.37992624059278146,-0.37992624059278146
418,1.7998105930623718,1.7998105930623718
419,-0.2066896881471416,-0.2066896881471416
420,0.14444786106452323,0.14444786106452323
421,-0.2234105238238875,-0.2234105238238875
422,0.8968854665180908,0.8968854665180908
423,-0.6079897443890442,-0.6079897443890442
424,0.43207298804163624,0.43207298804163624
425,1.381789701143723,1.381789701143723
426,1.2123808824012041,1.2123808824012041
427,-0.3237355378843632,-0.3237355378843632
428,2.4519231844554636,2.4519231844554636
429,3.0705941044950635,3.0705941044950635
430,4.039058218557918,4.039058218557918
431,-0.17324801679364968,-0.17324801679364968
432,1.4319522081739608,1.4319522081739608
433,-1.9122149271752278,-1.9122149271752278
434,-0.8420814438634875,-0.8420814438634875
435,-1.0775195719099648,-1.0775195719099648
436,0.1277270253877773,0.1277270253877773
437,0.3618187248622205,0.3618187248622205
438,0.813281288134361,0.813281288134361
439,-1.1263356503681685,-1.1263356503681685
440,-0.5711764837296933,-0.5711764837296933
441,-0.9256856222472172,-0.9256856222472172
442,-0.2234105238238875,-0.2234105238238875
443,0.11100618971103135,0.11100618971103135
444,-0.7919189368332497,-0.7919189368332497
445,-0.5899941122003032,-0.5899941122003032
446,-0.691593922772774,-0.691593922772774
447,-1.4273106925495955,-1.4273106925495955
448,0.8300021238111069,0.8300021238111069
449,0.19461036809476107,0.19461036809476107
450,0.22805203944825297,0.22805203944825297
451,-1.4607523639030873,-1.4607523639030873
452,-0.8387098545576285,-0.8387098545576285
453,-0.9925689649542009,-0.9925689649542009
454,-1.1597773217216605,-1.1597773217216605
455,0.34509788918547457,0.34509788918547457
456,1.114256330315788,1.114256330315788
457,2.050623128213561,2.050623128213561
458,-1.6614023920240386,-1.6614023920240386
459,-0.6079897443890442,-0.6079897443890442
460,-1.2271148023256244,-1.2271148023256244
461,-0.10299375361423395,-0.10299375361423395
462,2.3493977084199282,2.3493977084199282
463,-0.5243855660053145,-0.5243855660053145
464,-0.18996885247039563,-0.18996885247039563
465,1.5991605649414204,1.5991605649414204
466,-0.05620216705642808,-0.05620216705642808
467,1.215932387898945,1.215932387898945
