,y_test,y_pred
0,-0.7469219787168193,-0.7469219787168193
1,1.985984233471191,1.985984233471191
2,-0.804578227919098,-0.804578227919098
3,-0.9343047886242252,-0.9343047886242252
4,0.3716092558073876,0.3716092558073876
5,-0.6690860422937431,-0.6690860422937431
6,-0.44710948286497,-0.44710948286497
7,-0.7065626042752242,-0.7065626042752242
8,-0.2914376100188175,-0.2914376100188175
9,-0.49611729468690696,-0.49611729468690696
10,-0.6633204173735151,-0.6633204173735151
11,-0.6921485419746545,-0.6921485419746545
12,-0.8276407276000095,-0.8276407276000095
13,0.5157498788130843,0.5157498788130843
14,-0.8305235400601234,-0.8305235400601234
15,-0.34909385922109626,-0.34909385922109626
16,-0.18765636145471581,-0.18765636145471581
17,-0.7325079164162497,-0.7325079164162497
18,-0.39810167104303323,-0.39810167104303323
19,0.41773425516921037,0.41773425516921037
20,0.36584363088715965,0.36584363088715965
21,-0.9054766640230858,-0.9054766640230858
22,1.985984233471191,1.985984233471191
23,-0.020453238768107656,-0.020453238768107656
24,-0.6662032298336291,-0.6662032298336291
25,-0.8478204148208071,-0.8478204148208071
26,-0.8910626017225161,-0.8910626017225161
27,-0.7930469780786422,-0.7930469780786422
28,-0.3289141720002986,-0.3289141720002986
29,0.4725076919113753,0.4725076919113753
30,-0.9573672883051366,-0.9573672883051366
31,-0.8680001020416046,-0.8680001020416046
32,-0.6633204173735151,-0.6633204173735151
33,1.985984233471191,1.985984233471191
34,-0.7815157282381865,-0.7815157282381865
35,1.2335701813814544,1.2335701813814544
36,0.5676405030951351,0.5676405030951351
37,-0.18189073653448806,-0.18189073653448806
38,-0.42116417072394463,-0.42116417072394463
39,-0.8132266652994399,-0.8132266652994399
40,-0.9775469755259343,-0.9775469755259343
41,-0.6979141668948824,-0.6979141668948824
42,-0.3635079215216659,-0.3635079215216659
43,1.985984233471191,1.985984233471191
44,-0.9112422889433136,-0.9112422889433136
45,-0.7699844783977309,-0.7699844783977309
46,0.6541248768985531,0.6541248768985531
47,-0.9516016633849087,-0.9516016633849087
48,1.985984233471191,1.985984233471191
49,-0.6431407301527177,-0.6431407301527177
50,-0.3289141720002986,-0.3289141720002986
51,-0.20783604867551345,-0.20783604867551345
52,1.985984233471191,1.985984233471191
53,1.985984233471191,1.985984233471191
54,1.985984233471191,1.985984233471191
55,-0.8881797892624022,-0.8881797892624022
56,1.985984233471191,1.985984233471191
57,-0.539359481588616,-0.539359481588616
58,1.985984233471191,1.985984233471191
59,1.06924987115496,1.06924987115496
60,-0.937187601084339,-0.937187601084339
61,-0.7469219787168193,-0.7469219787168193
62,-0.15594542439346248,-0.15594542439346248
63,-0.7267422914960218,-0.7267422914960218
64,-0.7296251039561357,-0.7296251039561357
65,1.985984233471191,1.985984233471191
66,0.8818670612475542,0.8818670612475542
67,-0.4326954205644003,-0.4326954205644003
68,-0.5653047937296414,-0.5653047937296414
69,-0.6979141668948824,-0.6979141668948824
70,1.985984233471191,1.985984233471191
71,1.985984233471191,1.985984233471191
72,-0.7123282291954521,-0.7123282291954521
73,-0.5480079189689577,-0.5480079189689577
74,-0.17324229915414613,-0.17324229915414613
75,-0.8795313518820603,-0.8795313518820603
76,-0.8161094777595538,-0.8161094777595538
77,-0.46728917008576765,-0.46728917008576765
78,0.9481717478301747,0.9481717478301747
79,0.9914139347318837,0.9914139347318837
80,-0.023336051228221633,-0.023336051228221633
81,-0.6344922927723757,-0.6344922927723757
82,0.008374885833031696,0.008374885833031696
83,-0.09540636273107002,-0.09540636273107002
84,1.985984233471191,1.985984233471191
85,-0.8535860397410349,-0.8535860397410349
86,-0.5076485445273626,-0.5076485445273626
87,-0.3289141720002986,-0.3289141720002986
88,-0.9083594764831996,-0.9083594764831996
89,1.985984233471191,1.985984233471191
90,-0.6460235426128315,-0.6460235426128315
91,0.9020467484683519,0.9020467484683519
92,-0.3779219838222356,-0.3779219838222356
93,-0.850703227280921,-0.850703227280921
94,-0.8564688522011489,-0.8564688522011489
95,-0.6777344796740848,-0.6777344796740848
96,-0.9025938515629718,-0.9025938515629718
97,0.1957576957404375,0.1957576957404375
98,-0.3894532336626913,-0.3894532336626913
99,-0.7988126029988701,-0.7988126029988701
100,0.5042186289726285,0.5042186289726285
101,0.6022342526165024,0.6022342526165024
102,0.7031326887204902,0.7031326887204902
103,-0.5451251065088437,-0.5451251065088437
104,-0.5739532311099831,-0.5739532311099831
105,1.985984233471191,1.985984233471191
106,-0.5883672934105528,-0.5883672934105528
107,1.985984233471191,1.985984233471191
108,1.985984233471191,1.985984233471191
109,0.5445780034142237,0.5445780034142237
110,-0.8737657269618324,-0.8737657269618324
111,-0.9112422889433136,-0.9112422889433136
112,1.985984233471191,1.985984233471191
113,-0.36062510906155193,-0.36062510906155193
114,1.985984233471191,1.985984233471191
115,-0.8276407276000095,-0.8276407276000095
116,-0.22801573589631088,-0.22801573589631088
117,1.985984233471191,1.985984233471191
118,-0.671968854753857,-0.671968854753857
119,-0.006039176467537979,-0.006039176467537979
120,-0.8535860397410349,-0.8535860397410349
121,0.2937733193843112,0.2937733193843112
122,-0.8391719774404652,-0.8391719774404652
123,-0.6056641681712365,-0.6056641681712365
124,0.579171752935591,0.579171752935591
125,-0.7671016659376169,-0.7671016659376169
126,-0.3750391713621216,-0.3750391713621216
127,0.2880076944640833,0.2880076944640833
128,1.985984233471191,1.985984233471191
129,-0.7065626042752242,-0.7065626042752242
130,-0.5335938566683881,-0.5335938566683881
131,-0.5076485445273626,-0.5076485445273626
132,-0.42692979564417255,-0.42692979564417255
133,-0.5249454192880463,-0.5249454192880463
134,-0.5710704186498693,-0.5710704186498693
135,-0.6027813557111225,-0.6027813557111225
136,-0.26549229787779216,-0.26549229787779216
