,y_test,y_pred
0,0.6746718017600156,0.6746718017600156
1,2.4493770027065334,2.4493770027065334
2,2.4493770027065334,2.4493770027065334
3,-0.12184943016086237,-0.12184943016086237
4,2.1698958686992076,2.1698958686992076
5,-0.27556405386489147,-0.27556405386489147
6,0.08776142034463183,0.08776142034463183
7,-0.34543433736672285,-0.34543433736672285
8,1.8484925645907833,1.8484925645907833
9,2.4493770027065334,2.4493770027065334
10,-0.14979754356159494,-0.14979754356159494
11,-0.6808116981755136,-0.6808116981755136
12,-0.38735650746782174,-0.38735650746782174
13,-0.20569377036306005,-0.20569377036306005
14,2.4493770027065334,2.4493770027065334
15,-0.3314602806663566,-0.3314602806663566
16,-0.5829933012729497,-0.5829933012729497
17,-0.6388895280744148,-0.6388895280744148
18,2.4493770027065334,2.4493770027065334
19,-0.5270970744714846,-0.5270970744714846
20,-0.6388895280744148,-0.6388895280744148
21,-0.4292786775689206,-0.4292786775689206
22,-0.6808116981755136,-0.6808116981755136
23,-0.6947857548758799,-0.6947857548758799
24,-0.652863584774781,-0.652863584774781
25,-0.6388895280744148,-0.6388895280744148
26,-0.6277102827141218,-0.6277102827141218
27,-0.6249154713740485,-0.6249154713740485
28,1.8484925645907833,1.8484925645907833
29,0.5349312347563528,0.5349312347563528
30,-0.34543433736672285,-0.34543433736672285
31,-0.44325273426928685,-0.44325273426928685
32,-0.6808116981755136,-0.6808116981755136
33,-0.5690192445725833,-0.5690192445725833
34,-0.652863584774781,-0.652863584774781
35,-0.4851749043703857,-0.4851749043703857
36,2.4493770027065334,2.4493770027065334
37,-0.6668376414751473,-0.6668376414751473
38,-0.35940839406708913,-0.35940839406708913
39,0.04583925024353299,0.04583925024353299
40,-0.09390131676012982,-0.09390131676012982
41,-0.6808116981755136,-0.6808116981755136
42,2.4493770027065334,2.4493770027065334
43,-0.5969673579733159,-0.5969673579733159
44,-0.4712008476700194,-0.4712008476700194
45,-0.4292786775689206,-0.4292786775689206
46,-0.4851749043703857,-0.4851749043703857
47,-0.5969673579733159,-0.5969673579733159
48,-0.5550451878722171,-0.5550451878722171
49,-0.4712008476700194,-0.4712008476700194
50,-0.5270970744714846,-0.5270970744714846
51,-0.4153046208685543,-0.4153046208685543
52,-0.4712008476700194,-0.4712008476700194
53,-0.5270970744714846,-0.5270970744714846
54,2.4493770027065334,2.4493770027065334
55,-0.652863584774781,-0.652863584774781
56,-0.6668376414751473,-0.6668376414751473
57,-0.5270970744714846,-0.5270970744714846
58,-0.6808116981755136,-0.6808116981755136
59,-0.5131230177711182,-0.5131230177711182
60,2.4493770027065334,2.4493770027065334
61,-0.45722679096965313,-0.45722679096965313
62,2.4493770027065334,2.4493770027065334
63,-0.6109414146736822,-0.6109414146736822
64,-0.45722679096965313,-0.45722679096965313
65,-0.49914896107075196,-0.49914896107075196
66,-0.6277102827141218,-0.6277102827141218
67,-0.401330564168188,-0.401330564168188
68,-0.6249154713740485,-0.6249154713740485
69,-0.7115546229163194,-0.7115546229163194
70,-0.5829933012729497,-0.5829933012729497
71,0.17160576054682952,0.17160576054682952
72,0.21352793064792835,0.21352793064792835
73,1.9742590748940798,1.9742590748940798
74,-0.6808116981755136,-0.6808116981755136
75,-0.4292786775689206,-0.4292786775689206
76,-0.4851749043703857,-0.4851749043703857
77,-0.652863584774781,-0.652863584774781
78,-0.5131230177711182,-0.5131230177711182
79,-0.44325273426928685,-0.44325273426928685
80,0.17160576054682952,0.17160576054682952
81,2.4493770027065334,2.4493770027065334
82,-0.6388895280744148,-0.6388895280744148
83,-0.49914896107075196,-0.49914896107075196
84,0.3392944409512249,0.3392944409512249
85,-0.38735650746782174,-0.38735650746782174
86,-0.5829933012729497,-0.5829933012729497
87,-0.6556583961148543,-0.6556583961148543
88,-0.4460475456093601,-0.4460475456093601
89,-0.14979754356159494,-0.14979754356159494
90,-0.44325273426928685,-0.44325273426928685
91,-0.6668376414751473,-0.6668376414751473
92,-0.38735650746782174,-0.38735650746782174
93,0.297372270850126,0.297372270850126
94,0.4790350079548877,0.4790350079548877
95,2.4493770027065334,2.4493770027065334
96,-0.4712008476700194,-0.4712008476700194
97,2.4493770027065334,2.4493770027065334
98,-0.5969673579733159,-0.5969673579733159
99,-0.49914896107075196,-0.49914896107075196
100,-0.401330564168188,-0.401330564168188
101,-0.038005089958664695,-0.038005089958664695
102,-0.3314602806663566,-0.3314602806663566
103,-0.6668376414751473,-0.6668376414751473
104,1.8484925645907833,1.8484925645907833
105,-0.4292786775689206,-0.4292786775689206
106,-0.6808116981755136,-0.6808116981755136
107,-0.6808116981755136,-0.6808116981755136
108,-0.6668376414751473,-0.6668376414751473
109,-0.7185416512665026,-0.7185416512665026
110,-0.20569377036306005,-0.20569377036306005
111,-0.45722679096965313,-0.45722679096965313
112,-0.3733824507674554,-0.3733824507674554
113,0.4650609512545214,0.4650609512545214
114,0.19955387394756208,0.19955387394756208
115,-0.6808116981755136,-0.6808116981755136
116,-0.16377160026196122,-0.16377160026196122
117,0.5349312347563528,0.5349312347563528
118,0.0039170801424341485,0.0039170801424341485
119,-0.6249154713740485,-0.6249154713740485
120,-0.4851749043703857,-0.4851749043703857
121,-0.21966782706342636,-0.21966782706342636
122,-0.2615899971645252,-0.2615899971645252
123,-0.5550451878722171,-0.5550451878722171
124,-0.6668376414751473,-0.6668376414751473
125,-0.05197914665903097,-0.05197914665903097
126,-0.6249154713740485,-0.6249154713740485
127,-0.49914896107075196,-0.49914896107075196
128,-0.6109414146736822,-0.6109414146736822
129,-0.6388895280744148,-0.6388895280744148
130,-0.4153046208685543,-0.4153046208685543
131,-0.5550451878722171,-0.5550451878722171
132,-0.5270970744714846,-0.5270970744714846
133,-0.6249154713740485,-0.6249154713740485
134,-0.4712008476700194,-0.4712008476700194
135,-0.4292786775689206,-0.4292786775689206
136,2.4493770027065334,2.4493770027065334
137,2.4493770027065334,2.4493770027065334
138,-0.6947857548758799,-0.6947857548758799
139,-0.5131230177711182,-0.5131230177711182
140,0.2554501007490272,0.2554501007490272
141,-0.652863584774781,-0.652863584774781
142,-0.45722679096965313,-0.45722679096965313
143,-0.5829933012729497,-0.5829933012729497
144,-0.1777456569623275,-0.1777456569623275
145,0.07378736364426555,0.07378736364426555
146,0.7165939718611145,0.7165939718611145
147,-0.401330564168188,-0.401330564168188
148,-0.44325273426928685,-0.44325273426928685
149,-0.23364188376379263,-0.23364188376379263
150,-0.5410711311718508,-0.5410711311718508
151,-0.3314602806663566,-0.3314602806663566
152,2.4493770027065334,2.4493770027065334
153,-0.6388895280744148,-0.6388895280744148
154,2.4493770027065334,2.4493770027065334
155,-0.303512167265624,-0.303512167265624
156,-0.38735650746782174,-0.38735650746782174
157,-0.6947857548758799,-0.6947857548758799
158,-0.6388895280744148,-0.6388895280744148
159,-0.5690192445725833,-0.5690192445725833
160,-0.27556405386489147,-0.27556405386489147
161,-0.6947857548758799,-0.6947857548758799
162,-0.34543433736672285,-0.34543433736672285
163,0.2875904311598696,0.2875904311598696
164,0.059813306943899275,0.059813306943899275
165,0.7165939718611145,0.7165939718611145
166,2.4493770027065334,2.4493770027065334
167,2.4074548326054344,2.4074548326054344
168,-0.652863584774781,-0.652863584774781
169,-0.3733824507674554,-0.3733824507674554
170,0.49300906465525396,0.49300906465525396
171,-0.5690192445725833,-0.5690192445725833
172,2.4493770027065334,2.4493770027065334
173,-0.6808116981755136,-0.6808116981755136
174,-0.7087598115762461,-0.7087598115762461
175,-0.6947857548758799,-0.6947857548758799
176,-0.401330564168188,-0.401330564168188
177,-0.5969673579733159,-0.5969673579733159
178,0.2554501007490272,0.2554501007490272
179,2.4493770027065334,2.4493770027065334
180,-0.2853458935551479,-0.2853458935551479
181,-0.34543433736672285,-0.34543433736672285
182,-0.6668376414751473,-0.6668376414751473
183,-0.1078753734604961,-0.1078753734604961
184,-0.3314602806663566,-0.3314602806663566
185,-0.6808116981755136,-0.6808116981755136
186,-0.09390131676012982,-0.09390131676012982
187,-0.024031033258298414,-0.024031033258298414
188,-0.024031033258298414,-0.024031033258298414
189,-0.6388895280744148,-0.6388895280744148
190,-0.3314602806663566,-0.3314602806663566
191,2.4493770027065334,2.4493770027065334
192,-0.6668376414751473,-0.6668376414751473
