,y_test,y_pred
0,-0.6832808462239653,-0.6832808462239653
1,-0.45275542334457014,-0.45275542334457014
2,0.8535553063053366,0.8535553063053366
3,0.7767134986788717,0.7767134986788717
4,0.08513723004068581,0.08513723004068581
5,2.313549651208174,2.313549651208174
6,1.1609225368111973,1.1609225368111973
7,-0.06854638521224456,-0.06854638521224456
8,0.161979037667151,0.161979037667151
9,-1.1443316919827562,-1.1443316919827562
10,-0.7601226538504305,-0.7601226538504305
11,-1.1443316919827562,-1.1443316919827562
12,-0.37591361571810494,-0.37591361571810494
13,-0.22223000046517458,-0.22223000046517458
14,-0.37591361571810494,-0.37591361571810494
15,-0.6832808462239653,-0.6832808462239653
16,-0.6064390385975001,-0.6064390385975001
17,0.46934626817301106,0.46934626817301106
18,-0.7601226538504305,-0.7601226538504305
19,0.08513723004068581,0.08513723004068581
20,0.699871691052407,0.699871691052407
21,-0.14538819283870974,-0.14538819283870974
22,0.7767134986788717,0.7767134986788717
23,0.315662652920081,0.315662652920081
24,1.5451315749435228,1.5451315749435228
25,0.7767134986788717,0.7767134986788717
26,0.23882084529361583,0.23882084529361583
27,0.7767134986788717,0.7767134986788717
28,-0.6064390385975001,-0.6064390385975001
29,-2.1432751911268024,-2.1432751911268024
30,0.23882084529361583,0.23882084529361583
31,-0.6832808462239653,-0.6832808462239653
32,-0.7601226538504305,-0.7601226538504305
33,-1.067489884356291,-1.067489884356291
34,-0.6064390385975001,-0.6064390385975001
35,-0.29907180809163975,-0.29907180809163975
36,-0.8369644614768957,-0.8369644614768957
37,0.6230298834259415,0.6230298834259415
38,0.5461880757994766,0.5461880757994766
39,0.08513723004068581,0.08513723004068581
40,-0.29907180809163975,-0.29907180809163975
41,0.6230298834259415,0.6230298834259415
42,1.3914479596905927,1.3914479596905927
43,-0.22223000046517458,-0.22223000046517458
44,1.0072389215582669,1.0072389215582669
45,-0.06854638521224456,-0.06854638521224456
46,-0.37591361571810494,-0.37591361571810494
47,-1.067489884356291,-1.067489884356291
48,-1.2211734996092212,-1.2211734996092212
49,-0.7601226538504305,-0.7601226538504305
50,-1.1443316919827562,-1.1443316919827562
51,-0.6064390385975001,-0.6064390385975001
52,-0.8369644614768957,-0.8369644614768957
53,-0.9906480767298257,-0.9906480767298257
54,-1.2980153072356864,-1.2980153072356864
55,0.23882084529361583,0.23882084529361583
56,-1.1443316919827562,-1.1443316919827562
57,0.5461880757994766,0.5461880757994766
58,1.1609225368111973,1.1609225368111973
59,0.315662652920081,0.315662652920081
60,0.161979037667151,0.161979037667151
61,0.699871691052407,0.699871691052407
62,1.7756569978229182,1.7756569978229182
63,-0.22223000046517458,-0.22223000046517458
64,1.3914479596905927,1.3914479596905927
65,0.6230298834259415,0.6230298834259415
66,0.008295422414220628,0.008295422414220628
67,-0.9906480767298257,-0.9906480767298257
68,-0.6064390385975001,-0.6064390385975001
69,-1.1443316919827562,-1.1443316919827562
70,-0.7601226538504305,-0.7601226538504305
71,-0.22223000046517458,-0.22223000046517458
72,0.7767134986788717,0.7767134986788717
73,-0.6064390385975001,-0.6064390385975001
74,0.7767134986788717,0.7767134986788717
75,1.9293406130758486,1.9293406130758486
76,1.1609225368111973,1.1609225368111973
77,0.5461880757994766,0.5461880757994766
78,0.8535553063053366,0.8535553063053366
79,0.5461880757994766,0.5461880757994766
80,0.8535553063053366,0.8535553063053366
81,0.315662652920081,0.315662652920081
82,0.9303971139318021,0.9303971139318021
83,1.3146061520641277,1.3146061520641277
84,-0.7601226538504305,-0.7601226538504305
85,-1.1443316919827562,-1.1443316919827562
86,-0.9906480767298257,-0.9906480767298257
87,-0.7601226538504305,-0.7601226538504305
88,-0.6064390385975001,-0.6064390385975001
89,-0.9906480767298257,-0.9906480767298257
90,1.9293406130758486,1.9293406130758486
91,0.08513723004068581,0.08513723004068581
92,0.46934626817301106,0.46934626817301106
93,1.6988151901964532,1.6988151901964532
94,0.5461880757994766,0.5461880757994766
95,-0.22223000046517458,-0.22223000046517458
96,-0.22223000046517458,-0.22223000046517458
97,-0.22223000046517458,-0.22223000046517458
98,1.1609225368111973,1.1609225368111973
99,-0.29907180809163975,-0.29907180809163975
100,-0.9906480767298257,-0.9906480767298257
101,-0.9138062691033609,-0.9138062691033609
102,-0.9906480767298257,-0.9906480767298257
103,-0.9906480767298257,-0.9906480767298257
104,-0.5295972309710353,-0.5295972309710353
105,-0.7601226538504305,-0.7601226538504305
106,-0.9138062691033609,-0.9138062691033609
107,-0.37591361571810494,-0.37591361571810494
108,-0.5295972309710353,-0.5295972309710353
109,-1.1443316919827562,-1.1443316919827562
110,-0.22223000046517458,-0.22223000046517458
111,1.0072389215582669,1.0072389215582669
112,0.161979037667151,0.161979037667151
113,0.3925044605465462,0.3925044605465462
114,1.9293406130758486,1.9293406130758486
115,0.008295422414220628,0.008295422414220628
116,0.3925044605465462,0.3925044605465462
117,1.1609225368111973,1.1609225368111973
118,1.468289767317058,1.468289767317058
119,1.1609225368111973,1.1609225368111973
120,-0.6064390385975001,-0.6064390385975001
121,-0.6064390385975001,-0.6064390385975001
122,-0.06854638521224456,-0.06854638521224456
123,-0.9906480767298257,-0.9906480767298257
124,-0.22223000046517458,-0.22223000046517458
125,-0.8369644614768957,-0.8369644614768957
126,0.5461880757994766,0.5461880757994766
127,0.08513723004068581,0.08513723004068581
128,0.7767134986788717,0.7767134986788717
129,1.9293406130758486,1.9293406130758486
130,0.9303971139318021,0.9303971139318021
131,0.699871691052407,0.699871691052407
132,-1.067489884356291,-1.067489884356291
133,0.699871691052407,0.699871691052407
134,-1.1443316919827562,-1.1443316919827562
135,-1.1443316919827562,-1.1443316919827562
136,-1.067489884356291,-1.067489884356291
137,-0.6832808462239653,-0.6832808462239653
138,-0.8369644614768957,-0.8369644614768957
139,-0.6832808462239653,-0.6832808462239653
140,-0.6064390385975001,-0.6064390385975001
141,-0.7601226538504305,-0.7601226538504305
142,-0.8369644614768957,-0.8369644614768957
143,0.5461880757994766,0.5461880757994766
144,0.3925044605465462,0.3925044605465462
145,0.3925044605465462,0.3925044605465462
146,0.5461880757994766,0.5461880757994766
147,-0.22223000046517458,-0.22223000046517458
148,-1.5285407301150817,-1.5285407301150817
149,2.313549651208174,2.313549651208174
150,6.232481840157894,6.232481840157894
151,-0.7601226538504305,-0.7601226538504305
152,0.3925044605465462,0.3925044605465462
153,-0.9906480767298257,-0.9906480767298257
154,-1.3748571148621516,-1.3748571148621516
155,-0.8369644614768957,-0.8369644614768957
156,-0.7601226538504305,-0.7601226538504305
157,-0.37591361571810494,-0.37591361571810494
158,0.008295422414220628,0.008295422414220628
159,-0.06854638521224456,-0.06854638521224456
160,1.0072389215582669,1.0072389215582669
161,0.08513723004068581,0.08513723004068581
162,2.2367078435817094,2.2367078435817094
163,0.6230298834259415,0.6230298834259415
164,-0.8369644614768957,-0.8369644614768957
165,0.699871691052407,0.699871691052407
166,1.1609225368111973,1.1609225368111973
167,-0.6064390385975001,-0.6064390385975001
168,-0.37591361571810494,-0.37591361571810494
169,0.008295422414220628,0.008295422414220628
170,-0.9138062691033609,-0.9138062691033609
171,-0.6064390385975001,-0.6064390385975001
172,-0.6832808462239653,-0.6832808462239653
173,-0.37591361571810494,-0.37591361571810494
174,-0.7601226538504305,-0.7601226538504305
175,-0.5295972309710353,-0.5295972309710353
