,y_test,y_pred
0,-0.9661425336176449,-0.9661425336176449
1,-0.9424576546668001,-0.9424576546668001
2,-2.467137303631739,-2.467137303631739
3,-1.7048467740570963,-1.7048467740570963
4,0.2795023527762494,0.2795023527762494
5,0.7954348605470004,0.7954348605470004
6,-0.5262997545041564,-0.5262997545041564
7,-2.241647246116899,-2.241647246116899
8,0.2879034275647635,0.2879034275647635
9,1.6823028774960795,1.6823028774960795
10,0.4477605296457808,0.4477605296457808
11,-1.0192356805929723,-1.0192356805929723
12,1.4133318134151605,1.4133318134151605
13,-0.9766631792932192,-0.9766631792932192
14,0.4315887485735686,0.4315887485735686
15,-0.9473349203461734,-0.9473349203461734
16,-0.7557175639438066,-0.7557175639438066
17,-0.1837328688220077,-0.1837328688220077
18,1.4192571826647506,1.4192571826647506
19,-0.28896323842777105,-0.28896323842777105
20,0.7622793180600964,0.7622793180600964
21,0.05219227945628708,0.05219227945628708
22,-0.7389375779772432,-0.7389375779772432
23,0.8286119583561786,0.8286119583561786
24,-1.792544481616434,-1.792544481616434
25,-3.0559730601812345,-3.0559730601812345
26,1.2311355006726505,1.2311355006726505
27,-0.16505250724816267,-0.16505250724816267
28,-0.27822448581507414,-0.27822448581507414
29,-0.0971925396964299,-0.0971925396964299
30,0.6562367587730347,0.6562367587730347
31,-1.1007777177053844,-1.1007777177053844
32,-2.1179159478976124,-2.1179159478976124
33,0.5763325852928048,0.5763325852928048
34,-0.35756006218232933,-0.35756006218232933
35,0.9606920876284419,0.9606920876284419
36,-0.4870810583681976,-0.4870810583681976
37,-1.4359503562533962,-1.4359503562533962
38,0.5351972377303865,0.5351972377303865
39,0.0496075938817911,0.0496075938817911
40,2.0562727035358326,2.0562727035358326
41,-0.6212749134808089,-0.6212749134808089
42,0.658133560276186,0.658133560276186
43,-0.12666427683961534,-0.12666427683961534
44,-0.3491545419579508,-0.3491545419579508
45,2.440167217225732,2.440167217225732
46,0.5442808863987364,0.5442808863987364
47,-0.9042190949377824,-0.9042190949377824
48,-1.413059265992054,-1.413059265992054
49,-0.16669840795657528,-0.16669840795657528
50,0.923373759427661,0.923373759427661
51,-0.9429254962389574,-0.9429254962389574
52,0.7424195306195915,0.7424195306195915
53,-0.0099365129329571,-0.0099365129329571
54,0.3549498167844982,0.3549498167844982
55,1.0420516985642234,1.0420516985642234
56,-1.9498516746712717,-1.9498516746712717
57,-0.5450653542418555,-0.5450653542418555
58,-0.48982547932575915,-0.48982547932575915
59,-0.009284627466385236,-0.009284627466385236
60,1.2303083087413251,1.2303083087413251
61,0.8503952516994476,0.8503952516994476
62,0.17442851380639535,0.17442851380639535
63,-0.14391066640697173,-0.14391066640697173
64,-0.7648867236836853,-0.7648867236836853
65,-0.757114982762054,-0.757114982762054
66,0.8324501680671742,0.8324501680671742
67,-0.5292447461626907,-0.5292447461626907
68,1.1585803198771407,1.1585803198771407
69,-0.86754786371509,-0.86754786371509
70,-1.1111126798484634,-1.1111126798484634
71,1.3932659751998866,1.3932659751998866
72,-0.31975577309338826,-0.31975577309338826
73,-0.05066770943690174,-0.05066770943690174
74,0.592679558844235,0.592679558844235
75,-0.21411639050767872,-0.21411639050767872
76,-0.22979253288140603,-0.22979253288140603
77,0.42139315457128107,0.42139315457128107
78,1.7012917902410076,1.7012917902410076
79,1.1289099552671518,1.1289099552671518
80,-1.6683843983109419,-1.6683843983109419
81,-0.5567872320937429,-0.5567872320937429
82,-0.3991661524679725,-0.3991661524679725
83,1.0169961369791725,1.0169961369791725
84,0.18159774582238108,0.18159774582238108
85,0.35577541511036276,0.35577541511036276
86,0.7160177527378079,0.7160177527378079
87,0.15239194131635958,0.15239194131635958
88,0.21052082784113826,0.21052082784113826
89,0.1118256117365847,0.1118256117365847
90,1.0913553142280799,1.0913553142280799
91,0.9505490804143109,0.9505490804143109
92,-0.36893943542190116,-0.36893943542190116
93,-0.7173533943472719,-0.7173533943472719
94,-0.7199880921712549,-0.7199880921712549
95,-0.22151997020749162,-0.22151997020749162
96,-0.17210927609367083,-0.17210927609367083
97,-0.11701261413814193,-0.11701261413814193
98,0.5381870443364183,0.5381870443364183
99,-0.006534848092664381,-0.006534848092664381
100,1.7714842284508023,1.7714842284508023
101,1.6710542040165668,1.6710542040165668
102,-0.4346953395994045,-0.4346953395994045
103,1.8855697747762132,1.8855697747762132
104,0.4609440089402266,0.4609440089402266
105,1.5749662908470843,1.5749662908470843
106,0.16850549331643436,0.16850549331643436
107,0.04576210444076395,0.04576210444076395
108,1.3144993795507727,1.3144993795507727
109,0.3816361321539865,0.3816361321539865
110,0.9843548248891171,0.9843548248891171
111,-0.05317429519167189,-0.05317429519167189
112,0.5609496268672196,0.5609496268672196
113,-0.09306375236038993,-0.09306375236038993
114,0.7367777946455298,0.7367777946455298
115,-0.57030396453992,-0.57030396453992
116,-0.14865342148296656,-0.14865342148296656
117,-1.054186651985901,-1.054186651985901
118,-0.4232270390102988,-0.4232270390102988
119,-0.6542759178866369,-0.6542759178866369
120,-0.4113072559653342,-0.4113072559653342
121,-0.6565821641995488,-0.6565821641995488
122,0.9439963731407148,0.9439963731407148
123,-0.8313212714320981,-0.8313212714320981
124,-0.11210344675716674,-0.11210344675716674
125,0.27237168075152957,0.27237168075152957
126,0.041507131829458366,0.041507131829458366
127,2.1862728412060277,2.1862728412060277
128,0.053786881193885465,0.053786881193885465
129,2.561283424229067,2.561283424229067
130,-0.4162020271924447,-0.4162020271924447
131,-0.8764271494714003,-0.8764271494714003
132,1.809424771902603,1.809424771902603
133,-0.31282895981391856,-0.31282895981391856
134,-0.9052906981604559,-0.9052906981604559
135,-0.23558831592193252,-0.23558831592193252
136,0.6902223263894175,0.6902223263894175
137,0.2506979888842014,0.2506979888842014
138,-0.6687707130798308,-0.6687707130798308
139,-0.42904159678365394,-0.42904159678365394
140,-1.5876815435313234,-1.5876815435313234
141,0.17195359082200998,0.17195359082200998
142,1.5565310737984623,1.5565310737984623
143,0.24144762431478312,0.24144762431478312
144,-0.11391598116554044,-0.11391598116554044
145,-0.7023283362533278,-0.7023283362533278
146,-0.14855936368834352,-0.14855936368834352
147,1.086823536513197,1.086823536513197
148,-1.0875649989291865,-1.0875649989291865
149,-0.7179434152607492,-0.7179434152607492
150,-0.32675748034941254,-0.32675748034941254
151,0.8647725289020933,0.8647725289020933
152,0.28634860897090214,0.28634860897090214
153,-0.8399376868164818,-0.8399376868164818
154,0.23475462715198236,0.23475462715198236
155,0.4241423245607951,0.4241423245607951
156,-1.140312796037883,-1.140312796037883
157,0.658022409035375,0.658022409035375
158,-2.426082417800854,-2.426082417800854
159,0.4523633345971473,0.4523633345971473
160,0.16088779946126738,0.16088779946126738
161,0.8712658080634047,0.8712658080634047
162,0.33591496348491384,0.33591496348491384
163,-4.035235497007118e-05,-4.035235497007118e-05
164,-0.05906455251243022,-0.05906455251243022
165,0.7855413183482736,0.7855413183482736
166,0.18338898247194962,0.18338898247194962
167,-2.976977796396776,-2.976977796396776
168,0.29414675398410256,0.29414675398410256
169,-1.0290280244609191,-1.0290280244609191
170,-1.104321498395471,-1.104321498395471
171,1.1722253715393203,1.1722253715393203
172,-0.2515334214136334,-0.2515334214136334
173,0.4023400997545871,0.4023400997545871
174,-1.964739117152024,-1.964739117152024
175,0.25889069921078933,0.25889069921078933
176,0.17349881928672578,0.17349881928672578
177,-1.3600607116665524,-1.3600607116665524
178,0.8022356321291385,0.8022356321291385
179,0.5894195232231826,0.5894195232231826
180,-0.30016633632554285,-0.30016633632554285
181,0.6838996495975113,0.6838996495975113
182,-1.1677430018329225,-1.1677430018329225
183,-0.44435621101688616,-0.44435621101688616
184,-0.5489236911678929,-0.5489236911678929
185,0.1899294505487278,0.1899294505487278
186,1.3520744524969894,1.3520744524969894
187,1.2210491760538313,1.2210491760538313
188,-1.4150679870423624,-1.4150679870423624
189,0.1322045452001343,0.1322045452001343
190,1.0148476992553788,1.0148476992553788
191,0.11920087808711748,0.11920087808711748
192,-1.450513417821895,-1.450513417821895
193,0.9426544521258245,0.9426544521258245
194,-1.2376282073773883,-1.2376282073773883
195,1.4122903560784443,1.4122903560784443
196,0.3321625739216096,0.3321625739216096
197,0.6759008286659218,0.6759008286659218
198,-0.526473289809058,-0.526473289809058
199,-0.08671289483699063,-0.08671289483699063
200,-0.7048111658881879,-0.7048111658881879
201,-0.37165755202523726,-0.37165755202523726
202,1.0672103523935597,1.0672103523935597
203,-0.4096303533834377,-0.4096303533834377
204,0.8127966308761245,0.8127966308761245
205,0.6371071254051011,0.6371071254051011
206,-0.43375007619007816,-0.43375007619007816
207,1.4732869257646874,1.4732869257646874
208,0.0293453531096753,0.0293453531096753
209,-0.9967794341874258,-0.9967794341874258
210,-1.7934024178577752,-1.7934024178577752
211,-1.222695202467072,-1.222695202467072
212,-1.6503950214341965,-1.6503950214341965
213,0.01667235036152799,0.01667235036152799
214,-1.1672963144416364,-1.1672963144416364
215,1.634761867288232,1.634761867288232
216,-0.46574145152780344,-0.46574145152780344
217,0.7698122275015196,0.7698122275015196
218,-0.12841899646943036,-0.12841899646943036
219,-0.583344034687156,-0.583344034687156
220,0.7420030450110157,0.7420030450110157
221,-0.24517744878935124,-0.24517744878935124
222,0.8638150383521106,0.8638150383521106
223,-0.5925508019814748,-0.5925508019814748
224,-0.28961301844999077,-0.28961301844999077
225,2.6846344053268365,2.6846344053268365
226,0.5418220386628271,0.5418220386628271
227,0.7366179595251205,0.7366179595251205
228,-0.5558355252136457,-0.5558355252136457
229,-2.3150232422298633,-2.3150232422298633
230,1.8998759644615637,1.8998759644615637
