,y_test,y_pred
0,-1.3091571439447538,-1.3091571439447538
1,-0.5950904392396292,-0.5950904392396292
2,0.863284879120949,0.863284879120949
3,0.10942922506248152,0.10942922506248152
4,-0.4073079421284002,-0.4073079421284002
5,-0.7865504217024727,-0.7865504217024727
6,1.7819928275099957,1.7819928275099957
7,1.2481517480563138,1.2481517480563138
8,1.2437676086567429,1.2437676086567429
9,-0.04392912485540637,-0.04392912485540637
10,-2.025891828218696,-2.025891828218696
11,1.8005533124022577,1.8005533124022577
12,-0.04294846209497523,-0.04294846209497523
13,-0.32524954349827184,-0.32524954349827184
14,0.2930727484642481,0.2930727484642481
15,-0.6859459596912652,-0.6859459596912652
16,-0.3821568266255974,-0.3821568266255974
17,0.019568788882459002,0.019568788882459002
18,-0.04978425839562256,-0.04978425839562256
19,0.8535215160501936,0.8535215160501936
20,-1.1467853495376163,-1.1467853495376163
21,-0.47128176573529734,-0.47128176573529734
22,-2.4175944934547076,-2.4175944934547076
23,0.9936986047470029,0.9936986047470029
24,1.0845397036874556,1.0845397036874556
25,-0.16481023158963012,-0.16481023158963012
26,-0.041318831331319125,-0.041318831331319125
27,1.8261947592852754,1.8261947592852754
28,1.349996460029243,1.349996460029243
29,0.8139633108757756,0.8139633108757756
30,1.3641583840107516,1.3641583840107516
31,-1.3081764811843233,-1.3081764811843233
32,-0.2766490508122378,-0.2766490508122378
33,-0.6832491371000813,-0.6832491371000813
34,0.7275063513348939,0.7275063513348939
35,0.6011739133735724,0.6011739133735724
36,-0.06322510681799194,-0.06322510681799194
37,0.6925918727613367,0.6925918727613367
38,0.0014986353704120987,0.0014986353704120987
39,2.577353590752559,2.577353590752559
40,0.3990564341466395,0.3990564341466395
41,-1.2742282438600139,-1.2742282438600139
42,0.569922498640446,0.569922498640446
43,-2.043716816040636,-2.043716816040636
44,0.5477854789748489,0.5477854789748489
45,-0.29375296307503784,-0.29375296307503784
46,-1.7130604076414135,-1.7130604076414135
47,-1.0500458525233989,-1.0500458525233989
48,0.6002797796802379,0.6002797796802379
49,-1.0815568544578151,-1.0815568544578151
50,0.49210402429806094,0.49210402429806094
51,-0.16309407175887639,-0.16309407175887639
52,-0.3247592121180568,-0.3247592121180568
53,1.4567012212707746,1.4567012212707746
54,-0.6038875610611367,-0.6038875610611367
55,1.5077389493467008,1.5077389493467008
56,0.16975440634013128,0.16975440634013128
57,-0.750900446058593,-0.750900446058593
58,-1.8901133004326403,-1.8901133004326403
59,-0.7616444718897785,-0.7616444718897785
60,-0.9279533388498201,-0.9279533388498201
61,-0.5286793802428386,-0.5286793802428386
62,-0.6085312876619986,-0.6085312876619986
63,-1.4830228827645817,-1.4830228827645817
64,-0.4859340210970211,-0.4859340210970211
65,0.7616997543493108,0.7616997543493108
66,-1.0161120367102723,-1.0161120367102723
67,-0.45687467606368115,-0.45687467606368115
68,-0.9289195800990675,-0.9289195800990675
69,-0.3960735849169996,-0.3960735849169996
70,1.1436390565145675,1.1436390565145675
71,-0.19435990800318514,-0.19435990800318514
72,1.7790508392287043,1.7790508392287043
73,0.3729246558834076,0.3729246558834076
74,-0.886924139534756,-0.886924139534756
75,-0.9172093130186346,-0.9172093130186346
76,0.39759986151717763,0.39759986151717763
77,-0.4263587584008772,-0.4263587584008772
78,-0.8034091682751652,-0.8034091682751652
79,-1.0905847204582475,-1.0905847204582475
80,-0.7306238013355772,-0.7306238013355772
81,1.2828354824509458,1.2828354824509458
82,-0.20534909952447822,-0.20534909952447822
83,0.03152422165299993,0.03152422165299993
84,-1.013905545499304,-1.013905545499304
85,1.0525527918840074,1.0525527918840074
86,-1.3780198598426203,-1.3780198598426203
87,-0.32060581689741,-0.32060581689741
88,3.5624870196495793,3.5624870196495793
89,0.05839149698655542,0.05839149698655542
90,1.4923656184258367,1.4923656184258367
91,1.2076128801214647,1.2076128801214647
92,1.5624541627742419,1.5624541627742419
93,-0.36408667311355053,-0.36408667311355053
94,1.3429010765273057,1.3429010765273057
95,-0.5032542560275637,-0.5032542560275637
96,0.5001656490492459,0.5001656490492459
97,0.0508202036155855,0.0508202036155855
98,0.07279858665817164,0.07279858665817164
99,-0.9194013827184201,-0.9194013827184201
100,-0.06785441190767048,-0.06785441190767048
101,-0.9516334602119763,-0.9516334602119763
102,0.012242661201597638,0.012242661201597638
103,-0.7506552803684854,-0.7506552803684854
104,-0.6969351512125582,-0.6969351512125582
105,0.1355610033257144,0.1355610033257144
106,1.5912683421174743,1.5912683421174743
107,-1.0129248827388733,-1.0129248827388733
108,0.5863630213888368,0.5863630213888368
109,-0.7001078836727738,-0.7001078836727738
110,0.4708611383257974,0.4708611383257974
111,-0.20559426521458574,-0.20559426521458574
112,0.16877374357970115,0.16877374357970115
113,-1.2126916556430094,-1.2126916556430094
114,2.84386311741069,2.84386311741069
115,-1.0837489241576006,-1.0837489241576006
116,-0.7103615781237443,-0.7103615781237443
117,0.6290939590234713,0.6290939590234713
118,-0.22585648842641917,-0.22585648842641917
119,-0.2617516297604065,-0.2617516297604065
120,-0.7320947954762229,-0.7320947954762229
121,0.7419278625176934,0.7419278625176934
122,1.1169015747816575,1.1169015747816575
123,0.3062540096853266,0.3062540096853266
124,-0.5377072462432708,-0.5377072462432708
125,1.613001559469953,1.613001559469953
126,1.3810027090722607,1.3810027090722607
127,1.3609856515505359,1.3609856515505359
128,0.4867248006268765,0.4867248006268765
129,0.2874627806141394,0.2874627806141394
130,-0.9438170011508993,-0.9438170011508993
131,-1.2520046951273203,-1.2520046951273203
132,0.1355610033257144,0.1355610033257144
133,-0.6505267282263101,-0.6505267282263101
134,-0.7736143261715022,-0.7736143261715022
135,0.9326379263990305,0.9326379263990305
136,-0.8070722321155964,-0.8070722321155964
137,0.12823487564485203,0.12823487564485203
138,-0.4634941496965855,-0.4634941496965855
139,-0.6192753134931837,-0.6192753134931837
140,-0.1662812257302753,-0.1662812257302753
141,2.9785888748804012,2.9785888748804012
142,0.9201921622482755,0.9201921622482755
143,-0.1589550980494129,-0.1589550980494129
144,-0.1264634333545665,-0.1264634333545665
145,-0.6213087465699587,-0.6213087465699587
146,-0.07966562956638273,-0.07966562956638273
147,1.04571699558336,1.04571699558336
148,1.2789272529204077,1.2789272529204077
149,-0.2532140951401897,-0.2532140951401897
150,1.2669573986386844,1.2669573986386844
151,0.40613739613739436,0.40613739613739436
152,-0.7299027257764374,-0.7299027257764374
153,0.617383691943038,0.617383691943038
154,1.1768517967685543,1.1768517967685543
155,-0.6209770518127541,-0.6209770518127541
156,-0.33867597040945796,-0.33867597040945796
157,-0.580683349568013,-0.580683349568013
158,-0.35504438560193546,-0.35504438560193546
159,-1.7833941176799257,-1.7833941176799257
160,0.3717132489440522,0.3717132489440522
161,-1.3382164889780943,-1.3382164889780943
162,-1.1125631035008334,-1.1125631035008334
163,0.12921553840528216,0.12921553840528216
164,0.21297567535498096,0.21297567535498096
165,-2.2029447210099224,-2.2029447210099224
166,-0.8346028969635602,-0.8346028969635602
167,0.3753763127844829,0.3753763127844829
168,1.6991989318095446,1.6991989318095446
169,-0.47275275987594256,-0.47275275987594256
170,0.018342960431921355,0.018342960431921355
171,-1.194376336440854,-1.194376336440854
172,0.5358156246931257,0.5358156246931257
173,-0.8957068398450808,-0.8957068398450808
174,-1.014886208259734,-1.014886208259734
175,1.482097502463684,1.482097502463684
176,0.07963438295881795,0.07963438295881795
177,-0.8446691117691542,-0.8446691117691542
178,0.5099290121200013,0.5099290121200013
179,-1.1403245125277226,-1.1403245125277226
180,-0.6012772675370506,-0.6012772675370506
181,0.7150605871841379,0.7150605871841379
182,0.545088656383665,0.545088656383665
183,0.6723296495495032,0.6723296495495032
184,-0.13794295625607464,-0.13794295625607464
185,0.9697588961835565,0.9697588961835565
186,-0.8761801137035704,-0.8761801137035704
187,-0.2116945644449105,-0.2116945644449105
188,-0.4099903432084008,-0.4099903432084008
189,-0.5924080381596286,-0.5924080381596286
190,1.0110332611887283,1.0110332611887283
191,-0.4893519192473453,-0.4893519192473453
