,y_test,y_pred
0,2.230316938939532,2.230316938939532
1,-0.02814384617102901,-0.02814384617102901
2,-1.2918966512622572,-1.2918966512622572
3,0.2764627000913015,0.2764627000913015
4,0.9534471055403563,0.9534471055403563
5,-0.5258621980781382,-0.5258621980781382
6,1.8349114078344113,1.8349114078344113
7,-0.5446632719861959,-0.5446632719861959
8,0.8272321442661087,0.8272321442661087
9,0.5956437222513512,0.5956437222513512
10,1.1669631774419424,1.1669631774419424
11,-0.4949643091749735,-0.4949643091749735
12,-0.7339857138975677,-0.7339857138975677
13,-0.8403793879509176,-0.8403793879509176
14,0.07781259360538925,0.07781259360538925
15,0.2891424941223171,0.2891424941223171
16,-1.1668476480598269,-1.1668476480598269
17,-0.1276875165524506,-0.1276875165524506
18,-0.24967587981636008,-0.24967587981636008
19,2.7765682955860456,2.7765682955860456
20,1.2526610957205306,1.2526610957205306
21,0.9986279808232859,0.9986279808232859
22,1.4803144092429041,1.4803144092429041
23,-0.5860547835357183,-0.5860547835357183
24,-0.6695665304296491,-0.6695665304296491
25,-0.05102577333044783,-0.05102577333044783
26,-1.0990763351354327,-1.0990763351354327
27,3.5528048818985685,3.5528048818985685
28,-0.024062992919667448,-0.024062992919667448
29,-0.06938961296157421,-0.06938961296157421
30,-1.0939752685712307,-1.0939752685712307
31,-0.3827408447625359,-0.3827408447625359
32,-0.5153685754317804,-0.5153685754317804
33,-0.7150388952305327,-0.7150388952305327
34,0.2901627074351576,0.2901627074351576
35,0.18799563139214626,0.18799563139214626
36,1.334132415988781,1.334132415988781
37,-0.3821578657266272,-0.3821578657266272
38,-0.7733367988214094,-0.7733367988214094
39,0.14806156743239562,0.14806156743239562
40,-0.5853260597408324,-0.5853260597408324
41,0.14937327026319053,0.14937327026319053
42,-1.440847794936947,-1.440847794936947
43,-1.1779242497420932,-1.1779242497420932
44,2.149137108189236,2.149137108189236
45,1.1720642440061437,1.1720642440061437
46,-0.8214325692838826,-0.8214325692838826
47,0.21189777186440562,0.21189777186440562
48,-1.162475305290511,-1.162475305290511
49,-0.9161666626190571,-0.9161666626190571
50,0.102589202631512,0.102589202631512
51,1.022238631777591,1.022238631777591
52,0.8445757705843941,0.8445757705843941
53,0.2308445905314407,0.2308445905314407
54,-0.19035776291264317,-0.19035776291264317
55,-0.572937755227771,-0.572937755227771
56,-1.1712199908291425,-1.1712199908291425
57,-0.8145825656119545,-0.8145825656119545
58,-0.5459749748169906,-0.5459749748169906
59,0.7524650829108092,0.7524650829108092
60,-0.18496520683048703,-0.18496520683048703
61,0.7432831630952462,0.7432831630952462
62,-0.08250664126952131,-0.08250664126952131
63,0.5299128359526376,0.5299128359526376
64,-0.4322940628147811,-0.4322940628147811
65,-0.2778046182989582,-0.2778046182989582
66,0.4028234061245266,0.4028234061245266
67,-1.281986007651808,-1.281986007651808
68,1.7691805215356977,1.7691805215356977
69,0.044582788558589666,0.044582788558589666
70,1.4935771823098287,1.4935771823098287
71,0.07023386613857548,0.07023386613857548
72,0.9665641338483036,0.9665641338483036
73,-0.2590035443909003,-0.2590035443909003
74,-1.2519625873025066,-1.2519625873025066
75,-0.20551521784627105,-0.20551521784627105
76,-1.2687232345848838,-1.2687232345848838
77,-1.1368242277105254,-1.1368242277105254
78,-0.5459749748169906,-0.5459749748169906
79,1.558579344813656,1.558579344813656
80,-0.6407090681521651,-0.6407090681521651
81,0.4290574627404211,0.4290574627404211
82,0.8604619493129082,0.8604619493129082
83,1.0411854504446256,1.0411854504446256
84,-0.3888621246395781,-0.3888621246395781
85,-1.2707636612105644,-1.2707636612105644
86,-0.2778046182989582,-0.2778046182989582
87,-0.2724120622168021,-0.2724120622168021
88,0.5885022290614687,0.5885022290614687
89,-0.9278262433372326,-0.9278262433372326
90,0.9175938948319672,0.9175938948319672
91,-0.09256302963894739,-0.09256302963894739
92,1.8792178145634773,1.8792178145634773
93,-0.18598542014332725,-0.18598542014332725
94,1.3020685690137987,1.3020685690137987
95,-0.26323014240123904,-0.26323014240123904
96,0.7496959324902426,0.7496959324902426
97,-0.6742303627169192,-0.6742303627169192
98,0.9672928576431896,0.9672928576431896
99,-1.1391561438541604,-1.1391561438541604
100,-1.1289540107257567,-1.1289540107257567
101,4.644141637119779,4.644141637119779
102,-0.32779507062813473,-0.32779507062813473
103,-0.20682692067706562,-0.20682692067706562
104,-1.0021560704156003,-1.0021560704156003
105,-1.1704912670342564,-1.1704912670342564
106,0.03627533729688969,0.03627533729688969
107,0.085099831554249,0.085099831554249
108,0.05463917692801607,0.05463917692801607
109,0.6654554618014257,0.6654554618014257
110,-0.6058760707566162,-0.6058760707566162
111,0.9843449944435211,0.9843449944435211
112,-0.3521344453773258,-0.3521344453773258
113,-0.4614430146102194,-0.4614430146102194
114,-0.7266984759487082,-0.7266984759487082
115,-0.7427303994361992,-0.7427303994361992
116,1.0062067082900996,1.0062067082900996
117,-0.5270281561499557,-0.5270281561499557
118,0.2785031267169823,0.2785031267169823
119,0.5657660466610269,0.5657660466610269
120,-0.7903889356217408,-0.7903889356217408
121,-1.3673924364124421,-1.3673924364124421
122,-0.14736305901437155,-0.14736305901437155
123,0.28491589611197865,0.28491589611197865
124,-1.4186945915724138,-1.4186945915724138
125,0.2701956754552823,0.2701956754552823
126,-0.5765813742022007,-0.5765813742022007
127,-1.2674115317540888,-1.2674115317540888
128,0.3911638254063516,0.3911638254063516
129,-1.3359115684733691,-1.3359115684733691
130,-0.694634628973726,-0.694634628973726
131,-0.44541109112272836,-0.44541109112272836
132,-1.3942094720642455,-1.3942094720642455
133,0.41900107437099504,0.41900107437099504
134,-0.2521535407189724,-0.2521535407189724
135,-0.1244811318549524,-0.1244811318549524
136,-0.19881095893332032,-0.19881095893332032
137,-0.5590920031249379,-0.5590920031249379
138,1.5075686791716387,1.5075686791716387
139,-1.1356582696387076,-1.1356582696387076
140,-0.7656123265956183,-0.7656123265956183
141,-1.3898371292949299,-1.3898371292949299
142,-0.6305069350237616,-0.6305069350237616
143,-0.7223261331793923,-0.7223261331793923
144,1.6795474947647246,1.6795474947647246
145,2.0992924006190368,2.0992924006190368
146,-0.1451768876297136,-0.1451768876297136
147,1.10531314439459,1.10531314439459
148,-1.2569179091077312,-1.2569179091077312
149,0.22516054493133023,0.22516054493133023
150,-0.13993007630653495,-0.13993007630653495
151,0.4850234501876627,0.4850234501876627
152,-0.5118707012163277,-0.5118707012163277
153,-0.38711318753185164,-0.38711318753185164
154,-0.3425152912848311,-0.3425152912848311
155,-0.28567483528372634,-0.28567483528372634
156,-0.7143101714356468,-0.7143101714356468
157,-0.6726271703681701,-0.6726271703681701
158,0.16861157844817964,0.16861157844817964
159,-0.07813429850020571,-0.07813429850020571
160,0.11862112611900293,0.11862112611900293
161,0.9479088046992232,0.9479088046992232
162,-1.0648263167757925,-1.0648263167757925
163,1.6489410953795145,1.6489410953795145
