,y_test,y_pred
0,1.2498576646668165,1.2498576646668165
1,0.31639736478016356,0.31639736478016356
2,0.6458539412107469,0.6458539412107469
3,-0.41572836054792034,-0.41572836054792034
4,1.1217356634537152,1.1217356634537152
5,-0.9465195115370726,-0.9465195115370726
6,-0.7268817939166837,-0.7268817939166837
7,0.8105822294260386,0.8105822294260386
8,0.09675964715977467,0.09675964715977467
9,1.9087708175279832,1.9087708175279832
10,-0.2876063586759059,-0.2876063586759059
11,3.3913254114656084,3.3913254114656084
12,1.9087708175279832,1.9087708175279832
13,2.0185896763381774,2.0185896763381774
14,0.09675964715977467,0.09675964715977467
15,0.31639736478016356,0.31639736478016356
16,0.20657850596996913,0.20657850596996913
17,-0.562153505701392,-0.562153505701392
18,0.09675964715977467,0.09675964715977467
19,-0.3974252174861004,-0.3974252174861004
20,-0.7085786508548639,-0.7085786508548639
21,-0.6719723645115865,-0.6719723645115865
22,-1.1661572291574616,-1.1661572291574616
23,-1.1661572291574616,-1.1661572291574616
24,-1.2210666585625587,-1.2210666585625587
25,-0.5072440762962949,-0.5072440762962949
26,-1.056338370347267,-1.056338370347267
27,0.5360350824005525,0.5360350824005525
28,-0.8367006527268782,-0.8367006527268782
29,-0.6719723645115865,-0.6719723645115865
30,-0.01305921165041978,-0.01305921165041978
31,-0.48894093323447485,-0.48894093323447485
32,-1.056338370347267,-1.056338370347267
33,-1.7701609526135311,-1.7701609526135311
34,1.5793142410973997,1.5793142410973997
35,0.46282251059254853,0.46282251059254853
36,-0.9465195115370726,-0.9465195115370726
37,0.38960993658816756,0.38960993658816756
38,0.09675964715977467,0.09675964715977467
39,-0.01305921165041978,-0.01305921165041978
40,-0.23269692927080868,-0.23269692927080868
41,0.7007633706158442,0.7007633706158442
42,-0.8367006527268782,-0.8367006527268782
43,-0.04966549865261025,-0.04966549865261025
44,2.2931368233636635,2.2931368233636635
45,1.359676523477011,1.359676523477011
46,0.31639736478016356,0.31639736478016356
47,0.09675964715977467,0.09675964715977467
48,0.7007633706158442,0.7007633706158442
49,0.8105822294260386,0.8105822294260386
50,0.1516690765648719,0.1516690765648719
51,-0.12287807046061423,-0.12287807046061423
52,-0.23269692927080868,-0.23269692927080868
53,-1.3308855173727532,-1.3308855173727532
54,-0.2876063586759059,-0.2876063586759059
55,0.7556728000209414,0.7556728000209414
56,-1.4407043761829477,-1.4407043761829477
57,-0.7268817939166837,-0.7268817939166837
58,0.20657850596996913,0.20657850596996913
59,-0.01305921165041978,-0.01305921165041978
60,0.04185021775467745,0.04185021775467745
61,0.5360350824005525,0.5360350824005525
62,0.26148793537506637,0.26148793537506637
63,-0.48894093323447485,-0.48894093323447485
64,-0.26930321561408593,-0.26930321561408593
65,-0.067968641055517,-0.067968641055517
66,0.16997221896777864,0.16997221896777864
67,-1.1478540860956419,-1.1478540860956419
68,-0.781791223321781,-0.781791223321781
69,-0.9465195115370726,-0.9465195115370726
70,-0.9465195115370726,-0.9465195115370726
71,-0.41572836054792034,-0.41572836054792034
72,-1.2210666585625587,-1.2210666585625587
73,-1.275976087967656,-1.275976087967656
74,-1.5505232349931422,-1.5505232349931422
75,0.9753105176413303,0.9753105176413303
76,0.023547075351770693,0.023547075351770693
77,-0.8550037957886979,-0.8550037957886979
78,-0.9465195115370726,-0.9465195115370726
79,-0.562153505701392,-0.562153505701392
80,1.4694953822872054,1.4694953822872054
81,-0.12287807046061423,-0.12287807046061423
82,0.023547075351770693,0.023547075351770693
83,0.31639736478016356,0.31639736478016356
84,-0.12287807046061423,-0.12287807046061423
85,-0.562153505701392,-0.562153505701392
86,1.634223670502497,1.634223670502497
87,-0.17778749986571146,-0.17778749986571146
88,-0.34251578808100314,-0.34251578808100314
89,0.9020979458333264,0.9020979458333264
90,1.7440425293126915,1.7440425293126915
91,-0.3974252174861004,-0.3974252174861004
92,-0.41572836054792034,-0.41572836054792034
93,0.5360350824005525,0.5360350824005525
94,-0.2876063586759059,-0.2876063586759059
95,0.7556728000209414,0.7556728000209414
96,-0.04966549865261025,-0.04966549865261025
97,-0.01305921165041978,-0.01305921165041978
98,-0.41572836054792034,-0.41572836054792034
99,-1.2210666585625587,-1.2210666585625587
100,-0.04966549865261025,-0.04966549865261025
101,0.42621622359035805,0.42621622359035805
102,0.023547075351770693,0.023547075351770693
103,-0.01305921165041978,-0.01305921165041978
104,0.31639736478016356,0.31639736478016356
105,1.1949482352617191,1.1949482352617191
106,3.3913254114656084,3.3913254114656084
107,1.634223670502497,1.634223670502497
108,0.20657850596996913,0.20657850596996913
109,2.1833179645534693,2.1833179645534693
110,-1.2942792310294757,-1.2942792310294757
111,-1.4407043761829477,-1.4407043761829477
112,-1.5505232349931422,-1.5505232349931422
113,-0.8367006527268782,-0.8367006527268782
114,-1.056338370347267,-1.056338370347267
115,-0.2876063586759059,-0.2876063586759059
116,-1.1112477997523642,-1.1112477997523642
117,-1.1112477997523642,-1.1112477997523642
118,-0.8916100821319755,-0.8916100821319755
119,-0.7268817939166837,-0.7268817939166837
120,-0.19609064292753142,-0.19609064292753142
121,-0.6170629351064892,-0.6170629351064892
122,0.7556728000209414,0.7556728000209414
123,0.9753105176413303,0.9753105176413303
124,-0.45233464689119757,-0.45233464689119757
125,-0.781791223321781,-0.781791223321781
126,-1.1112477997523642,-1.1112477997523642
127,-1.6054326643982393,-1.6054326643982393
128,-0.8550037957886979,-0.8550037957886979
129,-0.6719723645115865,-0.6719723645115865
130,-0.3974252174861004,-0.3974252174861004
131,0.20657850596996913,0.20657850596996913
132,1.414585952882108,1.414585952882108
133,-0.562153505701392,-0.562153505701392
134,-0.41572836054792034,-0.41572836054792034
135,0.7556728000209414,0.7556728000209414
136,0.20657850596996913,0.20657850596996913
137,0.09675964715977467,0.09675964715977467
138,-0.23269692927080868,-0.23269692927080868
139,3.1167782644401223,3.1167782644401223
140,-0.635366078168309,-0.635366078168309
141,0.7556728000209414,0.7556728000209414
142,-0.23269692927080868,-0.23269692927080868
143,0.9020979458333264,0.9020979458333264
144,-0.562153505701392,-0.562153505701392
145,0.7556728000209414,0.7556728000209414
146,-0.34251578808100314,-0.34251578808100314
147,0.09675964715977467,0.09675964715977467
148,-0.781791223321781,-0.781791223321781
149,-0.45233464689119757,-0.45233464689119757
150,-0.8367006527268782,-0.8367006527268782
151,0.7556728000209414,0.7556728000209414
152,-0.12287807046061423,-0.12287807046061423
153,0.7556728000209414,0.7556728000209414
154,2.622593399794247,2.622593399794247
155,0.3713067941852608,0.3713067941852608
156,-0.48894093323447485,-0.48894093323447485
157,-0.9465195115370726,-0.9465195115370726
158,0.6458539412107469,0.6458539412107469
159,1.3047670940719136,1.3047670940719136
160,0.5360350824005525,0.5360350824005525
161,0.31639736478016356,0.31639736478016356
162,-0.48894093323447485,-0.48894093323447485
163,-0.781791223321781,-0.781791223321781
164,-0.562153505701392,-0.562153505701392
165,-1.3674918037160306,-1.3674918037160306
166,0.5360350824005525,0.5360350824005525
167,1.0302199470464275,1.0302199470464275
168,-0.26930321561408593,-0.26930321561408593
169,-0.8916100821319755,-0.8916100821319755
170,0.48112565299545523,0.48112565299545523
171,-0.12287807046061423,-0.12287807046061423
172,-0.17778749986571146,-0.17778749986571146
173,0.9204010882362331,0.9204010882362331
174,0.023547075351770693,0.023547075351770693
175,0.7556728000209414,0.7556728000209414
176,1.1217356634537152,1.1217356634537152
177,0.09675964715977467,0.09675964715977467
178,0.7007633706158442,0.7007633706158442
179,-1.056338370347267,-1.056338370347267
180,0.5909445118056497,0.5909445118056497
181,-1.2210666585625587,-1.2210666585625587
182,-0.8916100821319755,-0.8916100821319755
183,-0.6719723645115865,-0.6719723645115865
184,1.414585952882108,1.414585952882108
185,1.0851293764515249,1.0851293764515249
186,0.31639736478016356,0.31639736478016356
187,-0.01305921165041978,-0.01305921165041978
188,2.622593399794247,2.622593399794247
189,1.5244048116923026,1.5244048116923026
190,0.6458539412107469,0.6458539412107469
191,1.8538613881228858,1.8538613881228858
192,0.9753105176413303,0.9753105176413303
193,-0.7085786508548639,-0.7085786508548639
194,0.09675964715977467,0.09675964715977467
195,-0.8367006527268782,-0.8367006527268782
196,1.8538613881228858,1.8538613881228858
197,-0.8916100821319755,-0.8916100821319755
198,-0.9465195115370726,-0.9465195115370726
199,0.6824602282129374,0.6824602282129374
200,-0.23269692927080868,-0.23269692927080868
201,-1.1661572291574616,-1.1661572291574616
202,-0.635366078168309,-0.635366078168309
203,-0.45233464689119757,-0.45233464689119757
204,-0.8550037957886979,-0.8550037957886979
205,-0.12287807046061423,-0.12287807046061423
206,-0.12287807046061423,-0.12287807046061423
207,-0.7268817939166837,-0.7268817939166837
208,-0.01305921165041978,-0.01305921165041978
209,-0.7085786508548639,-0.7085786508548639
210,0.6458539412107469,0.6458539412107469
211,0.5360350824005525,0.5360350824005525
212,1.634223670502497,1.634223670502497
213,0.6092476542085564,0.6092476542085564
214,-0.2876063586759059,-0.2876063586759059
215,-1.4956138055880448,-1.4956138055880448
216,1.1949482352617191,1.1949482352617191
217,0.9753105176413303,0.9753105176413303
218,-0.7085786508548639,-0.7085786508548639
219,-0.635366078168309,-0.635366078168309
220,2.2931368233636635,2.2931368233636635
221,1.359676523477011,1.359676523477011
222,-0.34251578808100314,-0.34251578808100314
223,0.31639736478016356,0.31639736478016356
224,-0.8550037957886979,-0.8550037957886979
225,0.6824602282129374,0.6824602282129374
226,0.16997221896777864,0.16997221896777864
227,-0.781791223321781,-0.781791223321781
228,-0.12287807046061423,-0.12287807046061423
229,-0.7085786508548639,-0.7085786508548639
230,-1.00142894094217,-1.00142894094217
231,0.20657850596996913,0.20657850596996913
232,1.140038805856622,1.140038805856622
233,0.09675964715977467,0.09675964715977467
234,0.04185021775467745,0.04185021775467745
235,0.7556728000209414,0.7556728000209414
236,-1.1112477997523642,-1.1112477997523642
237,1.1949482352617191,1.1949482352617191
238,-0.562153505701392,-0.562153505701392
239,-0.17778749986571146,-0.17778749986571146
240,0.09675964715977467,0.09675964715977467
241,-1.056338370347267,-1.056338370347267
242,-0.8916100821319755,-0.8916100821319755
243,0.8288853718289454,0.8288853718289454
244,0.5909445118056497,0.5909445118056497
245,-0.635366078168309,-0.635366078168309
246,0.6092476542085564,0.6092476542085564
247,0.48112565299545523,0.48112565299545523
248,0.24318479297215959,0.24318479297215959
249,0.5360350824005525,0.5360350824005525
250,-0.781791223321781,-0.781791223321781
251,-1.1112477997523642,-1.1112477997523642
252,-1.00142894094217,-1.00142894094217
253,-0.23269692927080868,-0.23269692927080868
254,-1.4407043761829477,-1.4407043761829477
255,0.5360350824005525,0.5360350824005525
256,-0.34251578808100314,-0.34251578808100314
257,0.9753105176413303,0.9753105176413303
258,-1.2210666585625587,-1.2210666585625587
259,-0.5072440762962949,-0.5072440762962949
260,0.09675964715977467,0.09675964715977467
261,-1.4407043761829477,-1.4407043761829477
262,-0.6170629351064892,-0.6170629351064892
263,-0.9465195115370726,-0.9465195115370726
264,-0.48894093323447485,-0.48894093323447485
265,1.140038805856622,1.140038805856622
266,0.7556728000209414,0.7556728000209414
267,-1.0746415134090868,-1.0746415134090868
268,0.023547075351770693,0.023547075351770693
269,-0.12287807046061423,-0.12287807046061423
270,-1.2210666585625587,-1.2210666585625587
271,0.09675964715977467,0.09675964715977467
272,0.8654916588311359,0.8654916588311359
273,0.42621622359035805,0.42621622359035805
274,0.20657850596996913,0.20657850596996913
275,1.359676523477011,1.359676523477011
276,1.9636802469330803,1.9636802469330803
277,0.1516690765648719,0.1516690765648719
278,1.0851293764515249,1.0851293764515249
279,0.42621622359035805,0.42621622359035805
280,0.46282251059254853,0.46282251059254853
281,-0.23269692927080868,-0.23269692927080868
282,0.5360350824005525,0.5360350824005525
283,0.5909445118056497,0.5909445118056497
284,-0.17778749986571146,-0.17778749986571146
285,-0.7268817939166837,-0.7268817939166837
286,-1.3857949467778505,-1.3857949467778505
287,2.7324122586044415,2.7324122586044415
288,1.2681608070697228,1.2681608070697228
289,0.46282251059254853,0.46282251059254853
290,1.4877985246901118,1.4877985246901118
291,1.414585952882108,1.414585952882108
292,-0.34251578808100314,-0.34251578808100314
293,-0.01305921165041978,-0.01305921165041978
294,-0.2876063586759059,-0.2876063586759059
295,2.9520499762248305,2.9520499762248305
296,0.20657850596996913,0.20657850596996913
297,-0.26930321561408593,-0.26930321561408593
298,0.46282251059254853,0.46282251059254853
299,0.48112565299545523,0.48112565299545523
300,1.3047670940719136,1.3047670940719136
301,-0.8916100821319755,-0.8916100821319755
302,-1.1112477997523642,-1.1112477997523642
303,-1.00142894094217,-1.00142894094217
304,-1.3308855173727532,-1.3308855173727532
305,-0.9465195115370726,-0.9465195115370726
306,-1.056338370347267,-1.056338370347267
307,-0.781791223321781,-0.781791223321781
308,-1.1478540860956419,-1.1478540860956419
309,0.20657850596996913,0.20657850596996913
310,1.1949482352617191,1.1949482352617191
311,-1.056338370347267,-1.056338370347267
312,0.16997221896777864,0.16997221896777864
313,0.09675964715977467,0.09675964715977467
314,1.0851293764515249,1.0851293764515249
315,0.31639736478016356,0.31639736478016356
316,-0.9465195115370726,-0.9465195115370726
317,0.20657850596996913,0.20657850596996913
318,-0.6170629351064892,-0.6170629351064892
319,0.31639736478016356,0.31639736478016356
320,0.8105822294260386,0.8105822294260386
321,0.1516690765648719,0.1516690765648719
322,-0.781791223321781,-0.781791223321781
323,-0.41572836054792034,-0.41572836054792034
324,-0.2876063586759059,-0.2876063586759059
325,0.26148793537506637,0.26148793537506637
326,0.6824602282129374,0.6824602282129374
327,0.9020979458333264,0.9020979458333264
328,0.20657850596996913,0.20657850596996913
329,-0.12287807046061423,-0.12287807046061423
330,-1.00142894094217,-1.00142894094217
331,-0.45233464689119757,-0.45233464689119757
332,1.3413733810741044,1.3413733810741044
333,0.48112565299545523,0.48112565299545523
334,-0.12287807046061423,-0.12287807046061423
335,0.7556728000209414,0.7556728000209414
336,0.42621622359035805,0.42621622359035805
337,-0.01305921165041978,-0.01305921165041978
338,1.3047670940719136,1.3047670940719136
339,-0.635366078168309,-0.635366078168309
340,-0.781791223321781,-0.781791223321781
341,-0.7268817939166837,-0.7268817939166837
342,0.04185021775467745,0.04185021775467745
343,0.24318479297215959,0.24318479297215959
344,-0.12287807046061423,-0.12287807046061423
345,1.4877985246901118,1.4877985246901118
346,-0.6170629351064892,-0.6170629351064892
347,0.9204010882362331,0.9204010882362331
348,-1.2210666585625587,-1.2210666585625587
349,-0.781791223321781,-0.781791223321781
350,-0.8367006527268782,-0.8367006527268782
351,-0.781791223321781,-0.781791223321781
352,1.5244048116923026,1.5244048116923026
353,0.9753105176413303,0.9753105176413303
354,0.31639736478016356,0.31639736478016356
355,2.073499105743275,2.073499105743275
356,-0.562153505701392,-0.562153505701392
357,-0.34251578808100314,-0.34251578808100314
358,-0.17778749986571146,-0.17778749986571146
359,-0.9465195115370726,-0.9465195115370726
360,-0.562153505701392,-0.562153505701392
361,0.3713067941852608,0.3713067941852608
362,-0.12287807046061423,-0.12287807046061423
363,-0.34251578808100314,-0.34251578808100314
364,-0.781791223321781,-0.781791223321781
365,0.04185021775467745,0.04185021775467745
366,-1.1661572291574616,-1.1661572291574616
367,-1.6054326643982393,-1.6054326643982393
368,4.214966852542066,4.214966852542066
369,0.42621622359035805,0.42621622359035805
370,0.6458539412107469,0.6458539412107469
371,-1.1661572291574616,-1.1661572291574616
372,-1.4407043761829477,-1.4407043761829477
373,-0.781791223321781,-0.781791223321781
374,-0.01305921165041978,-0.01305921165041978
375,-0.01305921165041978,-0.01305921165041978
376,-1.2210666585625587,-1.2210666585625587
377,-0.01305921165041978,-0.01305921165041978
378,0.6458539412107469,0.6458539412107469
379,0.5360350824005525,0.5360350824005525
380,1.414585952882108,1.414585952882108
381,2.439561969176049,2.439561969176049
382,-0.23269692927080868,-0.23269692927080868
383,-1.00142894094217,-1.00142894094217
384,1.5244048116923026,1.5244048116923026
385,0.6458539412107469,0.6458539412107469
386,0.09675964715977467,0.09675964715977467
387,-0.41572836054792034,-0.41572836054792034
388,-1.00142894094217,-1.00142894094217
389,0.24318479297215959,0.24318479297215959
390,-0.45233464689119757,-0.45233464689119757
391,-0.6719723645115865,-0.6719723645115865
392,1.5793142410973997,1.5793142410973997
393,-0.7268817939166837,-0.7268817939166837
394,-0.5072440762962949,-0.5072440762962949
395,-0.7268817939166837,-0.7268817939166837
396,-0.7268817939166837,-0.7268817939166837
397,-1.5505232349931422,-1.5505232349931422
398,-1.00142894094217,-1.00142894094217
399,-0.34251578808100314,-0.34251578808100314
400,-1.3857949467778505,-1.3857949467778505
401,2.073499105743275,2.073499105743275
402,2.21992425155566,2.21992425155566
403,-0.8367006527268782,-0.8367006527268782
404,0.09675964715977467,0.09675964715977467
405,-0.34251578808100314,-0.34251578808100314
406,-0.781791223321781,-0.781791223321781
407,-0.12287807046061423,-0.12287807046061423
408,-1.056338370347267,-1.056338370347267
409,2.073499105743275,2.073499105743275
410,-0.562153505701392,-0.562153505701392
411,1.0302199470464275,1.0302199470464275
412,-0.5072440762962949,-0.5072440762962949
413,0.6458539412107469,0.6458539412107469
414,1.1217356634537152,1.1217356634537152
415,-0.26930321561408593,-0.26930321561408593
416,-0.17778749986571146,-0.17778749986571146
417,0.09675964715977467,0.09675964715977467
418,-0.635366078168309,-0.635366078168309
419,1.3047670940719136,1.3047670940719136
420,-1.7701609526135311,-1.7701609526135311
421,-0.562153505701392,-0.562153505701392
422,1.3047670940719136,1.3047670940719136
423,0.5360350824005525,0.5360350824005525
424,-0.8367006527268782,-0.8367006527268782
425,-0.17778749986571146,-0.17778749986571146
426,-0.781791223321781,-0.781791223321781
427,-0.23269692927080868,-0.23269692927080868
428,0.09675964715977467,0.09675964715977467
429,-0.781791223321781,-0.781791223321781
430,-1.3308855173727532,-1.3308855173727532
431,0.9753105176413303,0.9753105176413303
432,1.6891330999075942,1.6891330999075942
433,-1.1112477997523642,-1.1112477997523642
434,-0.781791223321781,-0.781791223321781
435,-1.00142894094217,-1.00142894094217
436,-0.8550037957886979,-0.8550037957886979
437,-0.6719723645115865,-0.6719723645115865
438,-1.275976087967656,-1.275976087967656
439,-0.23269692927080868,-0.23269692927080868
440,0.7007633706158442,0.7007633706158442
441,-1.00142894094217,-1.00142894094217
442,-0.8916100821319755,-0.8916100821319755
443,0.8654916588311359,0.8654916588311359
444,-0.6170629351064892,-0.6170629351064892
445,0.31639736478016356,0.31639736478016356
446,0.42621622359035805,0.42621622359035805
447,-0.04966549865261025,-0.04966549865261025
448,0.1516690765648719,0.1516690765648719
449,-1.2210666585625587,-1.2210666585625587
450,-0.6170629351064892,-0.6170629351064892
451,-1.3857949467778505,-1.3857949467778505
452,-0.781791223321781,-0.781791223321781
453,-0.01305921165041978,-0.01305921165041978
454,-0.562153505701392,-0.562153505701392
455,-0.45233464689119757,-0.45233464689119757
456,0.31639736478016356,0.31639736478016356
457,-1.1112477997523642,-1.1112477997523642
458,-0.6170629351064892,-0.6170629351064892
459,-1.056338370347267,-1.056338370347267
460,-0.562153505701392,-0.562153505701392
461,-1.1661572291574616,-1.1661572291574616
462,0.31639736478016356,0.31639736478016356
463,-0.562153505701392,-0.562153505701392
464,-0.781791223321781,-0.781791223321781
465,0.6092476542085564,0.6092476542085564
466,2.5127745409840525,2.5127745409840525
467,-0.34251578808100314,-0.34251578808100314
468,3.537750557277994,3.537750557277994
469,3.7756914173012883,3.7756914173012883
470,1.1949482352617191,1.1949482352617191
471,2.5127745409840525,2.5127745409840525
472,-0.19609064292753142,-0.19609064292753142
473,-0.12287807046061423,-0.12287807046061423
474,-0.41572836054792034,-0.41572836054792034
475,-0.45233464689119757,-0.45233464689119757
476,-1.0746415134090868,-1.0746415134090868
477,-1.1112477997523642,-1.1112477997523642
478,-1.4407043761829477,-1.4407043761829477
479,-0.781791223321781,-0.781791223321781
480,2.0185896763381774,2.0185896763381774
481,-1.6054326643982393,-1.6054326643982393
482,-0.9465195115370726,-0.9465195115370726
483,-1.4407043761829477,-1.4407043761829477
484,-1.1478540860956419,-1.1478540860956419
485,-0.562153505701392,-0.562153505701392
486,-1.275976087967656,-1.275976087967656
487,-1.2210666585625587,-1.2210666585625587
488,0.04185021775467745,0.04185021775467745
489,-0.781791223321781,-0.781791223321781
490,-0.23269692927080868,-0.23269692927080868
491,-1.1661572291574616,-1.1661572291574616
492,0.24318479297215959,0.24318479297215959
493,-0.34251578808100314,-0.34251578808100314
494,1.0485230894493343,1.0485230894493343
495,-0.17778749986571146,-0.17778749986571146
496,-1.00142894094217,-1.00142894094217
497,0.3713067941852608,0.3713067941852608
498,0.42621622359035805,0.42621622359035805
499,0.09675964715977467,0.09675964715977467
500,0.7556728000209414,0.7556728000209414
501,-0.45233464689119757,-0.45233464689119757
502,-0.2876063586759059,-0.2876063586759059
503,0.31639736478016356,0.31639736478016356
504,-0.3974252174861004,-0.3974252174861004
505,-0.7268817939166837,-0.7268817939166837
506,1.0485230894493343,1.0485230894493343
507,1.7806488163148824,1.7806488163148824
508,-0.04966549865261025,-0.04966549865261025
509,-0.6719723645115865,-0.6719723645115865
510,-0.45233464689119757,-0.45233464689119757
511,-0.01305921165041978,-0.01305921165041978
512,0.8105822294260386,0.8105822294260386
513,0.6824602282129374,0.6824602282129374
514,-0.12287807046061423,-0.12287807046061423
515,0.31639736478016356,0.31639736478016356
516,0.8105822294260386,0.8105822294260386
517,2.7873216880095386,2.7873216880095386
518,0.42621622359035805,0.42621622359035805
519,-0.04966549865261025,-0.04966549865261025
520,0.20657850596996913,0.20657850596996913
521,0.3713067941852608,0.3713067941852608
522,-1.1661572291574616,-1.1661572291574616
523,-1.00142894094217,-1.00142894094217
524,-1.00142894094217,-1.00142894094217
525,-0.3974252174861004,-0.3974252174861004
526,-0.562153505701392,-0.562153505701392
527,-0.781791223321781,-0.781791223321781
528,-0.7085786508548639,-0.7085786508548639
529,-0.5072440762962949,-0.5072440762962949
530,-0.34251578808100314,-0.34251578808100314
531,-0.34251578808100314,-0.34251578808100314
532,-1.2210666585625587,-1.2210666585625587
533,-0.04966549865261025,-0.04966549865261025
534,0.42621622359035805,0.42621622359035805
535,3.3913254114656084,3.3913254114656084
536,0.7556728000209414,0.7556728000209414
537,-1.275976087967656,-1.275976087967656
538,-0.781791223321781,-0.781791223321781
539,-1.00142894094217,-1.00142894094217
540,1.6891330999075942,1.6891330999075942
541,-0.6170629351064892,-0.6170629351064892
542,-0.781791223321781,-0.781791223321781
543,1.5793142410973997,1.5793142410973997
544,-0.34251578808100314,-0.34251578808100314
545,-0.01305921165041978,-0.01305921165041978
546,-1.4956138055880448,-1.4956138055880448
547,3.0618688350350247,3.0618688350350247
548,0.26148793537506637,0.26148793537506637
549,-0.12287807046061423,-0.12287807046061423
550,-0.34251578808100314,-0.34251578808100314
551,-0.48894093323447485,-0.48894093323447485
552,-1.7701609526135311,-1.7701609526135311
553,0.46282251059254853,0.46282251059254853
554,-0.34251578808100314,-0.34251578808100314
555,-0.7268817939166837,-0.7268817939166837
556,0.1516690765648719,0.1516690765648719
557,0.7556728000209414,0.7556728000209414
558,1.1217356634537152,1.1217356634537152
559,0.09675964715977467,0.09675964715977467
560,0.31639736478016356,0.31639736478016356
561,0.6458539412107469,0.6458539412107469
562,0.9753105176413303,0.9753105176413303
563,-0.12287807046061423,-0.12287807046061423
564,3.665872558491094,3.665872558491094
565,1.1949482352617191,1.1949482352617191
566,-1.00142894094217,-1.00142894094217
567,-0.6719723645115865,-0.6719723645115865
568,-0.5072440762962949,-0.5072440762962949
569,-1.4407043761829477,-1.4407043761829477
570,-0.781791223321781,-0.781791223321781
571,-0.41572836054792034,-0.41572836054792034
572,-0.8916100821319755,-0.8916100821319755
573,-1.1478540860956419,-1.1478540860956419
574,-1.1112477997523642,-1.1112477997523642
575,0.5909445118056497,0.5909445118056497
576,-0.8916100821319755,-0.8916100821319755
577,0.42621622359035805,0.42621622359035805
578,-0.6170629351064892,-0.6170629351064892
579,-0.067968641055517,-0.067968641055517
580,-0.01305921165041978,-0.01305921165041978
581,0.7007633706158442,0.7007633706158442
582,-0.7268817939166837,-0.7268817939166837
583,2.073499105743275,2.073499105743275
584,1.634223670502497,1.634223670502497
585,-0.7268817939166837,-0.7268817939166837
586,-1.4407043761829477,-1.4407043761829477
587,-0.34251578808100314,-0.34251578808100314
588,0.09675964715977467,0.09675964715977467
589,0.24318479297215959,0.24318479297215959
590,-0.2876063586759059,-0.2876063586759059
591,-0.3974252174861004,-0.3974252174861004
592,-0.8367006527268782,-0.8367006527268782
593,-0.8367006527268782,-0.8367006527268782
594,0.9204010882362331,0.9204010882362331
595,0.6824602282129374,0.6824602282129374
596,0.31639736478016356,0.31639736478016356
597,1.0851293764515249,1.0851293764515249
598,1.3047670940719136,1.3047670940719136
599,0.5909445118056497,0.5909445118056497
600,1.1949482352617191,1.1949482352617191
601,0.8105822294260386,0.8105822294260386
602,-0.23269692927080868,-0.23269692927080868
603,0.6092476542085564,0.6092476542085564
604,0.26148793537506637,0.26148793537506637
605,-0.12287807046061423,-0.12287807046061423
606,-0.12287807046061423,-0.12287807046061423
607,-0.48894093323447485,-0.48894093323447485
608,-0.48894093323447485,-0.48894093323447485
609,0.5360350824005525,0.5360350824005525
610,0.09675964715977467,0.09675964715977467
611,-0.34251578808100314,-0.34251578808100314
612,-0.7085786508548639,-0.7085786508548639
613,-0.781791223321781,-0.781791223321781
614,-1.2210666585625587,-1.2210666585625587
615,0.09675964715977467,0.09675964715977467
616,-0.2876063586759059,-0.2876063586759059
617,-1.00142894094217,-1.00142894094217
618,-1.00142894094217,-1.00142894094217
619,0.31639736478016356,0.31639736478016356
620,0.09675964715977467,0.09675964715977467
621,-1.4956138055880448,-1.4956138055880448
622,-0.01305921165041978,-0.01305921165041978
623,-0.34251578808100314,-0.34251578808100314
624,0.09675964715977467,0.09675964715977467
625,-0.12287807046061423,-0.12287807046061423
626,0.26148793537506637,0.26148793537506637
627,0.48112565299545523,0.48112565299545523
628,-0.34251578808100314,-0.34251578808100314
629,0.16997221896777864,0.16997221896777864
630,0.31639736478016356,0.31639736478016356
631,1.634223670502497,1.634223670502497
632,-1.1112477997523642,-1.1112477997523642
633,1.3413733810741044,1.3413733810741044
634,0.023547075351770693,0.023547075351770693
635,1.0302199470464275,1.0302199470464275
636,2.1467116775512785,2.1467116775512785
637,0.26148793537506637,0.26148793537506637
638,2.56768397038915,2.56768397038915
639,1.0302199470464275,1.0302199470464275
640,2.0185896763381774,2.0185896763381774
641,1.0851293764515249,1.0851293764515249
642,-0.9465195115370726,-0.9465195115370726
643,2.073499105743275,2.073499105743275
644,-0.01305921165041978,-0.01305921165041978
645,-0.6719723645115865,-0.6719723645115865
646,0.7556728000209414,0.7556728000209414
647,-1.1661572291574616,-1.1661572291574616
648,-0.781791223321781,-0.781791223321781
649,-0.2876063586759059,-0.2876063586759059
650,-0.7268817939166837,-0.7268817939166837
651,-1.2210666585625587,-1.2210666585625587
652,-0.7268817939166837,-0.7268817939166837
653,-0.5072440762962949,-0.5072440762962949
654,-1.4956138055880448,-1.4956138055880448
655,-0.562153505701392,-0.562153505701392
656,-0.23269692927080868,-0.23269692927080868
657,-0.01305921165041978,-0.01305921165041978
658,0.7556728000209414,0.7556728000209414
659,-0.01305921165041978,-0.01305921165041978
660,1.414585952882108,1.414585952882108
661,0.3713067941852608,0.3713067941852608
662,0.04185021775467745,0.04185021775467745
663,-0.8916100821319755,-0.8916100821319755
664,5.368064870049108,5.368064870049108
665,-0.5072440762962949,-0.5072440762962949
666,-0.12287807046061423,-0.12287807046061423
667,0.09675964715977467,0.09675964715977467
668,0.20657850596996913,0.20657850596996913
669,0.09675964715977467,0.09675964715977467
670,0.09675964715977467,0.09675964715977467
671,-0.6719723645115865,-0.6719723645115865
672,1.359676523477011,1.359676523477011
673,-0.41572836054792034,-0.41572836054792034
674,-0.01305921165041978,-0.01305921165041978
675,-0.562153505701392,-0.562153505701392
676,-0.19609064292753142,-0.19609064292753142
677,0.5360350824005525,0.5360350824005525
678,0.023547075351770693,0.023547075351770693
679,-0.3974252174861004,-0.3974252174861004
680,1.0851293764515249,1.0851293764515249
681,0.6458539412107469,0.6458539412107469
682,0.6092476542085564,0.6092476542085564
683,0.1516690765648719,0.1516690765648719
684,0.31639736478016356,0.31639736478016356
685,0.5360350824005525,0.5360350824005525
686,0.46282251059254853,0.46282251059254853
687,1.414585952882108,1.414585952882108
688,-0.23269692927080868,-0.23269692927080868
689,0.8105822294260386,0.8105822294260386
690,0.26148793537506637,0.26148793537506637
691,-0.12287807046061423,-0.12287807046061423
692,1.1217356634537152,1.1217356634537152
693,-0.34251578808100314,-0.34251578808100314
694,0.20657850596996913,0.20657850596996913
695,0.31639736478016356,0.31639736478016356
696,0.24318479297215959,0.24318479297215959
697,-0.04966549865261025,-0.04966549865261025
698,-1.00142894094217,-1.00142894094217
699,-1.00142894094217,-1.00142894094217
700,-0.48894093323447485,-0.48894093323447485
701,-0.8916100821319755,-0.8916100821319755
702,-0.01305921165041978,-0.01305921165041978
703,-0.8916100821319755,-0.8916100821319755
704,-0.34251578808100314,-0.34251578808100314
705,0.5360350824005525,0.5360350824005525
706,-0.26930321561408593,-0.26930321561408593
707,0.09675964715977467,0.09675964715977467
708,-1.1112477997523642,-1.1112477997523642
709,0.16997221896777864,0.16997221896777864
710,-0.34251578808100314,-0.34251578808100314
711,-0.41572836054792034,-0.41572836054792034
712,0.09675964715977467,0.09675964715977467
713,-1.00142894094217,-1.00142894094217
714,-1.2942792310294757,-1.2942792310294757
715,-0.3974252174861004,-0.3974252174861004
716,-0.19609064292753142,-0.19609064292753142
717,0.31639736478016356,0.31639736478016356
718,0.8288853718289454,0.8288853718289454
719,0.48112565299545523,0.48112565299545523
720,-0.23269692927080868,-0.23269692927080868
721,0.9020979458333264,0.9020979458333264
722,-0.562153505701392,-0.562153505701392
723,-1.3308855173727532,-1.3308855173727532
724,-0.6170629351064892,-0.6170629351064892
725,-1.8799798114237254,-1.8799798114237254
726,1.414585952882108,1.414585952882108
727,0.31639736478016356,0.31639736478016356
728,-0.19609064292753142,-0.19609064292753142
729,-0.12287807046061423,-0.12287807046061423
730,1.0485230894493343,1.0485230894493343
731,-0.7268817939166837,-0.7268817939166837
732,-1.5505232349931422,-1.5505232349931422
733,-1.1112477997523642,-1.1112477997523642
734,-0.2876063586759059,-0.2876063586759059
735,0.09675964715977467,0.09675964715977467
736,3.7756914173012883,3.7756914173012883
737,0.48112565299545523,0.48112565299545523
738,0.9753105176413303,0.9753105176413303
739,2.622593399794247,2.622593399794247
740,-1.00142894094217,-1.00142894094217
741,-0.34251578808100314,-0.34251578808100314
742,-1.3857949467778505,-1.3857949467778505
743,-0.23269692927080868,-0.23269692927080868
744,-0.635366078168309,-0.635366078168309
745,-1.1661572291574616,-1.1661572291574616
746,0.023547075351770693,0.023547075351770693
747,-1.2210666585625587,-1.2210666585625587
748,0.5360350824005525,0.5360350824005525
749,-0.6170629351064892,-0.6170629351064892
750,0.023547075351770693,0.023547075351770693
751,0.42621622359035805,0.42621622359035805
752,-1.1112477997523642,-1.1112477997523642
753,0.9204010882362331,0.9204010882362331
754,-1.4407043761829477,-1.4407043761829477
755,-0.562153505701392,-0.562153505701392
756,-1.1478540860956419,-1.1478540860956419
757,-1.6603420938033366,-1.6603420938033366
758,1.7989519587177887,1.7989519587177887
759,0.8288853718289454,0.8288853718289454
760,0.31639736478016356,0.31639736478016356
761,2.842231117414636,2.842231117414636
762,0.31639736478016356,0.31639736478016356
763,0.5360350824005525,0.5360350824005525
764,-0.01305921165041978,-0.01305921165041978
765,0.9753105176413303,0.9753105176413303
766,0.7556728000209414,0.7556728000209414
767,-0.12287807046061423,-0.12287807046061423
768,-0.41572836054792034,-0.41572836054792034
769,-0.01305921165041978,-0.01305921165041978
770,-0.8367006527268782,-0.8367006527268782
771,1.1949482352617191,1.1949482352617191
772,0.5360350824005525,0.5360350824005525
773,0.16997221896777864,0.16997221896777864
774,-1.5505232349931422,-1.5505232349931422
775,-0.7085786508548639,-0.7085786508548639
776,-1.2210666585625587,-1.2210666585625587
777,-0.3974252174861004,-0.3974252174861004
778,-0.34251578808100314,-0.34251578808100314
779,3.3913254114656084,3.3913254114656084
780,-0.562153505701392,-0.562153505701392
781,-1.00142894094217,-1.00142894094217
782,-0.26930321561408593,-0.26930321561408593
783,0.24318479297215959,0.24318479297215959
784,-1.4407043761829477,-1.4407043761829477
785,-0.01305921165041978,-0.01305921165041978
786,1.7989519587177887,1.7989519587177887
787,-1.1661572291574616,-1.1661572291574616
788,-1.00142894094217,-1.00142894094217
789,-0.9465195115370726,-0.9465195115370726
790,-0.7268817939166837,-0.7268817939166837
791,-0.12287807046061423,-0.12287807046061423
792,-1.513916948649865,-1.513916948649865
793,-1.3308855173727532,-1.3308855173727532
794,-1.00142894094217,-1.00142894094217
795,0.42621622359035805,0.42621622359035805
796,-0.635366078168309,-0.635366078168309
797,-0.12287807046061423,-0.12287807046061423
798,0.9204010882362331,0.9204010882362331
799,0.42621622359035805,0.42621622359035805
800,0.09675964715977467,0.09675964715977467
801,1.634223670502497,1.634223670502497
802,-0.562153505701392,-0.562153505701392
803,-0.2876063586759059,-0.2876063586759059
804,0.09675964715977467,0.09675964715977467
805,-0.19609064292753142,-0.19609064292753142
806,-0.12287807046061423,-0.12287807046061423
807,-0.34251578808100314,-0.34251578808100314
808,-1.2210666585625587,-1.2210666585625587
809,1.7074362423105005,1.7074362423105005
810,0.7556728000209414,0.7556728000209414
811,0.1516690765648719,0.1516690765648719
812,0.9753105176413303,0.9753105176413303
813,0.023547075351770693,0.023547075351770693
814,-0.7268817939166837,-0.7268817939166837
815,-1.6603420938033366,-1.6603420938033366
816,-0.9465195115370726,-0.9465195115370726
817,0.48112565299545523,0.48112565299545523
818,-0.26930321561408593,-0.26930321561408593
819,-1.7152515232084338,-1.7152515232084338
820,-0.562153505701392,-0.562153505701392
821,-0.562153505701392,-0.562153505701392
822,1.0302199470464275,1.0302199470464275
823,-1.4407043761829477,-1.4407043761829477
824,3.1716876938452194,3.1716876938452194
825,0.20657850596996913,0.20657850596996913
826,-0.781791223321781,-0.781791223321781
827,1.7440425293126915,1.7440425293126915
828,1.1949482352617191,1.1949482352617191
829,-0.6170629351064892,-0.6170629351064892
830,2.6775028291993443,2.6775028291993443
831,0.04185021775467745,0.04185021775467745
832,0.8654916588311359,0.8654916588311359
833,-0.8367006527268782,-0.8367006527268782
834,-0.6719723645115865,-0.6719723645115865
835,-0.8367006527268782,-0.8367006527268782
836,-1.4956138055880448,-1.4956138055880448
837,-0.6170629351064892,-0.6170629351064892
838,-0.9465195115370726,-0.9465195115370726
839,-0.7268817939166837,-0.7268817939166837
840,-1.1661572291574616,-1.1661572291574616
841,0.16997221896777864,0.16997221896777864
842,-0.781791223321781,-0.781791223321781
843,-0.45233464689119757,-0.45233464689119757
844,0.023547075351770693,0.023547075351770693
845,0.16997221896777864,0.16997221896777864
846,2.073499105743275,2.073499105743275
847,-0.34251578808100314,-0.34251578808100314
848,-0.34251578808100314,-0.34251578808100314
849,0.09675964715977467,0.09675964715977467
850,0.6824602282129374,0.6824602282129374
851,-0.8367006527268782,-0.8367006527268782
852,0.8288853718289454,0.8288853718289454
853,-0.48894093323447485,-0.48894093323447485
854,0.023547075351770693,0.023547075351770693
855,-0.3974252174861004,-0.3974252174861004
856,-0.781791223321781,-0.781791223321781
857,2.5127745409840525,2.5127745409840525
858,-0.45233464689119757,-0.45233464689119757
859,0.42621622359035805,0.42621622359035805
860,0.9753105176413303,0.9753105176413303
861,1.414585952882108,1.414585952882108
862,-0.34251578808100314,-0.34251578808100314
863,-0.23269692927080868,-0.23269692927080868
864,-1.1112477997523642,-1.1112477997523642
865,-0.34251578808100314,-0.34251578808100314
866,-0.34251578808100314,-0.34251578808100314
867,0.7556728000209414,0.7556728000209414
868,0.31639736478016356,0.31639736478016356
869,1.634223670502497,1.634223670502497
870,0.7556728000209414,0.7556728000209414
871,0.24318479297215959,0.24318479297215959
872,-0.01305921165041978,-0.01305921165041978
873,-0.8916100821319755,-0.8916100821319755
874,-0.17778749986571146,-0.17778749986571146
875,-0.34251578808100314,-0.34251578808100314
876,-0.635366078168309,-0.635366078168309
877,-1.1478540860956419,-1.1478540860956419
878,-0.34251578808100314,-0.34251578808100314
879,0.31639736478016356,0.31639736478016356
880,2.073499105743275,2.073499105743275
881,1.359676523477011,1.359676523477011
882,-0.7085786508548639,-0.7085786508548639
883,-1.6603420938033366,-1.6603420938033366
884,-1.2942792310294757,-1.2942792310294757
885,-1.275976087967656,-1.275976087967656
886,-0.781791223321781,-0.781791223321781
887,-1.00142894094217,-1.00142894094217
888,1.0851293764515249,1.0851293764515249
889,0.38960993658816756,0.38960993658816756
890,0.20657850596996913,0.20657850596996913
891,0.48112565299545523,0.48112565299545523
892,-0.7268817939166837,-0.7268817939166837
893,-0.12287807046061423,-0.12287807046061423
894,-0.8367006527268782,-0.8367006527268782
895,0.42621622359035805,0.42621622359035805
896,-1.4407043761829477,-1.4407043761829477
897,0.5360350824005525,0.5360350824005525
898,-0.12287807046061423,-0.12287807046061423
899,0.3713067941852608,0.3713067941852608
900,1.5610110986944934,1.5610110986944934
901,0.7556728000209414,0.7556728000209414
902,-1.1661572291574616,-1.1661572291574616
903,0.04185021775467745,0.04185021775467745
