,y_test,y_pred
0,-0.7814659914933918,-0.7814659914933918
1,2.0397516776844684,2.0397516776844684
2,-0.12872531392992467,-0.12872531392992467
3,0.07409124652796438,0.07409124652796438
4,0.30742503871560695,0.30742503871560695
5,-0.7885367124687749,-0.7885367124687749
6,-0.7743952705180086,-0.7743952705180086
7,-0.576496255084079,-0.576496255084079
8,-0.05318173102893157,-0.05318173102893157
9,-0.7885367124687749,-0.7885367124687749
10,-0.6754051768626451,-0.6754051768626451
11,-0.3642934539457883,-0.3642934539457883
12,-0.7885367124687749,-0.7885367124687749
13,-0.2511619183396586,-0.2511619183396586
14,-0.7885367124687747,-0.7885367124687747
15,-0.5481321993057492,-0.5481321993057492
16,-0.7814659914933918,-0.7814659914933918
17,1.346821022096924,1.346821022096924
18,0.8597727915821946,0.8597727915821946
19,-0.7249002236903269,-0.7249002236903269
20,-0.13803038273352888,-0.13803038273352888
21,0.8235876699185739,0.8235876699185739
22,-0.7673245495426255,-0.7673245495426255
23,-0.4986371524780674,-0.4986371524780674
24,2.0397516776844684,2.0397516776844684
25,-0.7107587817395606,-0.7107587817395606
26,0.4276272952971198,0.4276272952971198
27,-0.7673245495426255,-0.7673245495426255
28,-0.6329808510103465,-0.6329808510103465
29,-0.7814659914933918,-0.7814659914933918
30,-0.7673245495426255,-0.7673245495426255
31,-0.6259101300349633,-0.6259101300349633
32,0.1589398982325617,0.1589398982325617
33,1.9195494211029556,1.9195494211029556
34,-0.7885367124687749,-0.7885367124687749
35,-0.7743952705180086,-0.7743952705180086
36,-0.7885367124687749,-0.7885367124687749
37,2.0397516776844684,2.0397516776844684
38,0.6114660406570807,0.6114660406570807
39,-0.28651552321657414,-0.28651552321657414
40,-0.7885367124687749,-0.7885367124687749
41,-0.5202857203028174,-0.5202857203028174
42,-0.746404548807179,-0.746404548807179
43,-0.7885367124687749,-0.7885367124687749
44,2.004398072807553,2.004398072807553
45,0.46298090017403537,0.46298090017403537
46,-0.7885367124687749,-0.7885367124687749
47,-0.7814659914933918,-0.7814659914933918
48,-0.73197094466571,-0.73197094466571
49,-0.7814659914933918,-0.7814659914933918
50,-0.46328354760115187,-0.46328354760115187
51,-0.3964341232114898,-0.3964341232114898
52,-0.7885367124687749,-0.7885367124687749
53,-0.7814659914933918,-0.7814659914933918
54,1.9902566308567866,1.9902566308567866
55,2.0397516776844684,2.0397516776844684
56,0.13472126474767954,0.13472126474767954
57,-0.7461123866164762,-0.7461123866164762
58,2.0397516776844684,2.0397516776844684
59,-0.7743952705180086,-0.7743952705180086
60,-0.7885367124687749,-0.7885367124687749
61,0.10237413042949682,0.10237413042949682
62,-0.03904028907816535,-0.03904028907816535
63,1.8912665372014232,1.8912665372014232
64,-0.7885367124687749,-0.7885367124687749
65,-0.7885367124687749,-0.7885367124687749
66,1.5235890464815016,1.5235890464815016
67,0.13065701433102925,0.13065701433102925
68,-0.6541930139364958,-0.6541930139364958
69,1.9690444679306374,1.9690444679306374
70,-0.7885367124687749,-0.7885367124687749
71,0.33686752085710214,0.33686752085710214
72,-0.6541930139364958,-0.6541930139364958
73,-0.69199421958625,-0.69199421958625
74,-0.7885367124687755,-0.7885367124687755
75,1.0993457879585151,1.0993457879585151
76,0.7293123330095957,0.7293123330095957
77,-0.5976272461334309,-0.5976272461334309
78,0.48217366518961535,0.48217366518961535
79,-0.7885367124687749,-0.7885367124687749
80,-0.634909178034753,-0.634909178034753
81,2.0397516776844684,2.0397516776844684
82,1.4544091124583534,1.4544091124583534
83,-0.7885367124687749,-0.7885367124687749
84,-0.7885367124687752,-0.7885367124687752
85,-0.2299497554135093,-0.2299497554135093
86,-0.47035426857653495,-0.47035426857653495
87,-0.7259639429538636,-0.7259639429538636
88,1.995559671588324,1.995559671588324
89,1.994858256067566,1.994858256067566
90,2.0397516776844684,2.0397516776844684
91,-0.7885367124687744,-0.7885367124687744
92,-0.7814659914933918,-0.7814659914933918
93,-0.7885367124687749,-0.7885367124687749
94,-0.2299497554135093,-0.2299497554135093
95,2.0256102357337022,2.0256102357337022
96,-0.7075237854789034,-0.7075237854789034
97,-0.7107587817395606,-0.7107587817395606
98,0.7811633440662752,0.7811633440662752
99,1.7286399547676117,1.7286399547676117
100,0.0869231909540897,0.0869231909540897
101,-0.7743952705180086,-0.7743952705180086
102,-0.7743952705180086,-0.7743952705180086
103,-0.7814659914933918,-0.7814659914933918
104,1.283184533318476,1.283184533318476
105,-0.6748813778527888,-0.6748813778527888
106,0.418200610092739,0.418200610092739
107,-0.35298030038517536,-0.35298030038517536
108,0.7458097391893597,0.7458097391893597
109,-0.7885367124687745,-0.7885367124687745
