1 1
2 2
4 4
6 6
7 7
8 8
9 9
12 12
23 23
32 32
45 45
51 51
60 60
62 62
66 66
69 69
74 74
79 79
80 80
81 81
83 83
84 84
85 85
86 86
87 87
88 88
89 89
91 91
94 94
96 96
104 104
106 106
116 116
121 121
122 122
126 126
137 137
146 146
148 148
149 149
151 151
153 153
157 157
159 159
160 160
163 163
165 165
166 166
167 167
169 169
170 170
173 173
174 174
175 175
178 178
179 179
183 183
184 184
185 185
187 187
188 188
190 190
191 191
194 194
196 196
198 198
200 200
202 202
203 203
204 204
205 205
206 206
207 207
208 208
210 210
212 212
213 213
214 214
215 215
216 216
217 217
219 219
222 222
223 223
224 224
230 230
231 231
236 236
252 252
262 262
263 263
267 267
269 269
273 273
282 282
287 287
288 288
295 295
296 296
314 314
318 318
320 320
321 321
323 323
326 326
327 327
328 328
332 332
334 334
338 338
339 339
340 340
341 341
346 346
347 347
348 348
349 349
355 355
357 357
359 359
361 361
363 363
364 364
366 366
367 367
368 368
369 369
371 371
372 372
374 374
375 375
377 377
378 378
379 379
380 380
383 383
385 385
386 386
387 387
389 389
390 390
391 391
392 392
393 393
396 396
397 397
466 466
992 992
996 996
998 998
1026 1026
1061 1061
1062 1062
1063 1063
1064 1064
1068 1068
1070 1070
1072 1072
1073 1073
1075 1075
1158 1158
1163 1163
1166 1166
1169 1169
1247 1247
1254 1254
1256 1256
1257 1257
1312 1312
1313 1313
1317 1317
1318 1318
1360 1360
1362 1362
1363 1363
1366 1366
1374 1374
1391 1391
1404 1404
1435 1435
1552 1552
1585 1585
4632 4632
4675 4675
4757 4757
4820 4820
4827 4827
4879 4879
4927 4927
4935 4935
5106 5106
5141 5141
5145 5145
5146 5146
5175 5175
5282 5282
5292 5292
5310 5310
5322 5322
5335 5335
5337 5337
5350 5350
5364 5364
5373 5373
5377 5377
5394 5394
5398 5398
5444 5444
5450 5450
5466 5466
5536 5536
5582 5582
5645 5645
5678 5678
5708 5708
5709 5709
5710 5710
5711 5711
5713 5713
5715 5715
5716 5716
5717 5717
5720 5720
5721 5721
5722 5722
5723 5723
5724 5724
5733 5733
5735 5735
5737 5737
5738 5738
5741 5741
5742 5742
5744 5744
5746 5746
5749 5749
5751 5751
5756 5756
5759 5759
5762 5762
5767 5767
5769 5769
5770 5770
5772 5772
5774 5774
5777 5777
5780 5780
5781 5781
5782 5782
5784 5784
5787 5787
5788 5788
5789 5789
5792 5792
5793 5793
5795 5795
5798 5798
5799 5799
5802 5802
5804 5804
5812 5812
5816 5816
5817 5817
5819 5819
5821 5821
5826 5826
5831 5831
5832 5832
5835 5835
5836 5836
5856 5856
5860 5860
5867 5867
5870 5870
6008 6008
6010 6010
6011 6011
6012 6012
6013 6013
6016 6016
6017 6017
6019 6019
6020 6020
6021 6021
6022 6022
6024 6024
6025 6025
6030 6030
6034 6034
6036 6036
6038 6038
6039 6039
6040 6040
6041 6041
6042 6042
6043 6043
6046 6046
6064 6064
6069 6069
6074 6074
6076 6076
6077 6077
6085 6085
6086 6086
6087 6087
6090 6090
6091 6091
6092 6092
6093 6093
6094 6094
6095 6095
6096 6096
6097 6097
6098 6098
6099 6099
6100 6100
6101 6101
6102 6102
6103 6103
6104 6104
6106 6106
6107 6107
6108 6108
6109 6109
6111 6111
6112 6112
6114 6114
6115 6115
6116 6116
6118 6118
6119 6119
6120 6120
6121 6121
6122 6122
6123 6123
6124 6124
6125 6125
6126 6126
6127 6127
6128 6128
6129 6129
6131 6131
6132 6132
6133 6133
6134 6134
6136 6136
6137 6137
6138 6138
6140 6140
6141 6141
6142 6142
6143 6143
6144 6144
6147 6147
6151 6151
6154 6154
6163 6163
6166 6166
6169 6169
6170 6170
6171 6171
6172 6172
6173 6173
6174 6174
6177 6177
6180 6180
6184 6184
6189 6189
6191 6191
6192 6192
6193 6193
6194 6194
6195 6195
6197 6197
6198 6198
6199 6199
6200 6200
6201 6201
6202 6202
6203 6203
6207 6207
6209 6209
6210 6210
6212 6212
6214 6214
6215 6215
6216 6216
6217 6217
6218 6218
6220 6220
6221 6221
6226 6226
6237 6237
6241 6241
6242 6242
6243 6243
6244 6244
6252 6252
6255 6255
6258 6258
6268 6268
6276 6276
6284 6284
6411 6411
6412 6412
6413 6413
6898 6898
6901 6901
6903 6903
6905 6905
6906 6906
6907 6907
6913 6913
6914 6914
6916 6916
6917 6917
6918 6918
6919 6919
6921 6921
6922 6922
6930 6930
6937 6937
6940 6940
6942 6942
6946 6946
6951 6951
6956 6956
6958 6958
6959 6959
6960 6960
6962 6962
6964 6964
6965 6965
6969 6969
6972 6972
6973 6973
6975 6975
6976 6976
6977 6977
6979 6979
6980 6980
6982 6982
6985 6985
6988 6988
7033 7033
7071 7071
7081 7081
7092 7092
7192 7192
7296 7296
7320 7320
7430 7430
7508 7508
7516 7516
7519 7519
7520 7520
7525 7525
8213 8213
8214 8214
8218 8218
8222 8222
8225 8225
8227 8227
8230 8230
8231 8231
8233 8233
8236 8236
8237 8237
8238 8238
8239 8239
8240 8240
8241 8241
8242 8242
8247 8247
8249 8249
8256 8256
8258 8258
8259 8259
8265 8265
8266 8266
8271 8271
8275 8275
8283 8283
8284 8284
8285 8285
8290 8290
8296 8296
8300 8300
8304 8304
8306 8306
8307 8307
8310 8310
8311 8311
8313 8313
8314 8314
8323 8323
8325 8325
8326 8326
8329 8329
8334 8334
8337 8337
8343 8343
8351 8351
8354 8354
8357 8357
8365 8365
8374 8374
8376 8376
8378 8378
8386 8386
8387 8387
8388 8388
8389 8389
8395 8395
8412 8412
8420 8420
8422 8422
8423 8423
8426 8426
8427 8427
8430 8430
9057 9057
9058 9058
9302 9302
9308 9308
9309 9309
9321 9321
9323 9323
9332 9332
9336 9336
9339 9339
9342 9342
9343 9343
9344 9344
9349 9349
9351 9351
9352 9352
9353 9353
9354 9354
9355 9355
9356 9356
9363 9363
9367 9367
9369 9369
9371 9371
9378 9378
9380 9380
9381 9381
9382 9382
9383 9383
9384 9384
9385 9385
9386 9386
9388 9388
9390 9390
9391 9391
9392 9392
9399 9399
9402 9402
9404 9404
9405 9405
9407 9407
9408 9408
9409 9409
9410 9410
9411 9411
9412 9412
9413 9413
9416 9416
9418 9418
9419 9419
9421 9421
9427 9427
9433 9433
9434 9434
9436 9436
9437 9437
9442 9442
9450 9450
9451 9451
9452 9452
9453 9453
9454 9454
9469 9469
9470 9470
9471 9471
9472 9472
9476 9476
9481 9481
9482 9482
9490 9490
9496 9496
9499 9499
9504 9504
100000 100000
