159 159
403 403
991 991
992 992
1002 1002
1006 1006
1061 1061
1062 1062
1063 1063
1070 1070
1257 1257
1317 1317
1829 1829
1872 1872
1925 1925
2016 2016
2057 2057
2171 2171
5717 5717
5720 5720
5784 5784
5831 5831
5832 5832
5836 5836
5837 5837
5856 5856
5865 5865
5867 5867
5893 5893
5984 5984
6008 6008
6009 6009
6010 6010
6011 6011
6016 6016
6017 6017
6019 6019
6021 6021
6022 6022
6023 6023
6024 6024
6025 6025
6030 6030
6034 6034
6035 6035
6038 6038
6040 6040
6041 6041
6046 6046
6064 6064
6069 6069
6073 6073
6076 6076
6077 6077
6085 6085
6086 6086
6087 6087
6090 6090
6091 6091
6092 6092
6095 6095
6097 6097
6098 6098
6099 6099
6104 6104
6106 6106
6107 6107
6109 6109
6112 6112
6114 6114
6115 6115
6118 6118
6119 6119
6122 6122
6123 6123
6124 6124
6125 6125
6128 6128
6131 6131
6132 6132
6133 6133
6134 6134
6136 6136
6137 6137
6138 6138
6140 6140
6141 6141
6142 6142
6145 6145
6148 6148
6149 6149
6150 6150
6151 6151
6154 6154
6163 6163
6169 6169
6172 6172
6177 6177
6180 6180
6184 6184
6188 6188
6189 6189
6191 6191
6194 6194
6195 6195
6201 6201
6202 6202
6203 6203
6209 6209
6210 6210
6214 6214
6216 6216
6217 6217
6218 6218
6220 6220
6221 6221
6231 6231
6235 6235
6237 6237
6240 6240
6241 6241
6242 6242
6243 6243
6244 6244
6255 6255
6258 6258
6268 6268
6276 6276
6284 6284
6396 6396
6897 6897
6898 6898
6900 6900
6903 6903
6907 6907
6909 6909
6911 6911
6913 6913
6917 6917
6919 6919
6920 6920
6922 6922
6923 6923
6924 6924
6926 6926
6929 6929
6931 6931
6932 6932
6933 6933
6938 6938
6940 6940
6943 6943
6944 6944
6945 6945
6951 6951
6956 6956
6957 6957
6958 6958
6959 6959
6960 6960
6963 6963
6966 6966
6967 6967
6968 6968
6969 6969
6971 6971
6973 6973
6974 6974
6975 6975
6976 6976
6979 6979
6981 6981
6982 6982
6984 6984
6987 6987
6989 6989
6990 6990
6992 6992
7000 7000
7002 7002
7013 7013
7028 7028
7062 7062
7071 7071
7081 7081
7092 7092
7094 7094
7102 7102
7109 7109
7126 7126
7143 7143
7147 7147
7163 7163
7164 7164
7169 7169
7181 7181
7186 7186
7192 7192
7231 7231
7244 7244
7255 7255
7258 7258
7268 7268
7276 7276
7282 7282
7287 7287
7296 7296
7316 7316
7320 7320
7323 7323
7337 7337
7343 7343
7353 7353
7372 7372
7378 7378
7382 7382
7384 7384
7424 7424
7460 7460
7461 7461
7477 7477
7514 7514
7515 7515
7516 7516
7517 7517
7520 7520
7521 7521
7523 7523
7525 7525
8222 8222
8227 8227
8230 8230
8231 8231
8233 8233
8235 8235
8236 8236
8240 8240
8241 8241
8247 8247
8249 8249
8256 8256
8259 8259
8283 8283
8284 8284
8285 8285
8290 8290
8297 8297
8306 8306
8307 8307
8311 8311
8312 8312
8334 8334
8335 8335
8343 8343
8351 8351
8354 8354
8365 8365
8366 8366
8369 8369
8386 8386
8420 8420
8424 8424
9057 9057
9058 9058
9104 9104
9323 9323
9332 9332
9336 9336
9339 9339
9343 9343
9352 9352
9353 9353
9363 9363
9369 9369
9371 9371
9380 9380
9381 9381
9382 9382
9383 9383
9386 9386
9388 9388
9390 9390
9391 9391
9392 9392
9399 9399
9402 9402
9404 9404
9405 9405
9407 9407
9408 9408
9409 9409
9412 9412
9413 9413
9416 9416
9421 9421
9427 9427
9433 9433
9436 9436
9450 9450
9451 9451
9452 9452
9453 9453
9455 9455
9471 9471
9476 9476
