5837 5837
6008 6008
6009 6009
6016 6016
6040 6040
6042 6042
6043 6043
6046 6046
6064 6064
6074 6074
6243 6243
6709 6709
6897 6897
6898 6898
6899 6899
6900 6900
6901 6901
6903 6903
6904 6904
6905 6905
6906 6906
6907 6907
6908 6908
6909 6909
6910 6910
6911 6911
6913 6913
6914 6914
6915 6915
6916 6916
6917 6917
6918 6918
6919 6919
6920 6920
6921 6921
6922 6922
6923 6923
6924 6924
6926 6926
6927 6927
6928 6928
6929 6929
6930 6930
6931 6931
6932 6932
6933 6933
6936 6936
6937 6937
6939 6939
6940 6940
6942 6942
6943 6943
6944 6944
6945 6945
6946 6946
6951 6951
6956 6956
6957 6957
6958 6958
6959 6959
6960 6960
6961 6961
6962 6962
6963 6963
6964 6964
6965 6965
6966 6966
6967 6967
6968 6968
6969 6969
6970 6970
6971 6971
6972 6972
6973 6973
6974 6974
6975 6975
6976 6976
6977 6977
6978 6978
6979 6979
6980 6980
6981 6981
6982 6982
6983 6983
6984 6984
6985 6985
6988 6988
7081 7081
7296 7296
7438 7438
7461 7461
7514 7514
7515 7515
7516 7516
7517 7517
7518 7518
7519 7519
7520 7520
7521 7521
7522 7522
7523 7523
7524 7524
7525 7525
7526 7526
8213 8213
8214 8214
8215 8215
8222 8222
8230 8230
8231 8231
8233 8233
8235 8235
8236 8236
8237 8237
8239 8239
8240 8240
8241 8241
8242 8242
8243 8243
8245 8245
8247 8247
8249 8249
8254 8254
8256 8256
8258 8258
8259 8259
8265 8265
8266 8266
8271 8271
8275 8275
8283 8283
8284 8284
8285 8285
8290 8290
8296 8296
8297 8297
8306 8306
8310 8310
8311 8311
8312 8312
8313 8313
8314 8314
8325 8325
8326 8326
8329 8329
8334 8334
8335 8335
8343 8343
8351 8351
8354 8354
8369 8369
8374 8374
8376 8376
8378 8378
8389 8389
8395 8395
8411 8411
8412 8412
8423 8423
8424 8424
8426 8426
8430 8430
9057 9057
9058 9058
