1 1
2 2
23 23
66 66
81 81
91 91
94 94
96 96
104 104
116 116
126 126
149 149
166 166
173 173
178 178
223 223
242 242
258 258
259 259
260 260
267 267
281 281
282 282
321 321
328 328
362 362
366 366
373 373
374 374
378 378
379 379
380 380
383 383
386 386
390 390
392 392
641 641
957 957
1716 1716
1859 1859
1867 1867
1925 1925
1967 1967
2057 2057
2150 2150
2187 2187
2274 2274
2290 2290
4802 4802
4997 4997
5056 5056
5116 5116
5122 5122
5158 5158
5160 5160
5202 5202
5207 5207
5232 5232
5245 5245
5264 5264
5341 5341
5380 5380
5381 5381
5565 5565
5606 5606
5628 5628
5719 5719
5742 5742
5753 5753
5785 5785
5805 5805
5832 5832
5837 5837
5896 5896
5987 5987
6008 6008
6019 6019
6020 6020
6039 6039
6042 6042
6046 6046
6074 6074
6076 6076
6085 6085
6094 6094
6096 6096
6098 6098
6100 6100
6109 6109
6112 6112
6119 6119
6169 6169
6188 6188
6190 6190
6194 6194
6203 6203
6242 6242
6243 6243
6318 6318
6413 6413
6448 6448
6449 6449
6709 6709
6727 6727
6729 6729
6730 6730
6744 6744
6810 6810
6847 6847
6897 6897
6898 6898
6899 6899
6903 6903
6904 6904
6906 6906
6909 6909
6910 6910
6911 6911
6913 6913
6914 6914
6916 6916
6919 6919
6921 6921
6924 6924
6926 6926
6928 6928
6933 6933
6936 6936
6937 6937
6939 6939
6940 6940
6943 6943
6944 6944
6946 6946
6951 6951
6953 6953
6958 6958
6959 6959
6961 6961
6962 6962
6967 6967
6968 6968
6970 6970
6973 6973
6976 6976
6977 6977
6979 6979
6980 6980
6982 6982
6983 6983
6985 6985
6988 6988
6989 6989
6990 6990
6992 6992
6994 6994
6996 6996
6998 6998
7000 7000
7002 7002
7004 7004
7008 7008
7011 7011
7014 7014
7015 7015
7026 7026
7031 7031
7034 7034
7035 7035
7062 7062
7069 7069
7071 7071
7075 7075
7078 7078
7080 7080
7092 7092
7094 7094
7098 7098
7100 7100
7102 7102
7105 7105
7110 7110
7123 7123
7126 7126
7128 7128
7135 7135
7139 7139
7141 7141
7143 7143
7145 7145
7147 7147
7150 7150
7151 7151
7158 7158
7163 7163
7164 7164
7165 7165
7166 7166
7169 7169
7178 7178
7181 7181
7186 7186
7188 7188
7199 7199
7201 7201
7205 7205
7206 7206
7224 7224
7227 7227
7229 7229
7231 7231
7244 7244
7252 7252
7255 7255
7258 7258
7260 7260
7263 7263
7270 7270
7275 7275
7277 7277
7280 7280
7282 7282
7283 7283
7284 7284
7291 7291
7296 7296
7300 7300
7306 7306
7307 7307
7310 7310
7316 7316
7320 7320
7330 7330
7331 7331
7333 7333
7337 7337
7340 7340
7343 7343
7344 7344
7346 7346
7351 7351
7353 7353
7354 7354
7355 7355
7372 7372
7373 7373
7378 7378
7379 7379
7382 7382
7384 7384
7390 7390
7391 7391
7392 7392
7394 7394
7397 7397
7405 7405
7408 7408
7411 7411
7418 7418
7424 7424
7430 7430
7438 7438
7446 7446
7449 7449
7460 7460
7472 7472
7477 7477
7479 7479
7482 7482
7483 7483
7490 7490
7492 7492
7496 7496
7498 7498
7502 7502
7504 7504
7506 7506
7507 7507
7508 7508
7514 7514
7515 7515
7516 7516
7520 7520
7521 7521
7522 7522
7523 7523
7525 7525
8213 8213
8214 8214
8215 8215
8231 8231
8235 8235
8236 8236
8239 8239
8240 8240
8241 8241
8242 8242
8256 8256
8271 8271
8274 8274
8275 8275
8296 8296
8297 8297
8300 8300
8304 8304
8306 8306
8310 8310
8311 8311
8314 8314
8323 8323
8325 8325
8326 8326
8329 8329
8343 8343
8351 8351
8354 8354
8365 8365
8374 8374
8376 8376
8378 8378
8387 8387
8389 8389
8420 8420
8424 8424
8610 8610
8692 8692
8796 8796
100000 100000
