1	1	0.107934532414322
2	2	0.5494365676661949
4	4	0.4761113226420848
6	6	-0.26468026487007934
7	7	-0.3412369852764735
8	8	-0.26304602965322615
9	9	-0.38298991356092266
12	12	-0.3308183565467172
23	23	0.3806873815715304
32	32	0.23550939420783698
45	45	0.04333362820801621
51	51	0.00029136985131960946
60	60	-0.2599148062901732
62	62	0.7588772027042651
66	66	-0.1079235375835557
69	69	-0.18998526120382955
74	74	-0.30302300888789235
79	79	-0.08244310682716845
80	80	0.3465012681080439
81	81	-0.3828108574449374
83	83	-0.14376036232725892
84	84	-0.3783880828859045
85	85	0.4538292395583447
86	86	0.07089951012646521
87	87	0.2699201362591357
88	88	-0.32165834394304976
89	89	-0.19192927071504304
91	91	0.04117546603404877
94	94	1.5978342772226137
96	96	-0.45442178129201055
104	104	-0.23106484366910954
106	106	0.5256663179241708
116	116	-0.19775037636625659
121	121	-0.4227008628566465
122	122	-0.291934265606756
126	126	0.0720351368428541
137	137	-0.3826715915769491
146	146	0.331028752817182
148	148	1.187001320193019
149	149	0.03735794322039397
151	151	-0.09249167011302128
153	153	-0.3109886998103682
157	157	-0.33050901895583124
159	159	-0.33050472260040237
160	160	-0.25974597730371446
163	163	-0.11332260116398306
165	165	-0.2730058625089803
166	166	-0.35076020700489663
167	167	-0.3108865621166021
169	169	-0.003942899567606403
170	170	0.4164708030894302
173	173	-0.2597257178253394
174	174	-0.38257708973795673
175	175	-0.3304703517569705
178	178	-0.28922923307382364
179	179	-0.25971558808615186
183	183	-0.28241362394593916
184	184	-0.3304488699798257
185	185	-0.4225250711456053
187	187	0.059908715724753814
188	188	-0.38254227327095974
190	190	-0.3304359809135388
191	191	-0.38253729948996007
194	194	-0.4541324450904293
196	196	0.06489404584111509
198	198	-0.20379342732837671
200	200	-0.13775509186821466
202	202	-0.38250745680396264
203	203	-0.25967506912940186
204	204	-0.2596716925496726
205	205	0.3045811027442618
206	206	0.5982887260399361
207	207	-0.33040161007010704
208	208	-0.4426051954351814
210	210	0.12708085358593912
212	212	-0.3100677634685974
213	213	-0.33038872100382
214	214	0.02836393393241842
215	215	-0.2596548096510268
216	216	-0.13619376008790585
217	217	-0.33038012829296204
219	219	-0.33037583193753317
222	222	-0.3824577189939667
223	223	-0.3824577189939667
224	224	-0.11073292424954544
230	230	-0.25962779701319333
231	231	-0.25962779701319333
236	236	-0.33033716473867236
252	252	-0.12315458385381028
262	262	-0.2595737717375265
263	263	-0.039569695373694425
267	267	0.5361591629390965
269	269	-0.07827207130135444
273	273	-0.3302598303409509
282	282	-0.330238348563806
287	287	-0.2595332527807764
288	288	-0.2595298762010473
295	295	-0.2595197464618597
296	296	-0.25951636988213056
314	314	-0.33016960687694247
318	318	-0.27570913432015454
320	320	-0.25947585092538045
321	321	0.33036660661233236
323	323	-0.2166804151849855
326	326	-0.25946572118619293
327	327	-0.3821990823819881
328	328	-0.33013953238893967
332	332	0.4513625793773814
334	334	-0.42211305932285237
338	338	-0.010440099764898963
339	339	-0.25944546170781785
340	340	0.3343494746765531
341	341	-0.2594420851280887
346	346	-0.11955005210171164
347	347	-0.2594319553889011
348	348	-0.21800369577111195
349	349	0.04534715576193024
355	355	-0.45366005945519483
357	357	0.09278637602772237
359	359	-0.2594116959105261
361	361	-0.259408319330797
363	363	0.4479979988503283
364	364	0.02579354121128798
366	366	0.5126049860341725
367	367	-0.3820996067619962
368	368	1.2366076660597796
369	369	-0.2020230616652368
371	371	0.8743994387225187
372	372	-0.42200868299442157
374	374	-0.453601011250791
375	375	-0.3300407162140734
377	377	0.07372908527385542
378	378	-0.1707620599008968
379	379	1.1203286221919377
380	380	-0.33002782714778645
383	383	-0.2978699982395955
385	385	-0.25936780037404694
386	386	-0.2633272355163449
387	387	-0.26700196908545626
389	389	-0.42196473506666127
390	390	4.111054611568415
391	391	-0.33000634537064155
392	392	2.569120364395621
393	393	-0.10322618977720682
396	396	0.6420126429750991
397	397	4.625040182539295
466	466	-0.3298430838643406
992	992	-0.25834132013637756
996	996	-0.25833456697691926
998	998	-0.32870025332023406
1026	1026	-0.32864010434422825
1061	1061	-0.38037370475513915
1062	1062	-0.42011342860975875
1063	1063	-0.3285627699465069
1064	1064	-0.3803637571931399
1068	1068	-0.3803538096311408
1070	1070	-0.25820963352693976
1072	1072	-0.3285412881693619
1073	1073	-0.25820625694721056
1075	1075	-0.328536991813933
1158	1158	-0.2580610640188561
1163	1163	-0.2580543108593977
1166	1166	-0.25804755769993937
1169	1169	-0.32833506310877125
1247	1247	-0.3799111431221775
1254	1254	-0.3798912479981791
1256	1256	-0.419580559985665
1257	1257	-0.3798862742171795
1312	1312	-0.32802572551788534
1313	1313	-0.37974700834919106
1317	1317	-0.3797370607871919
1318	1318	-0.4508139360029083
1360	1360	-0.36906338882061485
1362	1362	-0.23884612640554664
1363	1363	-0.37962266382420123
1366	1366	-0.37961271626220217
1374	1374	-0.25769639340810513
1391	1391	-0.4192124960906725
1404	1404	-0.4191740416538821
1435	1435	3.4391022695018196
1552	1552	-0.4187675233220994
1585	1585	-0.37907057413324685
4632	4632	-0.3481238077813791
4675	4675	0.3278914827265654
4757	4757	-0.25198659708606985
4820	4820	-0.32048991809546784
4827	4827	-0.3056249815369583
4879	4879	-0.32036532378802773
4927	4927	-0.2261333261346025
4935	4935	-0.25168608149017335
5106	5106	-0.09970339883171823
5141	5141	-0.40891220052185173
5145	5145	-0.3197939085159744
5146	5146	-0.25132816403888075
5175	5175	-0.01274265305734903
5282	5282	0.028232319282870885
5292	5292	-0.251081673718651
5310	5310	-0.3194373110153696
5322	5322	-0.2510310250227133
5335	5335	0.24552922654232753
5337	5337	-0.13676334368224524
5350	5350	-0.2048730334938929
5364	5364	-0.2020352518724262
5373	5373	-0.31930412399707137
5377	5377	-0.31929553128621346
5394	5394	0.3729622069000089
5398	5398	0.015651302590320174
5444	5444	-0.3191494552016284
5450	5450	-0.3191365661353416
5466	5466	-0.4080167614937356
5536	5536	0.0005722873510484912
5582	5582	-0.2505920696579206
5645	5645	0.7890589519872541
5678	5678	-0.25042999383092013
5708	5708	-0.3185823362850041
5709	5709	2.1020136697157508
5710	5710	0.08207169581950005
5711	5711	1.3195297605745215
5713	5713	1.905466015016421
5715	5715	-0.2787383018944788
5716	5716	-0.08588784915829252
5717	5717	0.5440539861000981
5720	5720	-0.31855655815243034
5721	5721	1.02634009562637
5722	5722	-0.25035570907687826
5723	5723	0.11783646074597791
5724	5724	0.5642958374393008
5733	5733	-0.2503388261782324
5735	5735	-0.31852648366442754
5737	5737	-0.011852542705698115
5738	5738	-0.3185178909535696
5741	5741	-0.25032531985931566
5742	5742	-0.4072586597398705
5744	5744	-0.25031856669985736
5746	5746	-0.36872013587310354
5749	5749	-0.12372834707791024
5751	5751	-0.0017989972328566722
5756	5756	-0.2502983072214823
5759	5759	-0.31847492739927985
5762	5762	-0.25028817748229476
5767	5767	-0.22414332971083592
5769	5769	-0.3184534456221349
5770	5770	0.14471261277493236
5772	5772	-0.3686554767201089
5774	5774	0.00978378105612981
5777	5777	-0.3686455291581097
5780	5780	1.4213588831917112
5781	5781	-0.3184276674895612
5782	5782	0.20200257437561955
5784	5784	-0.36862563403411136
5787	5787	0.7730819986080906
5788	5788	0.35022658440428556
5789	5789	-0.2502442819458155
5792	5792	2.087213612824067
5793	5793	0.5605349053694835
5795	5795	-0.3183975930015583
5798	5798	-0.2502273990471695
5799	5799	-0.06939318605747198
5802	5802	-0.19522405292303024
5804	5804	1.0242880028021508
5812	5812	-0.026579587502208773
5816	5816	-0.368546053538118
5817	5817	-0.4070554005739788
5819	5819	-0.36854107975711836
5821	5821	-0.43752218519150277
5826	5826	-0.3183288513146948
5831	5831	-0.3685112370711209
5832	5832	-0.25016999719177363
5835	5835	2.282638396013999
5836	5836	5.3310566684481415
5856	5856	-0.13912707310984057
5860	5860	-0.18030412203082155
5867	5867	-0.3182429242061154
5870	5870	-0.2501058421769193
6008	6008	-0.3179378829706584
6010	6010	-0.0733533893159476
6011	6011	-0.3680635967811581
6012	6012	-0.3179292902598004
6013	6013	-0.3179292902598004
6016	6016	-0.24985935185668956
6017	6017	-0.13999282954619818
6019	6019	-0.24985597527696038
6020	6020	-0.36803872787616
6021	6021	-0.31791210483808446
6022	6022	-0.3179078084826555
6024	6024	8.567685742756945
6025	6025	-0.3179035121272265
6030	6030	-0.3178906230609396
6034	6034	-0.4368903694043769
6036	6036	-0.3679989376281634
6038	6038	-0.24982220947966857
6039	6039	0.34197108859364433
6040	6040	6.147071598402262
6041	6041	-0.3178691412837948
6042	6042	1.6379512765625617
6043	6043	-0.3679840162851646
6046	6046	-0.4064236491124247
6064	6064	-0.367929304694169
6069	6069	-0.4063632207117542
6074	6074	-0.40634674023884415
6076	6076	0.06881975701720634
6077	6077	1.0576926470465315
6085	6085	-0.24974454814589753
6086	6086	-0.39649349959744373
6087	6087	-0.24974117156616832
6090	6090	0.5369602857954401
6091	6091	0.847201997513229
6092	6092	-0.40629729882011373
6093	6093	-0.2497310418269808
6094	6094	0.7889327124066998
6095	6095	-0.36785469797917525
6096	6096	-0.3177488433317836
6097	6097	-0.46138335022030774
6098	6098	-0.26661375355626465
6099	6099	-0.4367014151502833
6100	6100	-0.4613708732788293
6101	6101	-0.4062753248562337
6102	6102	-0.48178185071855767
6103	6103	3.6648434075538225
6104	6104	6.660128656764925
6106	6106	-0.36782485529317765
6107	6107	-0.4366777958685215
6108	6108	-0.2529085778255636
6109	6109	-0.46134591939587205
6111	6111	-0.4366659862276406
6112	6112	-0.4613334424543937
6114	6114	-0.4062368704194434
6115	6115	-0.4062368704194434
6116	6116	-0.40623137692847333
6118	6118	1.3852161426769052
6119	6119	-0.3677950126071803
6120	6120	-0.36779003882618067
6121	6121	-0.40622038994653326
6122	6122	0.6726292790865878
6123	6123	-0.4366305573049981
6124	6124	-0.43662465248455773
6125	6125	1.807304425362028
6126	6126	-0.4366187476641172
6127	6127	-0.31768439800034887
6128	6128	-0.14464834215227426
6129	6129	0.21598911753504962
6131	6131	0.10495418824103725
6132	6132	-0.406187429000713
6133	6133	-0.24966351023239738
6134	6134	-0.36775522235918345
6136	6136	7.53998204091804
6137	6137	1.6199482080104604
6138	6138	-0.31765861986777516
6140	6140	4.245327471889351
6141	6141	-0.36774030101618466
6142	6142	3.779962990913506
6143	6143	2.174368209429748
6144	6144	3.385059997924675
6147	6147	-0.4061489745639227
6151	6151	-0.40613798758198266
6154	6154	-0.40612700060004253
6163	6163	-0.4061050266361626
6166	6166	-0.4060940396542225
6169	6169	-0.40608854616325224
6170	6170	-0.4060830526722821
6171	6171	-0.3676656943011909
6172	6172	-0.40607755918131216
6173	6173	-0.24959597863781383
6174	6174	-0.3676557467391917
6177	6177	-0.2495892254783555
6180	6180	0.001740401228261547
6184	6184	-0.40604459823549205
6189	6189	-0.40603361125355203
6191	6191	-0.40602811776258196
6192	6192	-0.24956221284052207
6193	6193	-0.3175426182711928
6194	6194	-0.4364179837691426
6195	6195	-0.3676060089291958
6197	6197	-0.36760103514819625
6198	6198	-0.24955208310133453
6199	6199	-0.43640617412826166
6200	6200	-0.4060006503077317
6201	6201	-0.3675910875861971
6202	6202	-0.3675861138051975
6203	6203	-0.31752113649404806
6207	6207	-0.3175125437831901
6209	6209	-0.31750824742776107
6210	6210	-0.24953182362295953
6212	6212	-0.4363648403851786
6214	6214	-0.36755627111919986
6215	6215	-0.24952507046350117
6216	6216	-0.40595670237997145
6217	6217	-0.3675512973382003
6218	6218	-0.16596665518862314
6220	6220	-0.36754134977620107
6221	6221	-0.436341221103417
6226	6226	-0.3174695802289004
6237	6237	-0.3174480984517554
6241	6241	-0.24948117492702185
6242	6242	-0.4362762680785722
6243	6243	-0.4058852869973608
6244	6244	-0.460921703385603
6252	6252	-0.3174137276083237
6255	6255	-0.4058523260515408
6258	6258	-0.36744684793720894
6268	6268	-0.317379356764892
6276	6276	-0.24942039649189673
6284	6284	-0.43615226684932323
6411	6411	-0.3170743155294348
6412	6412	-0.4054183402649077
6413	6413	-0.4054183402649077
6898	6898	-0.3658552380173407
6901	6901	-0.24836690361639405
6903	6903	-0.24836352703666487
6905	6905	-0.19487523637316076
6906	6906	-0.2483567738772066
6907	6907	-0.2483567738772066
6913	6913	-0.3159959303167628
6914	6914	-0.365815447769344
6916	6916	2.2417749280946055
6917	6917	-0.24833989097856068
6918	6918	-0.3658055002073447
6919	6919	-0.24833651439883145
6921	6921	-0.24833313781910235
6922	6922	-0.24832976123937317
6930	6930	-0.2483162549204565
6937	6937	-0.3159443740516152
6940	6940	-0.24829937202181054
6942	6942	-0.2482959954420814
6946	6946	-0.3159228922744703
6951	6951	-0.24828248912316472
6956	6956	-0.24827235938397724
6958	6958	-0.4039186172300875
6959	6959	-0.24826898280424806
6960	6960	1.5420755344381132
6962	6962	-0.2482622296447896
6964	6964	-0.2482588530650605
6965	6965	-0.31588422507560954
6969	6969	0.43159774018560454
6972	6972	-0.24824534674614382
6973	6973	-0.3656712081203559
6975	6975	-0.24824197016641464
6976	6976	-0.24823859358668543
6977	6977	-0.3158584469430357
6979	6979	-0.2482352170069562
6980	6980	-0.2482318404272271
6982	6982	2.063207066166775
6985	6985	-0.3158412615213198
6988	6988	-0.24821833410831037
7033	7033	0.1274707172622068
7071	7071	-0.45834521497029224
7081	7081	0.056838937371532096
7092	7092	-0.21514919923673606
7192	7192	-0.24787392297593447
7296	7296	0.0989909459367315
7320	7320	0.15051883295850788
7430	7430	-0.36453221227145016
7508	7508	-0.3643382348124663
7516	7516	-0.31469843097721306
7519	7519	-0.24732354048007896
7520	7520	-0.31468983826635516
7525	7525	-0.31468124555549715
8213	8213	-0.24615186731405517
8214	8214	-0.246148490734326
8218	8218	-0.4304423054834285
8222	8222	-0.31318181751078605
8225	8225	-0.4004412374460537
8227	8227	-0.3625526474336141
8230	8230	-0.40042475697314345
8231	8231	-0.45472690194152604
8233	8233	-0.2461181015167634
8236	8236	-0.24611134835730503
8237	8237	-0.36252777852861606
8238	8238	-0.24610797177757587
8239	8239	-0.31314744666735406
8240	8240	-0.36251783096661694
8241	8241	-0.36251783096661694
8242	8242	0.06018408744084788
8247	8247	4.97067771802688
8249	8249	-0.3624979358426187
8256	8256	-0.4747656827105904
8258	8258	-0.4546395633511762
8259	8259	-0.474759168162765
8265	8265	-0.3130915940467776
8266	8266	-0.24606069966136745
8271	8271	8.025894574762647
8275	8275	0.22256021478472557
8283	8283	-0.3130529268479168
8284	8284	-0.1045459477010377
8285	8285	-0.31304863049248777
8290	8290	-0.002721592551275182
8296	8296	-0.24601005096542974
8300	8300	-0.313014259649056
8304	8304	-0.31300566693819803
8306	8306	0.6813337757494855
8307	8307	-0.36235369619363056
8310	8310	-0.3129927778719112
8311	8311	-0.3129927778719112
8313	8313	0.28227991584116113
8314	8314	-0.24597966174786723
8323	8323	1.542722264803181
8325	8325	-0.3129627033839083
8326	8326	-0.43012344517964535
8329	8329	-0.2459560256897631
8334	8334	-0.3129412216067635
8337	8337	0.3593268176683286
8343	8343	1.7044800846245167
8351	8351	-0.036532288576623
8354	8354	-0.2636078869922413
8357	8357	1.7667144649954438
8365	8365	-0.3622094565446424
8374	8374	-0.245878364355992
8376	8376	-0.4299758246686347
8378	8378	0.2514351779893289
8386	8386	-0.41098230887178044
8387	8387	-0.31282951636561024
8388	8388	-0.3128252200101812
8389	8389	-0.3128252200101812
8395	8395	-0.3128123309438944
8412	8412	-0.3127736637450335
8420	8420	2.2435716251677347
8422	8422	-0.4541280087505578
8423	8423	-0.2983655337837776
8426	8426	-0.4541155318090791
8427	8427	-0.39988639485807986
8430	8430	-0.24578382012357503
9057	9057	-0.029416402361384358
9058	9058	-0.3604835545377853
9302	9302	0.01699520673573531
9308	9308	1.0388881763295215
9309	9309	0.03180002215250374
9321	9321	-0.31082311838028015
9323	9323	-0.35982701544583956
9332	9332	-0.2262861913826135
9336	9336	-0.4512770276227198
9339	9339	-0.39738136297574267
9342	9342	-0.4271237963959073
9343	9343	-0.45125831221050183
9344	9344	-0.35977230385484416
9349	9349	-0.4512395967982842
9351	9351	-0.42710017711414583
9352	9352	-0.35975240873084585
9353	9353	-0.35975240873084585
9354	9354	-0.24422384028869618
9355	9355	-0.3597474349498462
9356	9356	-0.3973319215570124
9363	9363	-0.3597275398258479
9367	9367	-0.4270529385506222
9369	9369	-0.3597126184828491
9371	9371	-0.3597076447018495
9378	9378	-0.35968774957785116
9380	9380	2.898568094806197
9381	9381	-0.39726599966537174
9382	9382	-0.4710979922848842
9383	9383	-0.4270056999870988
9384	9384	0.14753631619714042
9385	9385	-0.39725501268343166
9386	9386	-0.4269938903462179
9388	9388	-0.42698798552577755
9390	9390	-0.3972385322105216
9391	9391	-0.35965790689185356
9392	9392	-0.31066844958483714
9399	9399	-0.4269584614235754
9402	9402	-0.3972055712647014
9404	9404	-0.4269407469622541
9405	9405	-0.35962309042485646
9407	9407	-0.3106383750968343
9408	9408	-0.39718909079179127
9409	9409	-0.3596131428628573
9410	9410	-0.3106297823859764
9411	9411	-0.3971835973008212
9412	9412	-0.3596031953008581
9413	9413	-0.3106254860305473
9416	9416	-0.3971671168279113
9418	9418	-0.11310442803107086
9419	9419	-0.3971616233369412
9421	9421	-0.42689350839873086
9427	9427	-0.359568378833861
9433	9433	-0.39712316890015065
9434	9434	-0.4509713425564963
9436	9436	-0.3971121819182108
9437	9437	-0.35954350992886325
9442	9442	-0.31056104069911283
9450	9450	-0.42680493609212405
9451	9451	-0.3595086934618659
9452	9452	-0.3970682339904504
9453	9453	-0.24405838788196652
9454	9454	-0.31053526256653896
9469	9469	-0.24403137524413313
9470	9470	-0.4508590500831897
9471	9471	1.5915892323746692
9472	9472	2.2267602213505375
9476	9476	-0.35944403430887123
9481	9481	-0.21090059680420248
9482	9482	-0.2541127276362949
9490	9490	0.429645760833606
9496	9496	-0.35939429649887533
9499	9499	0.03294959928857112
9504	9504	0.1933346047620256
100000	100000	-0.14835592381296323
