1	1	3.6724523564370006
2	2	4.086451281959202
4	4	1.2990307438515991
6	6	1.4018643445225147
7	7	-0.11814907921306715
8	8	2.11553068337489
9	9	-0.9565410621936528
12	12	1.1495008934630153
23	23	1.4562062448582105
32	32	0.998894188383218
45	45	-0.5199731312621356
51	51	-0.32784265554780745
60	60	-0.5186836039903466
62	62	1.0534138615422195
66	66	-0.22870197475288864
69	69	0.2820424236018869
74	74	-0.5589791145453259
79	79	1.2554840466822308
80	80	2.5168235842836144
81	81	0.6743966065099282
83	83	0.8632318116778719
84	84	0.966983920109176
85	85	3.394112954097848
86	86	1.0353130623551028
87	87	0.5437107489859273
88	88	0.05474635039968638
89	89	-0.7910455316431774
91	91	2.007354425664103
94	94	3.3531918459070553
96	96	-1.1272055020150888
104	104	0.7654708196688055
106	106	1.5364497073848498
116	116	-0.2131481579834514
121	121	-0.47797279241145874
122	122	0.024138024497511876
126	126	-0.33883829736297816
137	137	-0.1893525752749949
146	146	0.1888325937691265
148	148	0.9570953487979155
149	149	0.08822200546138523
151	151	0.03536695939132554
153	153	0.4620163188892567
157	157	-0.7238424089888366
159	159	-0.818516426601538
160	160	1.2052294808251278
163	163	0.8133976408062967
165	165	3.0220749325888505
166	166	1.9328072721562597
167	167	0.9989769228828246
169	169	1.149478370174878
170	170	3.4146581479660316
173	173	0.5662187990246484
174	174	-0.2179279455901704
175	175	3.182650374055619
178	178	2.4487003477617164
179	179	-0.06355632279851459
183	183	1.237347956041941
184	184	1.4949925920973044
185	185	0.34104152179514047
187	187	2.2753470521005865
188	188	1.7480795629943895
190	190	-0.2262510355226283
191	191	1.12810262780336
194	194	0.16386829163474545
196	196	1.2965246338665497
198	198	0.3960074120634945
200	200	1.8436357802704402
202	202	1.0960998141373455
203	203	1.3311020354971348
204	204	-0.6526768731253237
205	205	4.0516018733912045
206	206	2.834475841413006
207	207	1.1808604275701688
208	208	0.16644011422843663
210	210	1.0434438996016127
212	212	0.4503164002314611
213	213	-0.30091766354080074
214	214	1.4567465189712636
215	215	-0.6595500414211893
216	216	-0.46029832208502974
217	217	-0.3694985847949265
219	219	-0.1966507794180318
222	222	0.4362265913314891
223	223	-0.3790336910336355
224	224	0.2180254661792522
230	230	-0.060607277447828754
231	231	-0.6927721879066947
236	236	-0.703267351922342
252	252	-0.5701795693413736
262	262	0.37116002600903664
263	263	-0.06168462552735249
267	267	2.3574951928292456
269	269	1.1427826215375834
273	273	-0.24578864895873184
282	282	-0.4639187826592045
287	287	-0.46187128843722586
288	288	-0.12613890087450544
295	295	0.1937761151132842
296	296	0.1356667131264068
314	314	-0.17313249104735715
318	318	-0.11159548842750389
320	320	-0.3586810567231704
321	321	0.724484555879358
323	323	-0.3994466786966275
326	326	0.26010332727365265
327	327	-0.7156410192766529
328	328	-0.3924630819390823
332	332	0.17652543179429894
334	334	-0.437505359610402
338	338	-0.30947999083278566
339	339	-0.08589233659527881
340	340	-0.12468236038675415
341	341	-0.02546400714893493
346	346	0.7362102701731214
347	347	-0.3027967147208548
348	348	-0.3053783943650332
349	349	-0.20436516394732557
355	355	0.10301924517185498
357	357	1.5357063602145629
359	359	-0.36963150143143847
361	361	0.47382006029687057
363	363	1.2328965131954044
364	364	0.17376187489278294
366	366	-0.11729620648566914
367	367	-0.3973778178274556
368	368	-0.46303319100209495
369	369	-0.28415445114469334
371	371	0.04488811678069163
372	372	-0.2821805897469877
374	374	-0.7446636275278337
375	375	-0.5491979102361267
377	377	0.5391796082063821
378	378	0.8448550664174266
379	379	0.401810421918383
380	380	-0.28389797921648274
383	383	0.5259560428005227
385	385	0.6186903393236551
386	386	0.5171941232171245
387	387	0.8349319833523022
389	389	-0.6091473956978334
390	390	1.5172507245228597
391	391	0.5071073218001819
392	392	0.4412690209892104
393	393	-0.47247063713062726
396	396	-0.6997997375798236
397	397	0.06073213362163465
466	466	-0.8101009287352455
992	992	-0.6776496873861638
996	996	-0.6328365449459789
998	998	-0.8136900713335908
1026	1026	-0.8376043452143199
1061	1061	-0.8535585610359002
1062	1062	-1.008010767574825
1063	1063	-0.8059304426380903
1064	1064	-0.8924113612732398
1068	1068	-0.8877609598514213
1070	1070	0.5648069623805851
1072	1072	-0.7627025764513257
1073	1073	-0.6031971410123652
1075	1075	-0.8101273209368249
1158	1158	-0.5927485945395057
1163	1163	-0.5343729958207181
1166	1166	-0.4506356339008337
1169	1169	-0.7811658226989999
1247	1247	-0.8488144378265958
1254	1254	-0.8528998410416275
1256	1256	-0.9059780726467214
1257	1257	-0.8502715498797381
1312	1312	-0.722736143174234
1313	1313	-0.8268660604316529
1317	1317	-0.8268868691620654
1318	1318	-0.9013423890350253
1360	1360	-0.9250203604147228
1362	1362	-0.8126477999267344
1363	1363	-0.8105081622227114
1366	1366	-0.6861015653334375
1374	1374	-0.5966447381722078
1391	1391	-0.821142372036239
1404	1404	-0.894884747049502
1435	1435	-0.5271006904718161
1552	1552	-0.902527005627451
1585	1585	-0.8467494462242918
4632	4632	-0.2742273522583151
4675	4675	0.10430647439554035
4757	4757	-0.3737331725305103
4820	4820	0.41994279442624044
4827	4827	0.501820642257352
4879	4879	-0.4569167539237634
4927	4927	0.6905236626558707
4935	4935	-0.3716958706768314
5106	5106	-0.6389986155752493
5141	5141	-0.7034631435936516
5145	5145	-0.6115796630797605
5146	5146	-0.44988952464089
5175	5175	-0.19900289969580476
5282	5282	2.717383291305658
5292	5292	-0.5098784132104384
5310	5310	0.2835274813645657
5322	5322	-0.44499761786530273
5335	5335	-0.17696033543180553
5337	5337	0.7716422071233923
5350	5350	-0.014882613203918663
5364	5364	2.678532994332802
5373	5373	1.2365041323493258
5377	5377	1.0395521122661668
5394	5394	1.9604616970430981
5398	5398	3.3190203236855655
5444	5444	1.9552725382169451
5450	5450	1.9891749506392462
5466	5466	1.4532155208789452
5536	5536	3.2801169538208415
5582	5582	0.07379142520867786
5645	5645	2.9976016888353887
5678	5678	-0.49730893209567667
5708	5708	-0.3674560725326766
5709	5709	2.4810375655462225
5710	5710	1.3282528325873344
5711	5711	2.2218923707793765
5713	5713	4.873354704351892
5715	5715	0.18923648741640436
5716	5716	0.9678293919339135
5717	5717	1.1137331800946444
5720	5720	2.1677272742237843
5721	5721	0.8278937913225846
5722	5722	-0.5016796036412374
5723	5723	0.030591975327441123
5724	5724	0.6881303021267394
5733	5733	1.3502714268171023
5735	5735	-0.5844138806519651
5737	5737	2.6232302039951807
5738	5738	-0.5746889772203142
5741	5741	0.9731303413640698
5742	5742	-0.6099694941186189
5744	5744	0.12209162661256462
5746	5746	2.1156572447366515
5749	5749	1.7777593926103588
5751	5751	0.9741876399692718
5756	5756	-0.5039894855114336
5759	5759	-0.5942513873434131
5762	5762	-0.4640797010525913
5767	5767	0.6916014592172035
5769	5769	-0.20304598561348192
5770	5770	-0.004013767252558196
5772	5772	-0.6894015404694075
5774	5774	2.189450057744234
5777	5777	-0.46306829084636464
5780	5780	1.7173901816736323
5781	5781	-0.6042942630186893
5782	5782	0.3866676407148341
5784	5784	-0.6222789922705357
5787	5787	0.40944310054235944
5788	5788	0.8346620215527331
5789	5789	0.5178375512048087
5792	5792	0.6369435048751629
5793	5793	2.1940765738922865
5795	5795	0.46349047026110063
5798	5798	0.4397281867815333
5799	5799	0.1939612624021631
5802	5802	0.3240286835455534
5804	5804	1.8580034166298116
5812	5812	0.5413706520297308
5816	5816	-0.6795468466368624
5817	5817	-0.7169835852155098
5819	5819	-0.686971500085861
5821	5821	-0.7374584678144375
5826	5826	-0.4965931945097108
5831	5831	-0.6612579043188728
5832	5832	-0.41741282616071207
5835	5835	-0.6101155228728924
5836	5836	-0.5997918549914824
5856	5856	-0.5706335640700045
5860	5860	-0.4336981151982961
5867	5867	-0.4955655374049231
5870	5870	-0.5004683106852061
6008	6008	-0.5654832240705819
6010	6010	0.5912137715300769
6011	6011	-0.5836555487465479
6012	6012	-0.4568575513323002
6013	6013	-0.3793511029468615
6016	6016	-0.4754071041335277
6017	6017	-0.49104701641193116
6019	6019	-0.3923818354778691
6020	6020	-0.5873373372249818
6021	6021	-0.5035665621098203
6022	6022	-0.48801823400308164
6024	6024	-0.6023658899342628
6025	6025	-0.5025623248510385
6030	6030	-0.394299523660821
6034	6034	-0.6792227619705936
6036	6036	-0.6279528828565903
6038	6038	-0.42029430837625886
6039	6039	-0.6739488968621892
6040	6040	-0.5824730894225751
6041	6041	-0.5323174109076642
6042	6042	-0.6727898160359338
6043	6043	-0.4198240933884729
6046	6046	-0.267654836421032
6064	6064	-0.46632931607988687
6069	6069	-0.592550306828986
6074	6074	-0.5215020341063142
6076	6076	-0.4343209093734301
6077	6077	0.9255488936061009
6085	6085	-0.18272693516532032
6086	6086	-0.638616925538667
6087	6087	-0.487647639057313
6090	6090	-0.6698085472849784
6091	6091	0.018407659407757695
6092	6092	-0.5930612208635576
6093	6093	-0.42962379678912854
6094	6094	0.04677484559691119
6095	6095	-0.6387503529066937
6096	6096	-0.5443981308818567
6097	6097	-0.7149439873856714
6098	6098	-0.6019921209639939
6099	6099	-0.7111832994302248
6100	6100	-0.7615241658716425
6101	6101	-0.6848524912329783
6102	6102	-0.782436853454948
6103	6103	-0.6932439915035024
6104	6104	-0.6393475100214264
6106	6106	-0.6340741284592855
6107	6107	-0.7181731213644122
6108	6108	0.04298122219869411
6109	6109	-0.659854925407126
6111	6111	-0.690058089989763
6112	6112	-0.755098162298896
6114	6114	-0.5987098244744814
6115	6115	-0.6275339632377269
6116	6116	-0.6766055569242636
6118	6118	-0.7058149195953515
6119	6119	-0.6599502367546771
6120	6120	-0.5842255118048582
6121	6121	-0.6354693778839196
6122	6122	-0.4907311090364274
6123	6123	-0.7348006509508915
6124	6124	-0.7021692562411652
6125	6125	-0.7096714545197446
6126	6126	-0.6069929565519636
6127	6127	-0.5445184096836498
6128	6128	-0.7585742443678688
6129	6129	-0.22448647195576169
6131	6131	-0.2859425501084705
6132	6132	-0.6931437167023232
6133	6133	-0.49034471214560277
6134	6134	-0.6475148853040127
6136	6136	-0.4539601170227295
6137	6137	-0.6907621005547839
6138	6138	-0.5393055407158351
6140	6140	-0.7228726272083292
6141	6141	-0.5936789417241691
6142	6142	-0.48825188574922135
6143	6143	-0.5769207480783055
6144	6144	-0.6592553843910527
6147	6147	-0.6068719641907716
6151	6151	-0.6382946254316513
6154	6154	-0.6882973201360313
6163	6163	-0.5625696020168081
6166	6166	-0.6636618807796631
6169	6169	-0.3889259940420121
6170	6170	-0.5501442036491706
6171	6171	-0.5771032713595984
6172	6172	-0.5325568680400787
6173	6173	-0.4281077641086718
6174	6174	-0.5779595957170433
6177	6177	-0.2267260072768902
6180	6180	-0.6667015615106613
6184	6184	-0.46741297657575737
6189	6189	-0.7203213841456425
6191	6191	-0.5848631079971782
6192	6192	-0.4827377161450211
6193	6193	-0.5936085865880767
6194	6194	-0.6120355905317572
6195	6195	-0.6275654052873274
6197	6197	-0.6609971871172244
6198	6198	-0.4877944926661608
6199	6199	-0.6437091263151195
6200	6200	-0.6398696793736945
6201	6201	-0.5292389076735623
6202	6202	-0.575809226851656
6203	6203	-0.5537971049675383
6207	6207	-0.5251764144049865
6209	6209	-0.5176183824106338
6210	6210	-0.4659090523538652
6212	6212	-0.46265101323721647
6214	6214	-0.4764431255984833
6215	6215	-0.14030385176501617
6216	6216	-0.5150407105254048
6217	6217	-0.4210178243458595
6218	6218	-0.34647306685515206
6220	6220	-0.5632902651336498
6221	6221	-0.7105570334286568
6226	6226	-0.30307859820757077
6237	6237	-0.5326542080345729
6241	6241	-0.47546229695146
6242	6242	-0.7313436768038413
6243	6243	-0.6904831475356351
6244	6244	-0.7539032681536704
6252	6252	-0.5359221465095686
6255	6255	-0.6181927678100512
6258	6258	-0.6063675947235414
6268	6268	-0.559080322840815
6276	6276	-0.39028296878079677
6284	6284	-0.7429164126124617
6411	6411	-0.5577827517302988
6412	6412	-0.7043398410593436
6413	6413	-0.6183148002487807
6898	6898	2.30030587586057
6901	6901	-0.3840822047132814
6903	6903	-0.44429881284533057
6905	6905	3.933046568222617
6906	6906	-0.33366522891806283
6907	6907	-0.20280280378938376
6913	6913	-0.5280416985627686
6914	6914	-0.572498295391967
6916	6916	-0.5603825561787983
6917	6917	0.3520460666778246
6918	6918	-0.18670128575907097
6919	6919	-0.2707835199888007
6921	6921	-0.21103794867238734
6922	6922	-0.4598193577704634
6930	6930	-0.45490480324056914
6937	6937	-0.34949632439601314
6940	6940	-0.4591238433669791
6942	6942	-0.457373455190004
6946	6946	-0.558970560648906
6951	6951	-0.40832558147801473
6956	6956	-0.37360673603545835
6958	6958	-0.6764208421804935
6959	6959	-0.4252201877196654
6960	6960	1.4377089248698551
6962	6962	4.1349614862065955
6964	6964	-0.3463887799127176
6965	6965	-0.3913835781587635
6969	6969	0.5832374203872133
6972	6972	-0.45788737331634055
6973	6973	-0.626009182637761
6975	6975	-0.45738790124169115
6976	6976	0.32069583863458606
6977	6977	-0.5258559457911435
6979	6979	-0.4576555351818458
6980	6980	0.25793180981409164
6982	6982	-0.5568255007991189
6985	6985	-0.5299226362286157
6988	6988	-0.10695307447929459
7033	7033	-0.32466461674814096
7071	7071	-0.7170536845237664
7081	7081	2.6892006480817767
7092	7092	1.7130954450380278
7192	7192	-0.44576651464906264
7296	7296	-0.5115254005306441
7320	7320	1.3597241731643532
7430	7430	-0.6011929691688971
7508	7508	0.7569327804879467
7516	7516	-0.46455304667653485
7519	7519	-0.12381026634872823
7520	7520	-0.5308463988418638
7525	7525	-0.48383484975662144
8213	8213	-0.23292028043639768
8214	8214	-0.02749167844014703
8218	8218	-0.4627938900061729
8222	8222	-0.4881571107624308
8225	8225	1.6216766502633606
8227	8227	-0.4851193085182556
8230	8230	-0.4941299816240324
8231	8231	-0.49161896557600865
8233	8233	-0.2649777562074882
8236	8236	-0.39510753951012395
8237	8237	-0.4850500838515197
8238	8238	-0.4089695269379524
8239	8239	-0.47766791047898216
8240	8240	-0.5348016933136018
8241	8241	-0.5074803771259122
8242	8242	-0.07016721988345996
8247	8247	-0.5525244154741245
8249	8249	-0.13804915495985376
8256	8256	-0.48011943864951834
8258	8258	-0.4934598232260502
8259	8259	-0.35947825713859827
8265	8265	-0.41841148382952925
8266	8266	-0.1678933675941113
8271	8271	-0.4077330568873138
8275	8275	-0.39708139654926083
8283	8283	-0.4446700523468186
8284	8284	-0.4071921012401595
8285	8285	-0.42380189041842753
8290	8290	-0.49571316090973094
8296	8296	-0.374760003804691
8300	8300	-0.4816882354270919
8304	8304	-0.26065628243411365
8306	8306	-0.3648441463456308
8307	8307	-0.5209602250241464
8310	8310	-0.4196729372780653
8311	8311	-0.43703988635563534
8313	8313	-0.4926664332353444
8314	8314	-0.3995550495425127
8323	8323	0.3482396711072116
8325	8325	-0.48198244593140926
8326	8326	-0.3761256099936178
8329	8329	-0.37332701067595964
8334	8334	-0.46951133391670985
8337	8337	3.8787389801924252
8343	8343	-0.5469744403316549
8351	8351	-0.43928818703209027
8354	8354	0.5292112646659176
8357	8357	-0.40441004362622274
8365	8365	-0.5524740475530515
8374	8374	-0.4037145292227385
8376	8376	-0.42981634154926196
8378	8378	-0.4850942084104265
8386	8386	-0.5366066857640069
8387	8387	-0.4877060729426178
8388	8388	-0.48592329728248723
8389	8389	-0.49110064217874944
8395	8395	-0.4808683739342528
8412	8412	-0.48714994981148324
8420	8420	-0.3995950108472872
8422	8422	-0.5789759919676489
8423	8423	-0.455195969868077
8426	8426	-0.6016572557172715
8427	8427	-0.56471281776721
8430	8430	-0.3235389212179344
9057	9057	-0.5123153352060366
9058	9058	-0.41385801861606464
9302	9302	-0.343486967989595
9308	9308	3.803612502798202
9309	9309	4.149599960154547
9321	9321	-0.1477883729702216
9323	9323	-0.3395663518051323
9332	9332	0.5691582986588952
9336	9336	-0.5019054508704252
9339	9339	-0.4664636400062619
9342	9342	-0.5198663021490885
9343	9343	-0.5023429807662728
9344	9344	-0.4495642933424382
9349	9349	-0.5448978991255338
9351	9351	-0.5387564135249983
9352	9352	-0.46132152753459754
9353	9353	-0.49016160599746605
9354	9354	-0.3429832043449888
9355	9355	-0.3944150532310041
9356	9356	-0.45275164148775293
9363	9363	-0.4055813102413183
9367	9367	-0.4928325917737717
9369	9369	-0.42586682677251814
9371	9371	-0.33338702651882995
9378	9378	-0.429222689321591
9380	9380	-0.48651129305096136
9381	9381	-0.11189371048326067
9382	9382	-0.5067902426571265
9383	9383	-0.4258816324324926
9384	9384	-0.44301140710286585
9385	9385	-0.4909530160414818
9386	9386	-0.4056048245719734
9388	9388	-0.48540185560461885
9390	9390	-0.5302801130700671
9391	9391	-0.49358955957918554
9392	9392	0.638253008766323
9399	9399	-0.47145213672857683
9402	9402	-0.4195159492051522
9404	9404	0.88579892938095
9405	9405	-0.48306901487671755
9407	9407	-0.3694908903463871
9408	9408	-0.3496947294939929
9409	9409	-0.4504938435488862
9410	9410	-0.4301118676889564
9411	9411	-0.5220980600909187
9412	9412	-0.4539890206326968
9413	9413	-0.4395355011260353
9416	9416	-0.41441924510190054
9418	9418	-0.3899173256973823
9419	9419	-0.13451836639803283
9421	9421	0.19654659200811536
9427	9427	-0.42538094053426734
9433	9433	-0.4732698073761077
9434	9434	-0.4742780132904923
9436	9436	-0.4110407784658338
9437	9437	-0.31217310256889264
9442	9442	-0.3781264982440035
9450	9450	-0.5309879048175855
9451	9451	-0.43024546367613403
9452	9452	-0.5218375096407919
9453	9453	-0.3258998590037014
9454	9454	-0.382632639373529
9469	9469	-0.3416417621448868
9470	9470	-0.5173179890510873
9471	9471	-0.491071491716948
9472	9472	-0.3612881506102028
9476	9476	-0.4526284841475082
9481	9481	-0.3703697455730143
9482	9482	-0.1957125932857205
9490	9490	0.6846332635734383
9496	9496	0.48188780366194545
9499	9499	0.49991262184873286
9504	9504	0.3056307696213956
100000	100000	4.6285254102692095
