1	1	1.8745365609829419
2	2	3.868199158092848
4	4	1.3630934519789928
6	6	3.1413770107100447
7	7	0.16155582455492687
8	8	3.3477833053935315
9	9	-0.8083129068346298
12	12	0.5507073886568595
23	23	2.9524698636511078
32	32	2.444171099446559
45	45	0.08197456584580726
51	51	0.25816282923079126
60	60	-0.21169358984764988
62	62	2.2915099928887415
66	66	1.033566827762333
69	69	1.278521567274894
74	74	-0.5386897641338402
79	79	2.1790180407269695
80	80	1.9742348535169663
81	81	0.7521068921527878
83	83	2.752349572726066
84	84	0.8838560484463477
85	85	3.7226384579460565
86	86	1.1769831085695834
87	87	0.7474877008715203
88	88	0.07934977708980392
89	89	-0.7430539221639189
91	91	0.5415199583646629
94	94	3.505711078478422
96	96	-0.8664719413848274
104	104	2.263270548077014
106	106	1.6536030810525149
116	116	0.2317952665423381
121	121	-0.16459083393095061
122	122	1.1464648584015338
126	126	0.22986108866657837
137	137	-0.13271368652453877
146	146	-0.12509941451066323
148	148	1.8681674917559918
149	149	0.15355635165964943
151	151	0.3027561445658672
153	153	0.8082005738655105
157	157	-0.2580220754484832
159	159	-0.7478264744491225
160	160	-0.18770956170827513
163	163	-0.1629697994249419
165	165	-0.010505742818679343
166	166	0.11879361861747975
167	167	-0.32009686168989254
169	169	-0.2254055077793728
170	170	-0.12281480651807632
173	173	-0.210726234091262
174	174	-0.6362463581289481
175	175	0.34273981375293705
178	178	-0.30422364923433187
179	179	-0.4691027830304931
183	183	-0.248688998457775
184	184	-0.026971476627370487
185	185	-0.35710465819286574
187	187	0.2744112623812722
188	188	0.05357471928766201
190	190	-0.616430203902999
191	191	-0.1832699168799166
194	194	-0.5952613621489493
196	196	-0.16437603206137272
198	198	-0.432438795422886
200	200	-0.21486839203177222
202	202	-0.38367417349601535
203	203	0.009667065729782386
204	204	-0.5798423467246251
205	205	0.42704505954182104
206	206	0.3418411817018411
207	207	-0.5431830957188972
208	208	-0.5860708830841663
210	210	-0.1768937919458357
212	212	-0.4299285567929929
213	213	-0.4224358626900109
214	214	-0.05238609942795265
215	215	-0.6078672355418389
216	216	-0.31592279522861383
217	217	-0.45796368195067666
219	219	-0.5887476916144153
222	222	-0.4408211556780555
223	223	-0.41072567412067873
224	224	-0.3993982270749067
230	230	0.02521125707448689
231	231	-0.5801861915761739
236	236	-0.5644890478554346
252	252	-0.3017474409587612
262	262	0.8770813998802571
263	263	1.0520434555288973
267	267	0.1376759151124092
269	269	1.0959892982986033
273	273	0.03967320922445677
282	282	-0.0404526833853532
287	287	-0.09367177389055918
288	288	0.11864693168301257
295	295	0.15380839606518978
296	296	0.637714882738172
314	314	0.19191562442957563
318	318	0.18676593370897565
320	320	-0.18648221318912855
321	321	1.282008556941092
323	323	0.16164539636915917
326	326	0.13362391291632905
327	327	-0.3703704814314825
328	328	0.6086106216599559
332	332	0.4448875194392995
334	334	-0.2218952422561514
338	338	-0.24655817314974204
339	339	0.24718806516307604
340	340	-0.08917756673651948
341	341	0.20300146202160194
346	346	1.65607631847357
347	347	-0.1346804812506239
348	348	0.1373178180587582
349	349	-0.17844906338163458
355	355	0.5826659303943272
357	357	3.5271833491620908
359	359	-0.18785140022692096
361	361	0.1473967128755268
363	363	0.1390316440952489
364	364	-0.068542015208283
366	366	0.185348407445151
367	367	-0.16394278884137897
368	368	-0.3434128435931406
369	369	0.10656687015084855
371	371	0.31740277661297056
372	372	0.0638648057802171
374	374	-0.18226966556474358
375	375	-0.2615297919163809
377	377	1.3334989305986822
378	378	0.0342604675322593
379	379	0.6176652582467121
380	380	-0.24727922731286087
383	383	0.9652446778159468
385	385	0.10890214860191837
386	386	0.8964763452994007
387	387	0.44942400430746926
389	389	-0.1332818106050725
390	390	0.5171515118193906
391	391	0.9223353448480824
392	392	1.2315004151555589
393	393	0.18246575288635622
396	396	0.17485301002209364
397	397	0.9499829332440187
466	466	-0.7330573870853305
992	992	-0.6303697266582269
996	996	-0.6302340086660663
998	998	-0.7154677272758586
1026	1026	-0.7137540418147911
1061	1061	-0.7623573513102775
1062	1062	-0.7968749162901924
1063	1063	-0.7091756314247754
1064	1064	-0.7646801980316281
1068	1068	-0.7645149226194952
1070	1070	-0.3013270906509331
1072	1072	-0.7126170757391662
1073	1073	-0.6274343525286058
1075	1075	-0.7125400311030394
1158	1158	-0.6247374299835653
1163	1163	-0.6246017119914049
1166	1166	-0.5563729904553864
1169	1169	-0.7089189332050791
1247	1247	-0.7563218277180379
1254	1254	-0.7568296159553299
1256	1256	-0.7912097930413966
1257	1257	-0.7567469782492641
1312	1312	-0.7016883660923078
1313	1313	-0.7544331224794074
1317	1317	-0.7538566949998965
1318	1318	-0.8103820797489449
1360	1360	-0.8108531163777645
1362	1362	-0.7866305353737066
1363	1363	-0.6769364254951833
1366	1366	-0.7240146666530752
1374	1374	-0.6174086584068976
1391	1391	-0.7854209201407327
1404	1404	-0.7848161125242444
1435	1435	-0.5377618313597604
1552	1552	-0.7784224320070945
1585	1585	-0.7431943944543925
4632	4632	0.45503347683405215
4675	4675	1.25392529467305
4757	4757	1.4537805883978159
4820	4820	-0.5021881181856418
4827	4827	1.8108427207514108
4879	4879	-0.18696474159461923
4927	4927	3.4702430198734637
4935	4935	0.41927131053759664
5106	5106	-0.5572180446713734
5141	5141	-0.6159258124011193
5145	5145	-0.5538805145984451
5146	5146	-0.3839446512090912
5175	5175	0.5128061438494805
5282	5282	2.6247624260055
5292	5292	-0.4844728850856753
5310	5310	1.7179372024058683
5322	5322	-0.058912879715215714
5335	5335	0.1778370266248033
5337	5337	1.8227341783912268
5350	5350	1.0620827254242677
5364	5364	-0.20775683440629739
5373	5373	-0.3168889059412631
5377	5377	-0.009175070206260103
5394	5394	1.5978257118892136
5398	5398	2.190384628620931
5444	5444	-0.20212388171411122
5450	5450	-0.09966105027524937
5466	5466	-0.3844769847750573
5536	5536	4.231587414977449
5582	5582	2.228824871747157
5645	5645	3.3623047953807177
5678	5678	-0.42307826676996935
5708	5708	-0.42543259266571953
5709	5709	2.788785696537979
5710	5710	3.965582865865957
5711	5711	1.8582394073893116
5713	5713	3.1675154890853436
5715	5715	0.9126699387338167
5716	5716	1.8256841538108506
5717	5717	2.0980608201003608
5720	5720	-0.34429499767656485
5721	5721	2.511843218449449
5722	5722	-0.46988320092842045
5723	5723	0.8715944474886907
5724	5724	3.059354430315437
5733	5733	0.11567647995971239
5735	5735	-0.5330260289275522
5737	5737	4.817292970808422
5738	5738	-0.5297298383058017
5741	5741	0.8566642987718192
5742	5742	-0.5851740499548682
5744	5744	0.21382035987044487
5746	5746	-0.3891350715831304
5749	5749	5.136465077105513
5751	5751	3.7665233125153907
5756	5756	-0.4687295979950561
5759	5759	-0.5297997365370032
5762	5762	-0.4626285497502006
5767	5767	0.6436597304454291
5769	5769	1.2274586805429062
5770	5770	0.4144907825401055
5772	5772	-0.5701510379515777
5774	5774	1.3559343399464627
5777	5777	-0.4089303155748868
5780	5780	2.6623785120529186
5781	5781	-0.531254002296635
5782	5782	0.9284831992405214
5784	5784	-0.5409824171252617
5787	5787	0.7074163110300572
5788	5788	0.9929105968668275
5789	5789	1.5355578272305317
5792	5792	1.2661821000219475
5793	5793	2.4523780682743492
5795	5795	0.28398180121881966
5798	5798	0.39375436592501606
5799	5799	0.9754383905258551
5802	5802	0.42673556102910076
5804	5804	3.5365924556349646
5812	5812	2.122149923514
5816	5816	-0.5683330084181193
5817	5817	-0.5922120056907484
5819	5819	-0.5682503707120532
5821	5821	-0.608790538710748
5826	5826	-0.5267349294519635
5831	5831	-0.5654733616118472
5832	5832	-0.4635167482840577
5835	5835	-0.5291737971212112
5836	5836	-0.5290967524850844
5856	5856	-0.5666802542967935
5860	5860	-0.5261756621015957
5867	5867	-0.5279410829431821
5870	5870	-0.46486163521848134
6008	6008	-0.519313846081166
6010	6010	-0.415951718688775
6011	6011	-0.5603171509296888
6012	6012	-0.5223168245059244
6013	6013	-0.5145593998835183
6016	6016	-0.45990792850462264
6017	6017	-0.45990792850462264
6019	6019	-0.45984006950854256
6020	6020	-0.5599039623993577
6021	6021	-0.5191912533776848
6022	6022	-0.5219316013252904
6024	6024	-0.5218545566891635
6025	6025	-0.5162063195391058
6030	6030	-0.520430264936988
6034	6034	-0.6031082564666672
6036	6036	-0.5584627192510495
6038	6038	-0.4287467489428141
6039	6039	-0.5591602230447608
6040	6040	-0.521238199600149
6041	6041	-0.521238199600149
6042	6042	-0.5360897384309854
6043	6043	-0.5589949476326284
6046	6046	-0.5520473354420933
6064	6064	-0.5562306231786238
6069	6069	-0.5826482452990298
6074	6074	-0.535662344573064
6076	6076	-0.4578721586222149
6077	6077	-0.14591731280030987
6085	6085	-0.2903349850268674
6086	6086	-0.6130377250402171
6087	6087	-0.4570338093881388
6090	6090	-0.5666480317959731
6091	6091	-0.17984308530328422
6092	6092	-0.5810577351524713
6093	6093	-0.4573292866535731
6094	6094	-0.26901697639551125
6095	6095	-0.5476685391850828
6096	6096	-0.5190809497885983
6097	6097	-0.6140799040835632
6098	6098	-0.556681091862772
6099	6099	-0.6002568515963916
6100	6100	-0.6138976143548334
6101	6101	-0.5800604012658617
6102	6102	-0.6245217257473402
6103	6103	-0.5818599566487301
6104	6104	-0.5564331787445735
6106	6106	-0.5519757908063305
6107	6107	-0.5951585955327984
6108	6108	0.9445331809503382
6109	6109	-0.6105271810155593
6111	6111	-0.5997222131832148
6112	6112	-0.6133507451686432
6114	6114	-0.578983731696897
6115	6115	-0.5813415501203124
6116	6116	-0.581255149032243
6118	6118	-0.5750050610830243
6119	6119	-0.5558547148021096
6120	6120	-0.555772077096043
6121	6121	-0.5810823468561035
6122	6122	-0.45631140171236934
6123	6123	-0.5991875747700378
6124	6124	-0.5925915264572058
6125	6125	-0.5952997816062966
6126	6126	-0.598755692101108
6127	6127	-0.5151557379418431
6128	6128	-0.6101162093635375
6129	6129	-0.43812066913158043
6131	6131	-0.1622659856548365
6132	6132	-0.57976936634356
6133	6133	-0.4559721067319679
6134	6134	-0.5551936131535787
6136	6136	-0.4558363887398075
6137	6137	-0.5798900702921445
6138	6138	-0.5174630124299351
6140	6140	-0.5802183359754074
6141	6141	-0.5540267889371434
6142	6142	-0.45188595134438614
6143	6143	-0.5323393510465637
6144	6144	-0.5524603189528102
6147	6147	-0.579959132711199
6151	6151	-0.5734867943740427
6154	6154	-0.5778243286490674
6163	6163	-0.5786868144814551
6166	6166	-0.5737899285473472
6169	6169	-0.567066575259515
6170	6170	-0.5789223196543636
6171	6171	-0.5537061344443855
6172	6172	-0.5788359185662936
6173	6173	-0.4546149268103626
6174	6174	-0.552313412250934
6177	6177	-0.4521197949961147
6180	6180	-0.5532929459140542
6184	6184	-0.5725574925104076
6189	6189	-0.5766442858272157
6191	6191	-0.5766109292075727
6192	6192	-0.45154248414923237
6193	6193	-0.5153828072545108
6194	6194	-0.5948685695717468
6195	6195	-0.5527144819715901
6197	6197	-0.5412948032524819
6198	6198	-0.45373275986131933
6199	6199	-0.5938869948188018
6200	6200	-0.5776263033333197
6201	6201	-0.5524665688533913
6202	6202	-0.5437249661245562
6203	6203	-0.5003586259143945
6207	6207	-0.5013669216375533
6209	6209	-0.5147664501654962
6210	6210	-0.4459611845469971
6212	6212	-0.5940441743454142
6214	6214	-0.5518881049109275
6215	6215	-0.44320122047573846
6216	6216	-0.5738489216608899
6217	6217	-0.547423322820517
6218	6218	-0.514381226984862
6220	6220	-0.5374922906425578
6221	6221	-0.5842660163714921
6226	6226	-0.3872559678967689
6237	6237	-0.5136878252597207
6241	6241	-0.452307720943634
6242	6242	-0.5933265115525501
6243	6243	-0.43023208246978
6244	6244	-0.6029639751422149
6252	6252	-0.5130714681707063
6255	6255	-0.5752934739554402
6258	6258	-0.5500700753774685
6268	6268	-0.5124551110816914
6276	6276	-0.4510862590141893
6284	6284	-0.5903157330888017
6411	6411	-0.5069849419166875
6412	6412	-0.5646308316659951
6413	6413	-0.5674952285524153
6898	6898	1.3682011337914988
6901	6901	-0.34323027030427533
6903	6903	0.8091492337666716
6905	6905	0.1285548451325525
6906	6906	-0.421524985936182
6907	6907	-0.28977983984595884
6913	6913	-0.4876467382488562
6914	6914	-0.43217689940667087
6916	6916	-0.4874926489766026
6917	6917	-0.4293713802685075
6918	6918	-0.5227996323755928
6919	6919	-0.3668925686093903
6921	6921	-0.4292356622763467
6922	6922	-0.4291678032802666
6930	6930	-0.4280991403334951
6937	6937	-0.4395766157874471
6940	6940	-0.4202743467489938
6942	6942	-0.42848921331946394
6946	6946	-0.4856028680088138
6951	6951	-0.41203836974752767
6956	6956	-0.42267977597378154
6958	6958	-0.5448802909549371
6959	6959	0.43939463366371834
6960	6960	1.549203662914057
6962	6962	-0.4216950025727797
6964	6964	-0.3344989078688848
6965	6965	-0.4538809164234307
6969	6969	-0.3882156112040294
6972	6972	-0.42452200538608836
6973	6973	-0.5205684143118028
6975	6975	-0.4234823620569098
6976	6976	-0.31779501799712395
6977	6977	-0.48518130989279795
6979	6979	-0.42726775139001943
6980	6980	-0.41386849414686994
6982	6982	-0.48165748855536117
6985	6985	-0.4848731313482907
6988	6988	-0.21412137901038325
7033	7033	-0.38877908809472134
7071	7071	-0.5570091712647386
7081	7081	0.9187083244187466
7092	7092	1.702045811853457
7192	7192	-0.42000683880943196
7296	7296	-0.44412704670003345
7320	7320	1.837479997499524
7430	7430	-0.4978849043720277
7508	7508	0.018615402884959272
7516	7516	-0.46437925813855685
7519	7519	0.2217637084818088
7520	7520	-0.4454184303527198
7525	7525	-0.36372970695572593
8213	8213	0.3000645753066691
8214	8214	3.2729743340001427
8218	8218	-0.5041330109836144
8222	8222	-0.4371825015857897
8225	8225	-0.11734988608903134
8227	8227	-0.46875457260823805
8230	8230	-0.3149008283148344
8231	8231	-0.4991689550873001
8233	8233	-0.3236221922673752
8236	8236	-0.3845844428555383
8237	8237	-0.4683413840779065
8238	8238	-0.38451658385945797
8239	8239	-0.10938973574723279
8240	8240	-0.46701081836017677
8241	8241	-0.46283030782310375
8242	8242	0.038914382830985896
8247	8247	-0.46677518851503635
8249	8249	-0.3988125395413209
8256	8256	-0.5246450691327036
8258	8258	-0.5147191025833505
8259	8259	-0.4461705133352056
8265	8265	-0.4247994681301642
8266	8266	-0.38356655791433425
8271	8271	-0.38343083992217386
8275	8275	-0.22990177533857803
8283	8283	-0.43487116250198526
8284	8284	-0.3709295217504078
8285	8285	-0.4024542990074913
8290	8290	-0.4345629839574782
8296	8296	-0.37792347955051464
8300	8300	-0.43134870175643764
8304	8304	-0.27331419839536714
8306	8306	-0.38430877258157553
8307	8307	-0.46544906436558636
8310	8310	-0.4075909871691676
8311	8311	-0.4247306038449857
8313	8313	-0.42370608543794525
8314	8314	-0.3819379420084082
8323	8323	1.0390344108018201
8325	8325	-0.43054656170704747
8326	8326	-0.5009923195499123
8329	8329	-0.3814629290358465
8334	8334	-0.3550765020900362
8337	8337	2.3237945912778297
8343	8343	-0.31168509375911585
8351	8351	-0.42898382948309177
8354	8354	0.841954705380698
8357	8357	-0.3805129030907228
8365	8365	-0.4414114672545768
8374	8374	-0.3799021721260006
8376	8376	-0.4982683332992837
8378	8378	-0.42462236120913277
8386	8386	-0.309398027902641
8387	8387	-0.4301261396442465
8388	8388	-0.4307877967872638
8389	8389	-0.4307877967872638
8395	8395	-0.39897182370810036
8412	8412	-0.42986326115374235
8420	8420	-0.3783414152161547
8422	8422	-0.5045057523891363
8423	8423	-0.43174806158504964
8426	8426	-0.5075054000363204
8427	8427	-0.4699725684331663
8430	8430	-0.37800212023575325
9057	9057	-0.4308747724318617
9058	9058	-0.4343772868846607
9302	9302	0.1797697079342013
9308	9308	4.992920688361299
9309	9309	4.640420299855976
9321	9321	-0.28735862982977695
9323	9323	-0.4234691096839103
9332	9332	-0.18659891434470335
9336	9336	-0.4664252238123481
9339	9339	-0.43997264507776856
9342	9342	-0.45572626723428256
9343	9343	-0.4661517892192535
9344	9344	-0.42256009491718144
9349	9349	-0.4658783546261588
9351	9351	-0.4498469274166988
9352	9352	-0.41906365029698667
9353	9353	-0.42222954409291574
9354	9354	-0.34665126404667485
9355	9355	-0.4221469063868496
9356	9356	-0.4412853863594743
9363	9363	-0.4218163555625845
9367	9367	-0.45465699040792895
9369	9369	-0.4215684424443854
9371	9371	-0.42148580473831915
9378	9378	-0.42115525391405434
9380	9380	-0.42107261620798786
9381	9381	-0.32600643757076336
9382	9382	-0.4703949845113382
9383	9383	-0.45283386013183274
9384	9384	-0.4642377470675892
9385	9385	-0.44007577112649937
9386	9386	-0.45244708448538506
9388	9388	-0.43596753624497225
9390	9390	-0.4398165678622905
9391	9391	-0.4206594276776564
9392	9392	-0.12870155317267978
9399	9399	-0.4480876467503889
9402	9402	-0.439298161333873
9404	9404	0.4299629940273914
9405	9405	-0.42008096373519227
9407	9407	-0.39157207699871327
9408	9408	-0.436869099341201
9409	9409	-0.41583139491088206
9410	9410	-0.3887780985103675
9411	9411	-0.43579643513790084
9412	9412	-0.418324541336672
9413	9413	-0.3913409430903329
9416	9416	-0.43773134040340356
9418	9418	-0.41793619119888614
9419	9419	0.004455026969387132
9421	9421	-0.1377127610822298
9427	9427	-0.41366691198984834
9433	9433	-0.4369389411842636
9434	9434	-0.4612868684994579
9436	9436	-0.4378293428366894
9437	9437	-0.4180724935631569
9442	9442	-0.3901852735484307
9450	9450	-0.4426783269487755
9451	9451	-0.4141907196395003
9452	9452	-0.434635736659641
9453	9453	-0.33811009973790884
9454	9454	-0.3870385168533657
9469	9469	-0.3427833012701004
9470	9470	-0.45692615833881106
9471	9471	-0.4173539194350047
9472	9472	-0.33938269173577934
9476	9476	-0.41459886676225777
9481	9481	-0.3857941197422897
9482	9482	-0.3232982656398451
9490	9490	0.7253204230342661
9496	9496	0.8584689337971431
9499	9499	0.7704833347575689
9504	9504	1.4812700068556683
100000	100000	3.474584727131411
