1	1	-0.0327167986093004
2	2	0.15479865189488676
4	4	-0.0501732461042613
6	6	-0.04241596474936979
7	7	-0.10463222303891014
8	8	-0.06811963259456756
9	9	-0.10470279246878304
12	12	-0.09721150796102415
23	23	-0.09753866856092566
32	32	-0.11076768608127373
45	45	-0.09781541716236056
51	51	-0.09845471824064972
60	60	-0.08622750717006775
62	62	-0.1043425028055948
66	66	-0.11357460747170635
69	69	-0.11592126902788866
74	74	-0.09923990368041322
79	79	-0.1124710240646986
80	80	0.0863957130121464
81	81	-0.07778391240253091
83	83	0.031059096698632948
84	84	-0.06531030836627369
85	85	-0.09799155259706542
86	86	-0.09963249640029498
87	87	-0.07888812968630532
88	88	-0.11284131493066056
89	89	-0.09969792852027527
91	91	-0.033925439742730885
94	94	-0.09989422488021613
96	96	2.064065615226953
104	104	-0.10056015726343594
106	106	-0.08754118047940813
116	116	-0.08782676163361255
121	121	-0.11402624570173879
122	122	0.08836490880145569
126	126	-0.11814215196083734
137	137	-0.10921923598064831
146	146	0.010155563302965562
148	148	-0.101660892119684
149	149	-0.101660892119684
151	151	-0.10971322198975851
153	153	-0.10179175635964462
157	157	-0.10192262059960515
159	159	-0.1019880527195855
160	160	-0.0890833187121121
163	163	-0.11013663856899594
165	165	-0.11959721319276942
166	166	-0.11572958368516365
167	167	-0.0979058866901074
169	169	-0.0893117836354756
170	170	0.04528776060836045
173	173	-0.08942601609715733
174	174	-0.11056005514823328
175	175	-0.10251150967942782
178	178	-0.02488402824315402
179	179	-0.08959736478968006
183	183	-0.09618803829574177
184	184	-0.04009520492659421
185	185	-0.11639610724389518
187	187	-0.07094754907418102
188	188	0.24909038065968414
190	190	-0.10303496663927013
191	191	-0.11112461058721639
194	194	-0.12074594574429454
196	196	-0.09539036669444263
198	198	-0.11691451445624178
200	200	-0.10336212723917161
202	202	-0.1115480271664538
203	203	-0.09028275955977069
204	204	-0.09033987579061153
205	205	0.0032856162157870166
206	206	-0.04114501641321858
207	207	-0.10355842359911249
208	208	-0.09847515903551442
210	210	-0.11735886349539615
212	212	-0.11190087431581829
213	213	-0.10375471995905339
214	214	-0.09062545694481602
215	215	-0.09062545694481602
216	216	-0.10388558419901393
217	217	-0.10388558419901393
219	219	-0.10395101631899423
222	222	-0.11225372146518267
223	223	-0.11225372146518267
224	224	-0.10414731267893512
230	230	-0.09108238679154305
231	231	-0.09108238679154305
236	236	-0.10453990539881688
252	252	-0.09171066533079279
262	262	-0.09199624648499724
263	263	-0.09199624648499724
267	267	-0.018187777422159983
269	269	-0.09216759517751989
273	273	-0.07645613489634863
282	282	-0.10604484415836357
287	287	-0.09268164125508788
288	288	-0.09273875748592879
295	295	-0.09291010617845141
296	296	-0.09296722240929232
314	314	-0.10709175807804829
318	318	-0.10722262231800883
320	320	-0.09365261717938292
321	321	-0.09365261717938292
323	323	-0.10735348655796945
326	326	-0.09382396587190563
327	327	-0.11592333181857323
328	328	-0.10754978291791034
332	332	-0.10768064715787089
334	334	-0.12195047023332432
338	338	-0.09416666325695096
339	339	-0.09416666325695096
340	340	-0.09422377948779179
341	341	-0.09422377948779179
346	346	-0.09594463647217888
347	347	-0.09439512818031444
348	348	-0.12246887744567098
349	349	-0.09445224441115531
355	355	-0.12687251935242913
357	357	-0.10672390793642916
359	359	-0.09473782556535976
361	361	-0.09479494179620064
363	363	-0.09485205802704155
364	364	-0.11726415098615821
366	366	-0.09496629048872332
367	367	-0.10275614687579641
368	368	-0.10885842531751616
369	369	-0.08520823700532314
371	371	-0.018459090767071206
372	372	-0.12335757552397965
374	374	-0.12763834105344593
375	375	-0.10905472167745707
377	377	-0.12350569187036446
378	378	-0.0854115620467916
379	379	-0.11775813699526845
380	380	-0.10925101803739791
383	383	-0.11789927585501424
385	385	-0.09548033656629129
386	386	-0.11804041471476012
387	387	-0.12809783407405595
389	389	-0.12395004090951874
390	390	-0.1001592521351705
391	391	-0.10957817863729938
392	392	-0.09570880148965481
393	393	-0.09570880148965481
396	396	-0.10977447499724023
397	397	-0.09582303395133664
466	466	-0.11206459919655046
992	992	-0.11284367074192063
996	996	-0.11295790320360241
998	998	-0.12946954311130815
1026	1026	1.8273935269261061
1061	1061	-0.14182231258192549
1062	1062	-0.14890764527535355
1063	1063	-0.13156337095067747
1064	1064	-0.14196345144167122
1068	1068	-0.14210459030141698
1070	1070	-0.05574460015862922
1072	1072	-0.13189053155057895
1073	1073	-0.1151283199755561
1075	1075	-0.13195596367055926
1158	1158	-0.11758431790171422
1163	1163	-0.11769855036339599
1166	1166	-0.11781278282507773
1169	1169	-0.13503127330963294
1247	1247	-0.1483852695601045
1254	1254	-0.1486675472795962
1256	1256	-0.15609128807501538
1257	1257	-0.14873811670946907
1312	1312	-0.13974238594821398
1313	1313	-0.15071406074591004
1317	1317	-0.1508551996056559
1318	1318	-0.16378512534143946
1360	1360	-0.16539335091357474
1362	1362	-0.16001637125421198
1363	1363	-0.15247829649273248
1366	1366	-0.1526194353524782
1374	1374	-0.12375287083252988
1391	1391	-0.16105318567890525
1404	1404	-0.161571592891252
1435	1435	-0.15501879596815663
1552	1552	-0.16705189770748888
1585	1585	-0.09463484473835308
4632	4632	-0.29068178119992505
4675	4675	-0.26934127236224525
4757	4757	-0.22033641718446825
4820	4820	-0.2545103243936462
4827	4827	-0.2595804514840613
4879	4879	-0.2564078558730746
4927	4927	-0.21556467048399885
4935	4935	-0.22541976172930708
5106	5106	-0.26386711755082803
5141	5141	-0.29991226041463354
5145	5145	-0.2651103278304535
5146	5146	-0.231474082198441
5175	5175	-0.2660918096301579
5282	5282	-0.1788013836104084
5292	5292	-0.2356435670498257
5310	5310	-0.27054119378881775
5322	5322	-0.23650031051243897
5335	5335	-0.23684300789748428
5337	5337	-0.2713918113485616
5350	5350	-0.27184983618842345
5364	5364	-0.25556725882458736
5373	5373	-0.2725695895082067
5377	5377	-0.27270045374816726
5394	5394	-0.23855649482271093
5398	5398	-0.23867072728439265
5444	5444	-0.27492514582749705
5450	5450	-0.27512144218743817
5466	5466	-0.3119837426449925
5536	5536	0.13324504016346314
5582	5582	-0.2439254205217541
5645	5645	-0.18905880072931402
5678	5678	-0.24666699960211677
5708	5708	-0.28356218566489577
5709	5709	-0.26833673442353245
5710	5710	-0.283627617784876
5711	5711	-0.21966711746346948
5713	5713	-0.16113074717315498
5715	5715	-0.3321127352249345
5716	5716	-0.2838239141448171
5717	5717	-0.24775220798809358
5720	5720	-0.2839547783847776
5721	5721	-0.30624908418576896
5722	5722	-0.24792355668061614
5723	5723	-0.3063196536156417
5724	5724	-0.3063902230455148
5733	5733	-0.1784324047710762
5735	5735	-0.2844128032246395
5737	5737	-0.24832337029650242
5738	5738	-0.2845436674646001
5741	5741	-0.24843760275818416
5742	5742	-0.32220377054554256
5744	5744	-0.24855183521986593
5746	5746	-0.29520010065907804
5749	5749	-0.24866606768154773
5751	5751	-0.28493626018448204
5756	5756	-0.24889453260491123
5759	5759	-0.2851979886644031
5762	5762	-0.24906588129743398
5767	5767	-0.3078721810728455
5769	5769	-0.2855251492643046
5770	5770	-0.24929434622079752
5772	5772	-0.30808388936246417
5774	5774	-0.2661357849612914
5777	5777	-0.30822502822221004
5780	5780	-0.2641326991890925
5781	5781	-0.28591774198418635
5782	5782	-0.24963704360584282
5784	5784	-0.30850730594170167
5787	5787	-0.28611403834412724
5788	5788	-0.29730292773692735
5789	5789	-0.2498083922983655
5792	5792	-0.308789583661193
5793	5793	-0.33509943985890006
5795	5795	-0.2058365964918387
5798	5798	-0.25009397345256984
5799	5799	-0.3353291863692049
5802	5802	-0.3091424308105577
5804	5804	-0.2867029274239497
5812	5812	-0.28696465590387094
5816	5816	-0.3096364168196677
5817	5817	-0.3249439229536605
5819	5819	1.2271361088536112
5821	5821	-0.3361715902403232
5826	5826	-0.28742268074373306
5831	5831	-0.3101304028287781
5832	5832	-0.25106494937686485
5835	5835	-0.28768440922365424
5836	5836	-0.2877498413436346
5856	5856	-0.3110478054171258
5860	5860	-0.2885350267833979
5867	5867	-0.28873132314333877
5870	5870	-0.2521501577628419
6008	6008	0.6762023035966054
6010	6010	-0.32055558634680814
6011	6011	-0.3164816515173387
6012	6012	-0.2935078679019001
6013	6013	-0.2935078679019001
6016	6016	-0.2032386200673755
6017	6017	-0.25631964261422635
6019	6019	-0.23791471114479798
6020	6020	-0.316834498666703
6021	6021	-0.2937695963818213
6022	6022	-0.29383502850180165
6024	6024	-0.2939004606217819
6025	6025	-0.2939004606217819
6030	6030	-0.2940967569817226
6034	6034	-0.3443658824412033
6036	6036	-0.3173990541056862
6038	6038	-0.2569479211534762
6039	6039	-0.3174696235355591
6040	6040	-0.2944239175816243
6041	6041	-0.2944239175816243
6042	6042	1.23284923238064
6043	6043	-0.31761076239530484
6046	6046	-0.3334606128707852
6064	6064	-0.3183870261239067
6069	6069	-0.3342752527759016
6074	6074	-0.3344974272954788
6076	6076	-0.25803312953945295
6077	6077	-0.23233287235175662
6085	6085	-0.2582615944628166
6086	6086	-0.3549990327095334
6087	6087	-0.2583187106936575
6090	6090	-0.3465101832040507
6091	6091	-0.31930442871225445
6092	6092	-0.33516395085421014
6093	6093	-0.2584900593861801
6094	6094	-0.3352380090274025
6095	6095	-0.31944556757200016
6096	6096	-0.29625601694107245
6097	6097	0.20834919185097606
6098	6098	0.17038927693210498
6099	6099	-0.3468165118844572
6100	6100	-0.3555484836049897
6101	6101	-0.3354601835469799
6102	6102	0.6717985967244635
6103	6103	-0.3355342417201721
6104	6104	-0.3197984147213648
6106	6106	-0.31986898415123743
6107	6107	-0.3036793079116212
6108	6108	-0.34719942273496573
6109	6109	-0.3558624555452502
6111	6111	-0.34727600490506727
6112	6112	-0.3560194415153799
6114	6114	-0.3359785907593265
6115	6115	-0.3359785907593265
6116	6116	-0.33605264893251885
6118	6118	-0.33612670710571124
6119	6119	-0.3202924007304748
6120	6120	-0.32036297016034776
6121	6121	-0.3362007652789036
6122	6122	-0.25934680284879347
6123	6123	-0.3477354979256777
6124	6124	-0.34781208009577924
6125	6125	-0.34781208009577924
6126	6126	-0.34788866226588067
6127	6127	-0.2972374987407767
6128	6128	-0.3566473853959013
6129	6129	-0.3209545086424431
6131	6131	-0.3207158173097123
6132	6132	-0.3366451143180581
6133	6133	0.5224932862248413
6134	6134	-0.320856956169458
6136	6136	-0.2597466164646795
6137	6137	-0.3367932306644425
6138	6138	-0.2976300914606586
6140	6140	0.3109294361825655
6141	6141	-0.32106866445907667
6142	6142	-0.25991796515720234
6143	6143	-0.3211392338889497
6144	6144	-0.3212098033188223
6147	6147	-0.33716352153040474
6151	6151	-0.33731163787678936
6154	6154	-0.3374597542231744
6163	6163	-0.30979709702801556
6166	6166	-0.33790410326232856
6169	6169	-0.33797816143552095
6170	6170	-0.3380522196087133
6171	6171	-0.32212720590717003
6172	6172	-0.3381262777819058
6173	6173	-0.2607747086198156
6174	6174	-0.3222683447669159
6177	6177	-0.26088894108149735
6180	6180	-0.3224800530565346
6184	6184	-0.33857062682106
6189	6189	1.5055510909604055
6191	6191	-0.3387928013406374
6192	6192	8.733452003232097
6193	6193	-0.1857284616188433
6194	6194	-0.350492456049338
6195	6195	-0.322974039065645
6197	6197	0.8820975232924324
6198	6198	-0.2615172196207472
6199	6199	-0.35064562038954117
6200	6200	-0.33916309220659907
6201	6201	-0.3231857473552635
6202	6202	-0.32325631678513644
6203	6203	-0.299723919300028
6207	6207	-0.2998547835399885
6209	6209	-0.2999202156599686
6210	6210	-0.2618599170057924
6212	6212	-0.3511816955802528
6214	6214	-0.3236797333643737
6215	6215	-0.26197414946747416
6216	6216	-0.3397555575921383
6217	6217	-0.3237503027942468
6218	6218	-0.3002473762598703
6220	6220	-0.32389144165399253
6221	6221	-0.3514880242606598
6226	6226	-0.3005091047397915
6237	6237	-0.3008362653396929
6241	6241	-0.2627166604684057
6242	6242	-0.352330428131778
6243	6243	3.5629658530827726
6244	6244	-0.3611999785296812
6252	6252	-0.3013597222995353
6255	6255	-0.3411626628827937
6258	6258	-0.3252322608215775
6268	6268	-0.30188317925937747
6276	6276	-0.2637447526235416
6284	6284	0.4175364640905146
6411	6411	-0.3065288597779784
6412	6412	1.3408225224713342
6413	6413	-0.34701325856499204
6898	6898	-0.30717347175591436
6901	6901	-0.281565016645898
6903	6903	2.234351109447162
6905	6905	-0.32980323457823113
6906	6906	-0.2817363653384208
6907	6907	-0.2332296908667273
6913	6913	-0.32295232189303136
6914	6914	1.1356582082994569
6916	6916	-0.3230831861329921
6917	6917	-0.2820219464926251
6918	6918	-0.34852017267963264
6919	6919	-0.2820790627234661
6921	6921	-0.2821361789543069
6922	6922	-0.2821932951851479
6930	6930	-0.28242176010851144
6937	6937	-0.323737507332795
6940	6940	-0.28270734126271585
6942	6942	2.3238120243146305
6946	6946	-0.3240646679326964
6951	6951	-0.28299292241692015
6956	6956	-0.28316427110944287
6958	6958	4.423703005553488
6959	6959	-0.28322138734028385
6960	6960	-0.27605287208199825
6962	6962	-0.2833356198019656
6964	6964	-0.2833927360328065
6965	6965	-0.32465355701251924
6969	6969	-0.28350696849448825
6972	6972	0.40778439119714377
6973	6973	2.571405066701957
6975	6975	4.73814824824999
6976	6976	-0.2837354334178518
6977	6977	-0.3250461497324009
6979	6979	3.0243988076490815
6980	6980	-0.28384966587953353
6982	6982	0.22701795536592156
6985	6985	0.9430396241029544
6988	6988	-0.28407813080289707
7033	7033	-0.28533468788139665
7071	7071	-0.3936175813615925
7081	7081	0.3580632432626422
7092	7092	-0.38487785042499273
7192	7192	-0.2899039863486676
7296	7296	6.7044219513863155
7320	7320	-0.3363004743690111
7430	7430	6.659888671500242
7508	7508	-0.3409320728453781
7516	7516	-0.3427128221270798
7519	7519	-0.2992139319757318
7520	7520	3.0030618873342596
7525	7525	-0.31305536567988396
8213	8213	-0.3190332640775194
8214	8214	-0.3190903803083603
8218	8218	-0.4279936121922391
8222	8222	-0.3658103604801227
8225	8225	-0.3685740161128892
8227	8227	-0.39467257981650533
8230	8230	-0.41433213799687346
8231	8231	-0.4391435126993867
8233	8233	-0.19977815415487665
8236	8236	1.06667246069984
8237	8237	-0.3950254269658698
8238	8238	5.01811935735869
8239	8239	0.3010725393857364
8240	8240	-0.3951665658256155
8241	8241	-0.3951665658256155
8242	8242	-0.4142886552529391
8247	8247	-0.39537827411523446
8249	8249	-0.3954488435451073
8256	8256	-0.4485579568412209
8258	8258	-0.44024241449029783
8259	8259	-0.44863794670701274
8265	8265	-0.36718443499970893
8266	8266	-0.23574612274192083
8271	8271	-0.1488415223373073
8275	8275	-0.3963662461334547
8283	8283	-0.3313837262673466
8284	8284	2.68276573412572
8285	8285	3.0699599990915907
8290	8290	3.3670307603553256
8296	8296	-0.3214321457728366
8300	8300	3.842802371221269
8304	8304	-0.3684930773993149
8306	8306	-0.13647386792963628
8307	8307	-0.3974953570114211
8310	8310	-0.36868937375925576
8311	8311	0.20480316453996328
8313	8313	6.995828290149096
8314	8314	2.150120182186605
8323	8323	0.03151755986262203
8325	8325	2.7543943031908427
8326	8326	-0.3875889890674787
8329	8329	-0.16151128627946748
8334	8334	2.4006036460442006
8337	8337	-0.188427104735919
8343	8343	-0.44353911986303457
8351	8351	-0.36999801615886135
8354	8354	-0.41892374473480165
8357	8357	-0.3231456326980631
8365	8365	4.916776667674974
8374	8374	1.952478928561001
8376	8376	-0.4340436036302717
8378	8378	4.281985076188597
8386	8386	2.228262757354909
8387	8387	3.572638999578978
8388	8388	2.542736122609232
8389	8389	4.4072531009043185
8395	8395	5.008439394858322
8412	8412	0.8379721904941696
8420	8420	-0.32497335208497147
8422	8422	-0.44667883926564145
8423	8423	-0.421441722623343
8426	8426	-0.4468358252357718
8427	8427	-0.4215898389697277
8430	8430	-0.13239753185314213
9057	9057	4.004250550330452
9058	9058	-0.42402946264362934
9302	9302	-0.4011437052694804
9308	9308	-0.35033295857832486
9309	9309	-0.43285064137774093
9321	9321	-0.4017325943493031
9323	9323	-0.4333446273868514
9332	9332	-0.40212518706918465
9336	9336	-0.48255013344042014
9339	9339	-0.4553603659454568
9342	9342	-0.47103279178938395
9343	9343	-0.4827856123956159
9344	9344	-0.4341208911154531
9349	9349	-0.48302109135081084
9351	9351	-0.4713391204697909
9352	9352	-0.43440316883494495
9353	9353	-0.43440316883494495
9354	9354	-0.35164663188766526
9355	9355	-0.42342767608814175
9356	9356	-0.45602688950418835
9363	9363	-0.4347560159843094
9367	9367	-0.47195177783060405
9369	9369	-0.434967724273928
9371	9371	-0.43503829370380076
9378	9378	-0.4353205714232923
9380	9380	-0.43539114085316544
9381	9381	-0.45691558758249634
9382	9382	-0.4935922512814949
9383	9383	-0.4725644351914176
9384	9384	-0.48443396508198383
9385	9385	-0.45706370392888135
9386	9386	-0.47271759953162107
9388	9388	-0.47279418170172294
9390	9390	1.2236181798682126
9391	9391	0.8069840278160478
9392	9392	1.593346355164763
9399	9399	-0.47317709255223145
9402	9402	-0.45773022748761305
9404	9404	-0.4234682286996533
9405	9405	-0.43623797401164
9407	9407	-0.4045461755084557
9408	9408	-0.45795240200719023
9409	9409	-0.4363791128713859
9410	9410	1.2984290778184577
9411	9411	-0.45802646018038246
9412	9412	-0.43652025173113185
9413	9413	-0.4047424718683965
9416	9416	-0.45824863469995947
9418	9418	-0.4367319600207503
9419	9419	-0.4583226928731519
9421	9421	-0.4740194964233496
9427	9427	-0.437014237740242
9433	9433	-0.4588411000854988
9434	9434	-0.4863962897086131
9436	9436	-0.45898921643188384
9437	9437	-0.43736708488960635
9442	9442	-0.4057239536681007
9450	9450	-0.47516822897487515
9451	9451	-0.43786107089871673
9452	9452	-0.4595816818174227
9453	9453	-0.3544453271988687
9454	9454	-0.40611654638798267
9469	9469	-0.3549022570455957
9470	9470	-0.48780916343978653
9471	9471	-0.43856676519744564
9472	9472	-0.3550164895072775
9476	9476	-0.4387784734870644
9481	9481	-0.40696716394772675
9482	9482	-0.46069255441530854
9490	9490	-0.4609887871080776
9496	9496	-0.43948416778579324
9499	9499	-0.40755605302754894
9504	9504	-0.36391627643696345
100000	100000	-1.677017874331836
