1	1	1.105362995985456
2	2	3.4240806479631787
4	4	0.4333367598095409
6	6	1.4779999467534304
7	7	0.13563820314180927
8	8	1.8962795786498583
9	9	-0.6446593631702056
12	12	0.48460365401683314
23	23	2.1514680330098646
32	32	2.971295172039535
45	45	1.45779541017496
51	51	1.144839594116295
60	60	-0.27100045139007545
62	62	3.1975418719586255
66	66	1.1390765426029188
69	69	0.9903299989038884
74	74	0.3496906778800096
79	79	1.7615504312105974
80	80	2.2929787910861257
81	81	0.9958312041760454
83	83	1.5923669018213533
84	84	0.5264898982002005
85	85	3.982890287843475
86	86	0.965505568119038
87	87	2.8595069760801324
88	88	-0.448423019557775
89	89	-0.5768727097577391
91	91	0.19227653265032915
94	94	1.6305937383787046
96	96	-0.7238542374305394
104	104	4.439279484037077
106	106	0.15203237618587953
116	116	1.444583348547323
121	121	0.37072952834454287
122	122	1.033044170148905
126	126	2.0094794936828606
137	137	0.5230748768812552
146	146	0.09805872912211251
148	148	3.4299573084425963
149	149	0.4302036308939466
151	151	1.2479083564695619
153	153	2.968897653663025
157	157	-0.21232978336265135
159	159	-0.5749155891019178
160	160	-0.45467923627546253
163	163	-0.34926557719400037
165	165	-0.6950218730881671
166	166	-0.6386115749791681
167	167	-0.6701295582094011
169	169	-0.4775250536168863
170	170	-0.47747858573384394
173	173	-0.4774321178508017
174	174	-0.6394928526891487
175	175	-0.5137568546378944
178	178	-0.6870677545419255
179	179	-0.477292714201675
183	183	-0.6790486205047332
184	184	-0.368924616350797
185	185	-0.6857543264674486
187	187	-0.3158825381567591
188	188	-0.5279514190391911
190	190	-0.5740209053735424
191	191	-0.6389948757753118
194	194	-0.7204148176478071
196	196	-0.6388081344326232
198	198	-0.6528034146248678
200	200	-0.573741316708425
202	202	-0.6386213930899342
203	203	-0.332758874988165
204	204	-0.4073716277670895
205	205	-0.5736294812423781
206	206	-0.5119993335657326
207	207	-0.5735735635093546
208	208	-0.7007877448123789
210	210	-0.6848861523088863
212	212	-0.6383101575187861
213	213	-0.5357586883488321
214	214	-0.47645629230691444
215	215	-0.47645629230691444
216	216	-0.5015806884570044
217	217	-0.5732939748442374
219	219	-0.5732380571112142
222	222	-0.5805718602378774
223	223	-0.5166812797408971
224	224	-0.5730703039121436
230	230	-0.47608454924257637
231	231	-0.47608454924257637
236	236	-0.5727347975140029
252	252	-0.2736025084902861
262	262	0.38484647556465795
263	263	1.524926674013656
267	267	-0.2971914898955559
269	269	0.4381003700942466
273	273	-0.3188704581749769
282	282	0.06694476937260199
287	287	-0.23051602373930496
288	288	0.17918929634353498
295	295	-0.39367164051011294
296	296	-0.4745511091021821
314	314	-0.5050357340944417
318	318	-0.04707909732270199
320	320	-0.24190341166811294
321	321	1.2651779520066593
323	323	0.277019784961607
326	326	-0.1963656797096561
327	327	-0.591869032682587
328	328	-0.3555026787203052
332	332	1.7804019555434039
334	334	-0.06636370982813775
338	338	-0.39093646080315403
339	339	0.0217053672006145
340	340	-0.4001735629265135
341	341	0.23713886891304967
346	346	1.3181790778465448
347	347	-0.273425092353503
348	348	0.28212100271770596
349	349	0.014884563522224628
355	355	0.0773432358400494
357	357	2.9709975125859973
359	359	-0.28246402603942217
361	361	-0.23098021833332624
363	363	-0.43630213131793466
364	364	0.5940914906538396
366	366	-0.2860281263194406
367	367	0.20236395421573047
368	368	-0.2968247160451947
369	369	0.2570128658286327
371	371	-0.08104543208331527
372	372	0.525817615661414
374	374	-0.42283864506410124
375	375	-0.5321653360724223
377	377	2.688155129257465
378	378	-0.16383181943980504
379	379	1.2168606581185624
380	380	-0.19424167853813465
383	383	1.7059855754987179
385	385	-0.11315465793565208
386	386	0.36384069792660495
387	387	-0.3636961729180447
389	389	-0.4085623638699886
390	390	-0.31592679904787385
391	391	0.9652602536311363
392	392	0.10653696905546324
393	393	1.711144868013408
396	396	-0.2212127233054612
397	397	-0.26262536656504387
466	466	-0.5663042582163046
992	992	-0.45838028580347906
996	996	-0.45828735003739446
998	998	-0.5514301412320634
1026	1026	-0.550647292969735
1061	1061	-0.6119173810854363
1062	1062	-0.6564367529590815
1063	1063	-0.5496407737753127
1064	1064	-0.611792886856977
1068	1068	-0.6116683926285177
1070	1070	-0.4565680383648314
1072	1072	-0.5493611851101953
1073	1073	-0.44398661349157903
1075	1075	-0.5493052673771718
1158	1158	-0.4545234515109723
1163	1163	-0.4544305157448878
1166	1166	-0.4543375799788032
1169	1169	-0.5466771339250693
1247	1247	-0.6061283994620834
1254	1254	-0.6058794110051652
1256	1256	-0.6499588380836566
1257	1257	-0.6058171638909355
1312	1312	-0.5426510571473799
1313	1313	-0.6040742446925066
1317	1317	-0.603949750464048
1318	1318	-0.6809667785070795
1360	1360	-0.6794927414573365
1362	1362	-0.6464193588218266
1363	1363	-0.6025180668367668
1366	1366	-0.6023935726083076
1374	1374	-0.44950492014240906
1391	1391	-0.645484402035683
1404	1404	-0.645016923642611
1435	1435	-0.49731797486498924
1552	1552	-0.6400750092015649
1585	1585	-0.5956086371572812
4632	4632	0.6180148186548226
4675	4675	0.9999395015795516
4757	4757	-0.3709277299179636
4820	4820	-0.37440597070184384
4827	4827	1.3613369769929642
4879	4879	-0.1986596831828245
4927	4927	2.3780642724749095
4935	4935	-0.12113996891888941
5106	5106	-0.4365751176018709
5141	5141	-0.5202669753199932
5145	5145	-0.43551268067442483
5146	5146	-0.36186649272472476
5175	5175	2.8620897698808
5282	5282	4.8585495195281245
5292	5292	-0.25614109463855556
5310	5310	1.1090986016491182
5322	5322	0.3860585952929961
5335	5335	-0.1228807868394912
5337	5337	0.944896472541107
5350	5350	0.6229429339155536
5364	5364	-0.4363024697113044
5373	5373	-0.3936896480436068
5377	5377	-0.3439404666523678
5394	5394	0.60151890283693
5398	5398	3.473013932486661
5444	5444	-0.42712502072090563
5450	5450	-0.3858839163841403
5466	5466	-0.44393834874377786
5536	5536	3.9160935766893856
5582	5582	2.263434085906322
5645	5645	4.456988383000419
5678	5678	-0.3495060358354862
5708	5708	-0.29569951424343394
5709	5709	5.41666087508502
5710	5710	2.22647188594313
5711	5711	0.5040011834111312
5713	5713	3.5658077977226776
5715	5715	0.23123480196508175
5716	5716	2.7794412365667718
5717	5717	2.2400209076190207
5720	5720	-0.36379112501783467
5721	5721	1.5224779297729134
5722	5722	-0.3484837424085566
5723	5723	1.0507031697593667
5724	5724	4.662826116705415
5733	5733	-0.23262202312485047
5735	5735	-0.4190169494325034
5737	5737	1.8889946761715
5738	5738	-0.4189051139664565
5741	5741	0.007823634792144561
5742	5742	-0.5001654044179009
5744	5744	-0.0227928948326155
5746	5746	-0.44160199328775124
5749	5749	1.8457946212633154
5751	5751	1.23625705402563
5756	5756	-0.34769378839683823
5759	5759	-0.41834593663622177
5762	5762	-0.34755438474771155
5767	5767	0.3971838087836223
5769	5769	0.0026382381730652438
5770	5770	0.16572821898581064
5772	5772	-0.46526317996050115
5774	5774	2.1524647029355815
5777	5777	-0.46513868573204203
5780	5780	3.317168441083192
5781	5781	-0.41773084157296364
5782	5782	1.0000968302118844
5784	5784	-0.46488969727512364
5787	5787	0.09124143012361793
5788	5788	0.40299414429870817
5789	5789	0.6564908974264554
5792	5792	0.9135830994149517
5793	5793	2.127767975736193
5795	5795	0.6443983341305306
5798	5798	0.10852282863394795
5799	5799	2.98098696630363
5802	5802	-0.26867364464429855
5804	5804	3.6686560624407227
5812	5812	1.5449417792780018
5816	5816	-0.4638937434474502
5817	5817	-0.4976944471973783
5819	5819	-0.46383149633322035
5821	5821	-0.522964045222775
5826	5826	-0.41644473371342416
5831	5831	-0.4634580136478429
5832	5832	-0.34592800884123276
5835	5835	-0.41622106278133025
5836	5836	-0.4161651450483069
5856	5856	-0.462648801162858
5860	5860	-0.41549413225202525
5867	5867	-0.415326379052955
5870	5870	-0.34504511906343005
6008	6008	-0.411356220008289
6010	6010	-0.36415940296889954
6011	6011	-0.4578557733671789
6012	6012	-0.4112443845422421
6013	6013	-0.4112443845422421
6016	6016	-0.3416529636013457
6017	6017	-0.3416529636013457
6019	6019	-0.34160649571830354
6020	6020	-0.45754453779603094
6021	6021	-0.4110207136101482
6022	6022	-0.41096479587712476
6024	6024	-0.4109088781441014
6025	6025	-0.4109088781441014
6030	6030	-0.41074112494503096
6034	6034	-0.5154534754931344
6036	6036	-0.45704656088219414
6038	6038	-0.341141816887881
6039	6039	-0.4569843137679645
6040	6040	-0.41046153627991344
6041	6041	-0.41046153627991344
6042	6042	-0.4568598195395052
6043	6043	-0.4568598195395052
6046	6046	-0.49001444502548275
6064	6064	-0.4561751012829797
6069	6069	-0.48927983612208376
6074	6074	-0.48907948823933867
6076	6076	-0.3402589271100782
6077	6077	-0.3022963499523911
6085	6085	-0.34007305557790923
6086	6086	-0.5330684900604478
6087	6087	-0.34002658769486704
6090	6090	-0.5134880927601445
6091	6091	-0.2921273558100833
6092	6092	-0.4884784445911034
6093	6093	-0.33988718404574025
6094	6094	-0.2510793857614485
6095	6095	-0.45524139456953583
6096	6096	-0.40889583975525673
6097	6097	-0.5327042455403715
6098	6098	-0.45511690034107677
6099	6099	-0.5132073237982893
6100	6100	-0.5325585477323409
6101	6101	-0.48821131408077645
6102	6102	-0.5480425978314256
6103	6103	-0.48814453145319475
6104	6104	-0.45493015899838785
6106	6106	-0.4548679118841581
6107	6107	-0.5129265548364332
6108	6108	2.719684265946317
6109	6109	-0.5322671521162801
6111	6111	-0.5127861703555056
6112	6112	-0.5321214543082495
6114	6114	-0.4877438356877048
6115	6115	-0.4877438356877048
6116	6116	-0.48767705306012293
6118	6118	-0.4876102704325413
6119	6119	-0.4544944291987806
6120	6120	-0.4544321820845513
6121	6121	-0.4875434878049596
6122	6122	-0.3391901658001065
6123	6123	-0.512365016912722
6124	6124	-0.5122948246722581
6125	6125	-0.5122948246722581
6126	6126	-0.5122246324317936
6127	6127	-0.4080570737599047
6128	6128	-0.5315386630761267
6129	6129	-0.48090916300337955
6131	6131	0.12508428321371007
6132	6132	-0.4871427920394692
6133	6133	-0.33895782638489524
6134	6134	-0.45399645228494373
6136	6136	-0.33886489061881075
6137	6137	-0.487009226784306
6138	6138	-0.40772156736176385
6140	6140	-0.4868756615291425
6141	6141	-0.45380971094225503
6142	6142	-0.33872548696968396
6143	6143	-0.45374746382802533
6144	6144	-0.4536852167137957
6147	6147	-0.4866753136463973
6151	6151	-0.48654174839123415
6154	6154	-0.48640818313607037
6163	6163	-0.48614105262574375
6166	6166	-0.4860074873705806
6169	6169	-0.4859407047429989
6170	6170	-0.485873922115417
6171	6171	-0.4528760042288112
6172	6172	-0.48580713948783555
6173	6173	-0.33802846872405024
6174	6174	-0.45275151000035174
6177	6177	-0.3379355329579657
6180	6180	-0.45256476865766293
6184	6184	-0.48540644372234504
6189	6189	-0.48527287846718187
6191	6191	-0.4852060958396003
6192	6192	-0.3375637898936278
6193	6193	-0.40621178857013046
6194	6194	-0.5098380962560203
6195	6195	-0.4303918490940509
6197	6197	-0.45206679174382625
6198	6198	-0.33742438624450094
6199	6199	-0.5096977117750922
6200	6200	-0.48487218270169147
6201	6201	-0.451942297515367
6202	6202	-0.4518800504011374
6203	6203	-0.4059321999050131
6207	6207	-0.40582036443896624
6209	6209	-0.4057644467059428
6210	6210	-0.33714557894624747
6212	6212	-0.5092063660918452
6214	6214	-0.4515065677157599
6215	6215	-0.337052643180163
6216	6216	-0.48433792168103806
6217	6217	-0.45144432060153045
6218	6218	-0.4054848580408254
6220	6220	-0.45131982637307116
6221	6221	-0.5089255971299894
6226	6226	-0.4052611871087316
6237	6237	-0.4049815984436142
6241	6241	-0.3364485607006137
6242	6242	-0.5081534824848861
6243	6243	-0.4341252013249273
6244	6244	-0.5040076346195842
6252	6252	-0.4045342565794265
6255	6255	-0.48306905175698556
6258	6258	-0.4501371312027085
6268	6268	-0.4040869147152387
6276	6276	-0.3356121388058532
6284	6284	-0.5066794454351438
6411	6411	-0.40011675567057287
6412	6412	-0.4777932241780311
6413	6413	-0.4777932241780311
6898	6898	-0.08724946584660019
6901	6901	-0.2480160823979655
6903	6903	-0.20515016388118715
6905	6905	-0.36204746910337554
6906	6906	-0.3209747556475443
6907	6907	-0.3209747556475443
6913	6913	-0.3860814046816838
6914	6914	-0.4297200777354004
6916	6916	-0.3859695692156368
6917	6917	-0.320742416232333
6918	6918	-0.42959558350694105
6919	6919	-0.32069594834929077
6921	6921	-0.32064948046624847
6922	6922	-0.3206030125832063
6930	6930	-0.3204171410510372
6937	6937	-0.28117312095345814
6940	6940	-0.3201848016358261
6942	6942	-0.3201383337527838
6946	6946	-0.385130803220285
6951	6951	-0.3199524622206147
6956	6956	-0.31981305857148806
6958	6958	-0.4595615668482268
6959	6959	-0.12169316371187198
6960	6960	3.123200984660801
6962	6962	-0.3196736549223613
6964	6964	-0.31962718703931914
6965	6965	-0.3846275436230739
6969	6969	-0.3195342512732346
6972	6972	-0.31944131550715005
6973	6973	-0.4279149114227419
6975	6975	-0.31939484762410775
6976	6976	-0.31934837974106556
6977	6977	-0.384292037224933
6979	6979	-0.31930191185802326
6980	6980	-0.31925544397498107
6982	6982	-0.38412428402586263
6985	6985	-0.38406836629283925
6988	6988	-0.319069572442812
7033	7033	-0.3180472790158825
7071	7071	-0.4972268292849141
7081	7081	0.7875469735216615
7092	7092	3.2648045723627304
7192	7192	-0.31432984837250244
7296	7296	-0.37534519994117904
7320	7320	0.4740806937942939
7430	7430	-0.41366032226416366
7508	7508	-0.35466300654650035
7516	7516	-0.3691942493085979
7519	7519	0.06934048420643028
7520	7520	-0.3690824138425511
7525	7525	0.07507804192865082
8213	8213	-0.2906312280209548
8214	8214	0.40907928245406217
8218	8218	-0.43880354890652434
8222	8222	-0.34945528955131566
8225	8225	-0.41728816358900994
8227	8227	-0.3888859708007833
8230	8230	-0.2776054536060664
8231	8231	-0.45497446495603244
8233	8233	-0.2901665491905323
8236	8236	-0.29007361342444765
8237	8237	-0.3885747352296354
8238	8238	-0.2900271455414054
8239	8239	0.10287827211220996
8240	8240	-0.38845024100117614
8241	8241	-0.33663412663459064
8242	8242	0.20121084856259297
8247	8247	-0.38826349965848755
8249	8249	-0.3882012525442579
8256	8256	-0.46729212133791853
8258	8258	-0.4539545802998176
8259	8259	-0.4446308973893388
8265	8265	-0.3482810171578229
8266	8266	-0.28937659517881387
8271	8271	-0.28928365941272943
8275	8275	-0.38739204005927314
8283	8283	-0.3477777575606117
8284	8284	-0.2889583842314337
8285	8285	-0.3477218398275883
8290	8290	-0.3475540866285178
8296	8296	-0.2886795769331802
8300	8300	-0.34727449796340054
8304	8304	-0.2729909933164782
8306	8306	-0.3471067447643303
8307	8307	-0.3863960862315995
8310	8310	-0.34699490929828325
8311	8311	-0.34699490929828325
8313	8313	-0.34693899156525976
8314	8314	-0.28826136598579993
8323	8323	1.839984623350606
8325	8325	-0.34660348516711914
8326	8326	-0.4350131679214725
8329	8329	-0.2879360908045043
8334	8334	-0.3463238965020017
8337	8337	1.4154800364799796
8343	8343	-0.3163335588264886
8351	8351	-0.34587655463781397
8354	8354	0.4574430976363382
8357	8357	-0.2872855404419126
8365	8365	-0.38459091991894095
8374	8374	-0.2868673294945325
8376	8376	-0.43325836190987366
8378	8378	-0.3450937063754854
8386	8386	-0.30890053070658213
8387	8387	-0.34487003544339156
8388	8388	-0.3448141177103682
8389	8389	-0.3448141177103682
8395	8395	-0.34464636451129776
8412	8412	-0.3441431049140866
8420	8420	-0.28579856818456073
8422	8422	-0.44798097017056265
8423	8423	-0.23368588476325694
8426	8426	-0.44783527236253173
8427	8427	-0.41054311820325806
8430	8430	-0.2855662287693494
9057	9057	-0.3630534183954996
9058	9058	-0.3629911712812703
9302	9302	-0.06413795894207489
9308	9308	3.058100817883464
9309	9309	6.233465332801787
9321	9321	-0.24151820100667598
9323	9323	-0.3547745522029631
9332	9332	-0.31842094772329377
9336	9336	-0.41468902103556415
9339	9339	-0.3800902400260025
9342	9342	-0.3993555097657962
9343	9343	-0.4144704743235177
9344	9344	-0.3540898339464375
9349	9349	-0.41425192761147217
9351	9351	-0.3990747408039406
9352	9352	-0.3538408454895192
9353	9353	-0.3538408454895192
9354	9354	-0.26409806680382975
9355	9355	-0.3537785983752896
9356	9356	-0.3794891963777673
9363	9363	-0.35352960991837123
9367	9367	-0.3985132028802288
9369	9369	-0.35334286857568237
9371	9371	-0.3532806214614527
9378	9378	-0.35303163300453444
9380	9380	-0.35296938589030485
9381	9381	-0.37868780484678677
9382	9382	-0.42507994096109036
9383	9383	-0.3979516649565178
9384	9384	-0.41294064733919666
9385	9385	-0.3785542395916235
9386	9386	-0.39781128047558967
9388	9388	-0.39774108823512583
9390	9390	-0.37835389170887834
9391	9391	-0.3526581503191567
9392	9392	-0.3167434157325899
9399	9399	-0.3973901270328062
9402	9402	-0.37795319594338805
9404	9404	0.1487605563888167
9405	9405	-0.3522224205195498
9407	9407	-0.3163519916014257
9408	9408	-0.37775284806064285
9409	9409	-0.35209792629109044
9410	9410	-0.3162401561353787
9411	9411	-0.3776860654330613
9412	9412	-0.3519734320626311
9413	9413	-0.3161842384023551
9416	9416	-0.377485717550316
9418	9418	-0.35178669071994234
9419	9419	-0.13348720597074423
9421	9421	-0.30918965071981075
9427	9427	-0.35153770226302405
9433	9433	-0.3769514565296626
9434	9434	-0.4111194247388133
9436	9436	-0.376817891274499
9437	9437	-0.35122646669187596
9442	9442	-0.3153454724070032
9450	9450	-0.39556512878074424
9451	9451	-0.3507907368922689
9452	9452	-0.37628363025384565
9453	9453	-0.26182114053475947
9454	9454	-0.3150099660088625
9469	9469	-0.26144939747042134
9470	9470	-0.3754487988072151
9471	9471	-0.3501682657499729
9472	9472	-0.2613564617043369
9476	9476	-0.34998152440728414
9481	9481	-0.23376894108630492
9482	9482	-0.3752818908401198
9490	9490	0.9914316935204793
9496	9496	1.102850982902748
9499	9499	2.1718160576297105
9504	9504	1.5871835611845786
100000	100000	2.6472330508800916
