1	1	-0.36945446518914193
2	2	-0.6171948537795492
4	4	-0.6589475640559036
6	6	-0.7339308528818108
7	7	-0.5757032068939438
8	8	-0.7231968683355886
9	9	0.9905279436122222
12	12	-0.6710072670975764
23	23	-0.674867272218374
32	32	-0.5792887759994007
45	45	-0.6952083377209256
51	51	-0.6251995065742386
60	60	-0.5528518901817912
62	62	-0.48076181484559344
66	66	-0.8435949290648452
69	69	-0.7476369005676348
74	74	-0.6703742240691989
79	79	-0.8135411463762237
80	80	-0.6244755524888872
81	81	-0.7747529311922152
83	83	-0.5114911701537277
84	84	-0.7187674559063347
85	85	-0.05693444209694064
86	86	-0.6674317791311725
87	87	-0.7572850767531787
88	88	-0.795474426529914
89	89	-0.18767292413234798
91	91	-0.6198774652380837
94	94	0.46600556623595774
96	96	-0.9124874248355086
104	104	-0.7064070366937314
106	106	-0.43570047225109193
116	116	-0.5252287271341533
121	121	-0.813298106074284
122	122	-0.6847902597641897
126	126	-0.8912305080012125
137	137	-0.7411351965758498
146	146	-0.5285398650727751
148	148	-0.6685361620923091
149	149	-0.6403918187513702
151	151	-0.7236557999771928
153	153	-0.6011496117323246
157	157	-0.6915568158686638
159	159	0.3957471471001479
160	160	0.19417012893193086
163	163	-0.6697080650213442
165	165	-0.5008469279204713
166	166	-0.6568784538611411
167	167	-0.7505362630577572
169	169	-0.45153467599110775
170	170	-0.4556051549687266
173	173	-0.49361118688233796
174	174	-0.13960703590630275
175	175	-0.28182343985593383
178	178	-0.7257721148356571
179	179	-0.5316962478197701
183	183	-0.7502764952989889
184	184	-0.19717572599437458
185	185	-0.7827645247471763
187	187	-0.5808672662474261
188	188	-0.5620480023633545
190	190	-0.4901844353323901
191	191	-0.6206434005466819
194	194	-0.8556230521510407
196	196	-0.5951428453022112
198	198	-0.7708654161599867
200	200	-0.5537220443260354
202	202	-0.5078990994254208
203	203	-0.4110000778964232
204	204	-0.009220189203969206
205	205	-0.23152565247342377
206	206	-0.2864775490534207
207	207	-0.5921056839744957
208	208	-0.49722999990158095
210	210	-0.7074530836332228
212	212	-0.11248053569512392
213	213	-0.6627685916236392
214	214	0.24984541293429632
215	215	-0.4769373072598667
216	216	-0.6445660633937788
217	217	-0.6499858781029183
219	219	-0.02789398040829445
222	222	-0.625408730319613
223	223	-0.7184669523113061
224	224	-0.6120087597680656
230	230	-0.44936105654627856
231	231	-0.5410124483076711
236	236	-0.6555990858229179
252	252	-0.555193924683961
262	262	-0.5511377706697734
263	263	-0.5499237548280661
267	267	-0.6064417819127575
269	269	-0.5274780331024206
273	273	-0.4684560289443585
282	282	-0.6748712596445442
287	287	-0.4599896064252808
288	288	-0.3237834386548959
295	295	-0.2001057640670093
296	296	-0.5486154289241866
314	314	-0.21976516526603096
318	318	-0.5758947975194327
320	320	-0.5045800234474093
321	321	-0.4268308357246971
323	323	-0.5380854213827145
326	326	-0.31616220797099237
327	327	-0.675343013999057
328	328	-0.37794956465342633
332	332	-0.6422576430535224
334	334	-0.44473633177475025
338	338	-0.5391107184455586
339	339	-0.39890547964977857
340	340	-0.5191065441210437
341	341	-0.5208966843403496
346	346	-0.07076171128623783
347	347	-0.4026837018297274
348	348	-0.8046591496662141
349	349	-0.4155214353040405
355	355	-0.13606021493868029
357	357	-0.7896475870044551
359	359	-0.5603265053827922
361	361	-0.35572441801556554
363	363	-0.39873106312451967
364	364	-0.7046936994619263
366	366	-0.1727062581647449
367	367	0.22091663826319455
368	368	-0.6054123450125164
369	369	-0.64145930827229
371	371	-0.5583805552352862
372	372	-0.5695188720731276
374	374	-0.8555650754030413
375	375	-0.6528368735334513
377	377	-0.6986532065403502
378	378	-0.6791635051680529
379	379	-0.7950047406323125
380	380	-0.5162877243277024
383	383	-0.7923948504459211
385	385	-0.33649368626148357
386	386	-0.7246865601930357
387	387	-0.7699547350291327
389	389	-0.5932064851331557
390	390	-0.7473025978865991
391	391	-0.6882679213523544
392	392	-0.5520255505986242
393	393	-0.5600275988143126
396	396	-0.6960889071602718
397	397	-0.558359769739449
466	466	1.1853252709064457
992	992	-0.013232388420317195
996	996	0.43631030412988675
998	998	0.10064266623152103
1026	1026	-0.7133011992532255
1061	1061	0.09784306092144644
1062	1062	-0.8948716871278996
1063	1063	-0.09038343880026616
1064	1064	-0.26726380950618284
1068	1068	0.09893113624826032
1070	1070	-0.1665301449657623
1072	1072	0.7821670827359517
1073	1073	-0.05630044211953302
1075	1075	0.22427305009236423
1158	1158	0.9285468413099105
1163	1163	1.5245979490897839
1166	1166	1.7051475296562515
1169	1169	0.5941899434314225
1247	1247	0.49427358334899046
1254	1254	0.6593840638645722
1256	1256	1.1136705539704228
1257	1257	0.45015601075469697
1312	1312	0.800775428135472
1313	1313	1.4218445258737928
1317	1317	0.5630308030330268
1318	1318	1.2521498003144156
1360	1360	0.7329237293835613
1362	1362	1.9080957034902286
1363	1363	0.428500653652243
1366	1366	2.312306433666487
1374	1374	1.38703495651522
1391	1391	2.2207063517196812
1404	1404	1.5511908920337256
1435	1435	-0.817310472077897
1552	1552	0.6099743380904578
1585	1585	0.5562971826147305
4632	4632	-1.0938004745697978
4675	4675	-0.919868376418231
4757	4757	-0.46843097343294093
4820	4820	1.3318579619182638
4827	4827	-0.7731572169853675
4879	4879	-0.8306994757887011
4927	4927	-0.5651257673307917
4935	4935	-0.6546564251221241
5106	5106	0.07148067035758156
5141	5141	2.285418701647453
5145	5145	0.6641938681188595
5146	5146	0.6010829667683351
5175	5175	-0.8396490654521273
5282	5282	-0.937318631033711
5292	5292	0.14854414194444615
5310	5310	-0.8168654826444476
5322	5322	-0.6832503067617669
5335	5335	-0.6805752295575205
5337	5337	-0.8301270948601434
5350	5350	-0.6882495820022371
5364	5364	0.6445937554874577
5373	5373	-0.44236886276714926
5377	5377	-0.23277908201086678
5394	5394	-0.496332273058313
5398	5398	-0.47989160351952215
5444	5444	0.11109461595511706
5450	5450	0.12919117566257374
5466	5466	-0.5963863455989781
5536	5536	-0.2797704217202443
5582	5582	-0.6824204620071159
5645	5645	-0.7578472033052247
5678	5678	-0.6861203881295513
5708	5708	1.862715936463147
5709	5709	-0.8389669402235845
5710	5710	-0.4538854281979195
5711	5711	-0.5334051752769404
5713	5713	-0.6395152921998057
5715	5715	-1.1339357106058097
5716	5716	-0.7387990669227995
5717	5717	-0.5775209608989456
5720	5720	-0.5241731946736989
5721	5721	-0.9812118381541912
5722	5722	0.6397686449180164
5723	5723	-0.9746446112783106
5724	5724	-0.9741793775782239
5733	5733	0.016060780637647327
5735	5735	0.6069485357660224
5737	5737	-0.6707410911635743
5738	5738	1.765166556301859
5741	5741	-0.12436850005694275
5742	5742	0.3575703801051069
5744	5744	-0.623140049123706
5746	5746	-0.734953689603552
5749	5749	-0.36906955870835667
5751	5751	-0.5509945370770357
5756	5756	-0.28218150726789887
5759	5759	0.059431347505274346
5762	5762	0.6309660804142024
5767	5767	-0.7905599298377071
5769	5769	-0.8646193291440969
5770	5770	-0.694344155073165
5772	5772	-0.9838302081013381
5774	5774	-0.8368517259256097
5777	5777	0.7683806918988398
5780	5780	-0.8432659300980422
5781	5781	-0.17658416401616603
5782	5782	-0.6946413117243634
5784	5784	-0.1930607868509363
5787	5787	-0.7155145723926486
5788	5788	-0.8825266337050532
5789	5789	-0.5741914235327857
5792	5792	-0.968815460466239
5793	5793	-1.0988933013037683
5795	5795	-0.7944705480592456
5798	5798	-0.6889118006923983
5799	5799	-1.1389915724854685
5802	5802	-0.9227397237805423
5804	5804	-0.8353377040747163
5812	5812	-0.7030715456175427
5816	5816	-0.31664273533987697
5817	5817	0.6913685003727204
5819	5819	-0.9864434614937633
5821	5821	0.6053745997996212
5826	5826	0.7461902512183273
5831	5831	0.4865156743268089
5832	5832	0.8076504630387226
5835	5835	-0.8654995212396553
5836	5836	-0.681911092284637
5856	5856	0.5387887323394741
5860	5860	1.5211622408741876
5867	5867	1.729729347015877
5870	5870	0.35072302964535745
6008	6008	-0.8696079650166035
6010	6010	1.0861853490217988
6011	6011	-0.2224723187254159
6012	6012	1.3841845326304039
6013	6013	1.6907183205573775
6016	6016	-0.003789535910629273
6017	6017	-0.2197001106036664
6019	6019	0.5449510738812027
6020	6020	1.136852248796077
6021	6021	1.5505529478648084
6022	6022	1.7152705423767933
6024	6024	-0.8706094970954877
6025	6025	1.5160972075535344
6030	6030	1.5569629403402496
6034	6034	0.4016278401305194
6036	6036	0.6626621389225426
6038	6038	1.7232730549307458
6039	6039	-0.9696821948492221
6040	6040	-0.5386143211688473
6041	6041	0.9150800552978946
6042	6042	-0.9039848485298292
6043	6043	1.9242371208029458
6046	6046	2.109289876066487
6064	6064	1.9331796664531284
6069	6069	0.21776029801215555
6074	6074	2.792619977790907
6076	6076	0.7237471574957837
6077	6077	-0.604344418112685
6085	6085	1.0474162799519289
6086	6086	0.9794633327899135
6087	6087	-0.1702324943428663
6090	6090	-0.185615066984145
6091	6091	-0.9920057532552238
6092	6092	-0.014997682299548523
6093	6093	0.43777741597354475
6094	6094	-0.09038777225251256
6095	6095	-0.3296584627296937
6096	6096	-0.2739958332142457
6097	6097	-0.13155336820477637
6098	6098	-0.14088411752323346
6099	6099	0.17064560884583266
6100	6100	0.016105009902945923
6101	6101	-0.42528404564445726
6102	6102	-0.3731002269069419
6103	6103	-0.6713263043575892
6104	6104	-0.488223237829218
6106	6106	0.3560377809615454
6107	6107	-0.386999508294555
6108	6108	-0.9066990910169913
6109	6109	0.23212616115002588
6111	6111	-0.33331687424186907
6112	6112	-0.20413590358150208
6114	6114	0.5464906117874451
6115	6115	-0.029980036660941786
6116	6116	0.10929763639703054
6118	6118	-0.9443041389945365
6119	6119	-0.32729557211502763
6120	6120	0.3770771517218492
6121	6121	0.14454450797655374
6122	6122	-0.7030607501749782
6123	6123	-0.08006299614071444
6124	6124	-0.08933284751630924
6125	6125	-0.6088073999261084
6126	6126	-0.3600646823099134
6127	6127	-0.18749159807210625
6128	6128	-0.8056324167699588
6129	6129	-0.3991624540442509
6131	6131	-0.5086971648736303
6132	6132	-0.050652715049041175
6133	6133	-0.7033083807176432
6134	6134	-0.2562746727381923
6136	6136	-0.1348118893482167
6137	6137	-0.6776231202259038
6138	6138	0.1145622744052653
6140	6140	-1.088438270276407
6141	6141	0.47144259755911855
6142	6142	-0.7035560112603082
6143	6143	-0.8912429333635592
6144	6144	-0.979414991199596
6147	6147	0.6986176149351245
6151	6151	0.4734805865516237
6154	6154	-0.5509787929053243
6163	6163	2.312245265714462
6166	6166	-0.20105815241608663
6169	6169	1.507397200506859
6170	6170	0.31242904169755825
6171	6171	0.36525163172253833
6172	6172	1.824487360738008
6173	6173	1.5388443993737475
6174	6174	1.2475355917790434
6177	6177	2.0894291422040823
6180	6180	-0.996606666514108
6184	6184	1.43644421294119
6189	6189	-1.088349492786706
6191	6191	0.7729616871784278
6192	6192	-0.7007202551180994
6193	6193	-0.8759136099728138
6194	6194	0.6199485712228352
6195	6195	0.3928920595514538
6197	6197	-0.9979462697831477
6198	6198	-0.7049427422992329
6199	6199	0.48186193916547787
6200	6200	0.1464527680724788
6201	6201	0.45409406347697384
6202	6202	0.40344444508402183
6203	6203	0.684343883096645
6207	6207	-0.2361489227867964
6209	6209	0.9673009788894771
6210	6210	-0.4769451782443786
6212	6212	2.7555845960597556
6214	6214	2.602523497824078
6215	6215	2.840043406375766
6216	6216	1.4678502286176793
6217	6217	1.6661730591998105
6218	6218	2.2174010753758377
6220	6220	0.48333411400269
6221	6221	0.09920547948222345
6226	6226	1.5340421582219468
6237	6237	-0.0868106936034458
6241	6241	-0.6309128344180449
6242	6242	-0.42079337658183985
6243	6243	-1.0739736917057092
6244	6244	0.6767174166759722
6252	6252	-0.20045655389678338
6255	6255	0.1074062386614666
6258	6258	0.6992333041386236
6268	6268	-0.1708485523444022
6276	6276	0.2591398062141248
6284	6284	0.06464148418496314
6411	6411	0.27767515071818727
6412	6412	-1.0981833559627192
6413	6413	1.7950577112133193
6898	6898	-0.8436185081934062
6901	6901	1.5194297021512013
6903	6903	-0.6798865712083727
6905	6905	-0.24104737070631027
6906	6906	-0.6191097016532401
6907	6907	2.7007558523971222
6913	6913	-0.32161129807536704
6914	6914	0.8023943740560104
6916	6916	-0.8954241251948334
6917	6917	2.6530185173598855
6918	6918	1.8935639756083371
6919	6919	2.490549423315222
6921	6921	4.548447404233746
6922	6922	-0.7221662157320312
6930	6930	3.5411212008128907
6937	6937	3.142741233790599
6940	6940	-0.7229014418049622
6942	6942	-0.7233664546735195
6946	6946	-0.899427898688561
6951	6951	4.323878220975685
6956	6956	2.1726219960260917
6958	6958	-1.1036539284200657
6959	6959	-0.7221612997370881
6960	6960	-1.0362297379867083
6962	6962	1.0943812482711233
6964	6964	1.2034538410833115
6965	6965	-0.02772918133011563
6969	6969	4.027701757200751
6972	6972	-0.4418984539841604
6973	6973	-1.0277131887675528
6975	6975	-0.724158872410048
6976	6976	3.3864185187072264
6977	6977	0.036774994429754716
6979	6979	-0.7020975425620486
6980	6980	1.4482803249492842
6982	6982	-0.9013764788969733
6985	6985	-0.6862802726055746
6988	6988	0.9618665553277775
7033	7033	1.1114465513031129
7071	7071	0.9040746797771942
7081	7081	-0.5473233296735095
7092	7092	-1.0065781084455796
7192	7192	0.1773805947051258
7296	7296	-0.7921156686507759
7320	7320	-0.7204935688523764
7430	7430	-1.043320496804705
7508	7508	0.1951889127189638
7516	7516	-0.060202534464873704
7519	7519	1.572341505644969
7520	7520	-0.9154735629191196
7525	7525	2.8452310482549854
8213	8213	-0.6850955677890933
8214	8214	-0.5892812675460721
8218	8218	1.3456845421086114
8222	8222	-0.7032252082429782
8225	8225	-0.9453693301612387
8227	8227	0.2528690651631542
8230	8230	0.2341760121605087
8231	8231	1.37801510255602
8233	8233	0.8747064384065889
8236	8236	-0.7554098468943885
8237	8237	1.4132070056431316
8238	8238	-0.6513969645810469
8239	8239	-0.9395444379046594
8240	8240	-0.44260913009536484
8241	8241	2.0183799546877204
8242	8242	0.7391751056837311
8247	8247	-0.9600786190684885
8249	8249	2.183272458488913
8256	8256	1.794478351099136
8258	8258	0.4996234320635624
8259	8259	1.1973429483006257
8265	8265	0.4237682670359734
8266	8266	2.27143962535226
8271	8271	-0.7562517907394497
8275	8275	-0.9051602725942747
8283	8283	0.1300934431923039
8284	8284	-0.7565984734991811
8285	8285	-0.941331853206234
8290	8290	-0.94239261112568
8296	8296	0.6324301037424317
8300	8300	-0.9244554871940565
8304	8304	0.8817437403581286
8306	8306	0.03821164173184726
8307	8307	0.5563084504266205
8310	8310	1.4399222452922829
8311	8311	0.3446214506210586
8313	8313	-0.9419451584697933
8314	8314	-0.755044000224351
8323	8323	-0.7034005840982303
8325	8325	-0.9434411010493011
8326	8326	2.0967622814999154
8329	8329	-0.7576880478869078
8334	8334	-0.9414791366392264
8337	8337	-0.7062298935078417
8343	8343	-0.5823790957270207
8351	8351	-0.43985467439317555
8354	8354	-1.1336402204293599
8357	8357	-0.7576526559015097
8365	8365	-1.0707326485655033
8374	8374	-0.7588271483831674
8376	8376	1.1666542835918845
8378	8378	-0.8461531304976508
8386	8386	-1.2514027150075302
8387	8387	-0.8946211294411073
8388	8388	-0.9445315138179354
8389	8389	-0.9194284967344579
8395	8395	-0.8289985636373483
8412	8412	-0.8990118009398921
8420	8420	-0.7555648227584382
8422	8422	0.4023509501612296
8423	8423	0.40649722836687785
8426	8426	0.10092780138722986
8427	8427	0.03951674934227402
8430	8430	0.3612207096999196
9057	9057	-1.0710806548157357
9058	9058	0.7621321230954848
9302	9302	-0.9581212050619952
9308	9308	-0.7428918454016226
9309	9309	-0.6231567421575204
9321	9321	1.015854191976111
9323	9323	1.1235133880917818
9332	9332	-0.20301872417922065
9336	9336	0.9475545562923969
9339	9339	2.141204154223862
9342	9342	0.1446087508986987
9343	9343	0.6203242814239035
9344	9344	1.1645593310396511
9349	9349	-0.4279780431591484
9351	9351	0.6921738671061959
9352	9352	2.566412089952443
9353	9353	0.7252042343946478
9354	9354	0.3470994624740155
9355	9355	0.8341717841485093
9356	9356	-0.05308891481585065
9363	9363	1.0579705356695344
9367	9367	0.7507985660826534
9369	9369	1.03019062208211
9371	9371	2.9314170445742023
9378	9378	0.8135256676735627
9380	9380	-1.1115713752110679
9381	9381	0.18487038314865104
9382	9382	0.16043963525529034
9383	9383	1.2006430218331607
9384	9384	0.12672325795934838
9385	9385	0.08453627846868664
9386	9386	1.7294751400174313
9388	9388	1.6319805277967672
9390	9390	-0.9531369957440353
9391	9391	-1.1078578489190218
9392	9392	-0.8803815444277441
9399	9399	1.1209784684982285
9402	9402	0.5791666959222334
9404	9404	-0.5966066277576945
9405	9405	-0.30893191086441424
9407	9407	1.4657145513740275
9408	9408	1.5433120395777968
9409	9409	0.1992809291188493
9410	9410	0.34708587087685683
9411	9411	0.09231833320394973
9412	9412	0.4955339633672235
9413	9413	0.05978688506787172
9416	9416	0.7395387147488002
9418	9418	2.9685899940037808
9419	9419	0.08568503089079049
9421	9421	-0.2999038126943912
9427	9427	0.48938595698149706
9433	9433	-0.5184868034372255
9434	9434	0.22745044567115447
9436	9436	0.7613808277477478
9437	9437	0.7750691888335128
9442	9442	0.011340581185167908
9450	9450	-0.4110493426883692
9451	9451	0.6906779772441419
9452	9452	-0.5608481265275138
9453	9453	-0.20690480708855646
9454	9454	0.3960241071779464
9469	9469	0.2138804326245284
9470	9470	-0.0994977649979866
9471	9471	-1.1141862246314391
9472	9472	-0.7860169819677996
9476	9476	-0.6637639664413055
9481	9481	1.7541375376661603
9482	9482	-0.5174100796140907
9490	9490	-1.2144649310955469
9496	9496	-1.1091421322677046
9499	9499	-0.9501085230238214
9504	9504	-0.9740556689758023
100000	100000	-4.642223792960071
