1	1	3.849602420137325
2	2	3.207156041494835
4	4	0.24423403860309076
6	6	1.0234907363906764
7	7	-0.1974792496095795
8	8	0.5040104534234404
9	9	-0.7279188012386394
12	12	1.2065759272382117
23	23	2.3815424457174963
32	32	1.4495699208346056
45	45	0.08266210685328311
51	51	0.45570849464214436
60	60	-0.2802693281310216
62	62	2.106381972253174
66	66	0.10886230048305791
69	69	0.8108019462477906
74	74	0.14568482147224707
79	79	0.9872387461519183
80	80	2.675652043144932
81	81	2.9606924552280405
83	83	0.6985335947251555
84	84	1.0604513176872115
85	85	2.4983637905660014
86	86	1.4898897110556257
87	87	2.601417039188148
88	88	-0.006654630685580275
89	89	-0.613683772080496
91	91	1.8751193647287105
94	94	3.2671506741139935
96	96	-0.8862518299714833
104	104	2.0630281907780548
106	106	1.2960570396686355
116	116	-0.020117733477354932
121	121	0.14117435073321932
122	122	0.3295180449642963
126	126	0.5361269792135938
137	137	0.35795550145662663
146	146	-0.014657388743401903
148	148	1.949131463995438
149	149	0.2752196589332845
151	151	1.1764842249645593
153	153	1.5441812058649038
157	157	-0.6118068888131466
159	159	-0.5902130673965102
160	160	0.09450229684716958
163	163	-0.21851615229787866
165	165	1.287172570490415
166	166	0.33564823749114675
167	167	0.16418913578199137
169	169	-0.2476743313632822
170	170	2.5588911732430053
173	173	-0.297915659730642
174	174	-0.6828194667638653
175	175	0.7704181834857536
178	178	0.44022830546757646
179	179	-0.292662942705162
183	183	-0.3251848208437634
184	184	0.6156677214070467
185	185	-0.5661391427843665
187	187	0.887789305205218
188	188	0.2489333778969964
190	190	-0.49485015504658075
191	191	-0.30868399088753523
194	194	0.1156398602553433
196	196	-0.39378555724943765
198	198	-0.7884064968924935
200	200	0.30973392180649595
202	202	-0.20601088249693375
203	203	0.055298718621172714
204	204	-0.41712132604105157
205	205	0.773249153134007
206	206	0.5037550431846335
207	207	0.35821882104041736
208	208	-0.621583542866231
210	210	0.4551031636379435
212	212	-0.5729140057515466
213	213	-0.262920247441102
214	214	-0.09818157801950295
215	215	-0.28869365447824175
216	216	-0.46171248692425615
217	217	-0.5958099837401515
219	219	-0.3572017753251752
222	222	-0.24569144498617043
223	223	-0.47765048758130496
224	224	-0.3866924682730299
230	230	-0.45637568264936884
231	231	-0.4473909431759815
236	236	-0.4976945667377152
252	252	-0.4657874903438124
262	262	0.8163057394505094
263	263	0.10050650667928591
267	267	3.6288459278870793
269	269	0.55902313806247
273	273	-0.48155560384596635
282	282	-0.514782865145903
287	287	-0.4650699179437699
288	288	-0.18832290548032024
295	295	-0.45799908484545143
296	296	-0.4648588672378752
314	314	-0.6074458953390104
318	318	0.16570173576661645
320	320	-0.3502732050938183
321	321	-0.19678037861369688
323	323	-0.3036093450497029
326	326	-0.2942734626033229
327	327	-0.7175450952439504
328	328	-0.4904459597865139
332	332	-0.13897262232601543
334	334	-0.4289020165967987
338	338	-0.46397245427311673
339	339	-0.18574886011027725
340	340	-0.42960250048881227
341	341	0.030323930003362535
346	346	1.573015887606474
347	347	-0.2995647559592797
348	348	0.08165556624163388
349	349	-0.28550532339379836
355	355	-0.03788613836995925
357	357	1.5943767808271962
359	359	-0.4635503528613271
361	361	-0.13289314320691986
363	363	0.6323933126110001
364	364	1.0519772487169958
366	366	-0.38638943567606904
367	367	-0.29067824312884
368	368	-0.4202416328653506
369	369	-0.3529494702903785
371	371	-0.07282469900214147
372	372	-0.21841037551802553
374	374	-0.7657008654704415
375	375	-0.3719760619999934
377	377	0.412523292555298
378	378	0.16124998773411678
379	379	1.7448366441860566
380	380	-0.5580493269380754
383	383	2.104458358686556
385	385	0.2556385739438487
386	386	0.7462861676455669
387	387	-0.2020800334974407
389	389	-0.5667023567049974
390	390	1.7283565648656045
391	391	0.44637303361030795
392	392	-0.4628327804612847
393	393	-0.19437350979326815
396	396	-0.5924053425391952
397	397	-0.2800597998704356
466	466	-0.5397224730253865
992	992	-0.4501697381075948
996	996	-0.45008531782523675
998	998	-0.5885666577674341
1026	1026	-0.5877938234808785
1061	1061	-0.6936007549920583
1062	1062	-0.7784978892600899
1063	1063	-0.5868001793981639
1064	1064	-0.6758762373381886
1068	1068	-0.6933397812563432
1070	1070	0.6510090922511033
1072	1072	-0.5646014330953518
1073	1073	-0.3567066712441366
1075	1075	-0.5864689647039256
1158	1158	-0.40159526906607745
1163	1163	-0.34257993161795436
1166	1166	-0.417935708966459
1169	1169	-0.5662923086990607
1247	1247	-0.648959697422452
1254	1254	-0.6872721419009592
1256	1256	-0.7713939820321878
1257	1257	-0.649508245208942
1312	1312	-0.5667506440694028
1313	1313	-0.648190275796788
1317	1317	-0.621133836201501
1318	1318	-0.7950015645025825
1360	1360	-0.7849394271654369
1362	1362	-0.6737381912996917
1363	1363	-0.6837489964688005
1366	1366	-0.6124149302181463
1374	1374	-0.41903520213858714
1391	1391	-0.5715122437433783
1404	1404	-0.7470020623972224
1435	1435	-0.3667977242229019
1552	1552	-0.760555030797862
1585	1585	-0.6652715819608368
4632	4632	0.004512722484176123
4675	4675	-0.03800063175591163
4757	4757	-0.3707302524087791
4820	4820	0.32232648543480114
4827	4827	0.9636088671743972
4879	4879	-0.4179180435077364
4927	4927	0.8870166863046285
4935	4935	-0.36697354984385117
5106	5106	-0.4724315590234191
5141	5141	-0.6291693651601641
5145	5145	-0.45218577250422265
5146	5146	-0.36249927487888056
5175	5175	0.525286013085132
5282	5282	4.1157362311702625
5292	5292	-0.3377930434115343
5310	5310	-0.20251034642449994
5322	5322	-0.34050290907523384
5335	5335	-0.3585315216080577
5337	5337	0.7150861639507231
5350	5350	-0.1405322804997848
5364	5364	1.341061736110031
5373	5373	0.9211834252840975
5377	5377	0.6723182361965757
5394	5394	1.561017670243487
5398	5398	5.359705005718389
5444	5444	0.296651521850726
5450	5450	1.0206124772865315
5466	5466	1.1549488429103716
5536	5536	1.3088624088794327
5582	5582	0.6044458800457715
5645	5645	6.020261512593237
5678	5678	-0.35127137732527536
5708	5708	-0.24699376964954634
5709	5709	3.97813256265384
5710	5710	0.8225641807124165
5711	5711	0.6891605295873171
5713	5713	5.190469292314471
5715	5715	0.136401994694313
5716	5716	2.227322730673156
5717	5717	1.0274064520255128
5720	5720	1.6662635483104353
5721	5721	0.5779973228701455
5722	5722	-0.3503427542193381
5723	5723	0.4542776348753455
5724	5724	0.33216805282060374
5733	5733	0.7339868904948168
5735	5735	-0.45784725844143204
5737	5737	2.405981296603824
5738	5738	-0.4577368535433526
5741	5741	0.2402186439122165
5742	5742	-0.6071252819065702
5744	5744	0.36838640629378744
5746	5746	0.8360091426559754
5749	5749	1.1144815017373055
5751	5751	1.1447696294622938
5756	5756	-0.34962518181929564
5759	5759	-0.45306904724881725
5762	5762	-0.3494985513957588
5767	5767	0.7469450385792122
5769	5769	-0.43706413165949504
5770	5770	-0.23910044884034962
5772	5772	-0.5398872246556626
5774	5774	3.1819436793029268
5777	5777	-0.46862277739038183
5780	5780	2.1892306325070927
5781	5781	-0.43656884259559875
5782	5782	0.1949864787350333
5784	5784	-0.4995438394121776
5787	5787	-0.1638607251159764
5788	5788	0.8264757620098134
5789	5789	0.23869365898063813
5792	5792	0.48640447690152433
5793	5793	3.485210773974882
5795	5795	0.05782023903883267
5798	5798	0.13490280163100443
5799	5799	1.3770114513253624
5802	5802	0.0940644358695875
5804	5804	2.0452310767634105
5812	5812	0.6339607042303389
5816	5816	-0.5384518691092278
5817	5817	-0.604415544097989
5819	5819	-0.5383866256752988
5821	5821	-0.6532640177478256
5826	5826	-0.4466886636015593
5831	5831	-0.5379951650717258
5832	5832	-0.3480211964544951
5835	5835	-0.45508713598944706
5836	5836	-0.45503193354040755
5856	5856	-0.5371470004306507
5860	5860	-0.41814145534845854
5867	5867	-0.426642925640745
5870	5870	-0.34721920377209453
6008	6008	-0.4502845229229936
6010	6010	-0.007921899687003428
6011	6011	-0.5321232560181282
6012	6012	-0.4297298295558015
6013	6013	-0.45017411802491414
6016	6016	-0.34413786346603
6017	6017	-0.34413786346603
6019	6019	-0.3440956533248511
6020	6020	-0.531797038848484
6021	6021	-0.4499533082287554
6022	6022	-0.4104327419071605
6024	6024	-0.44984290333067595
6025	6025	-0.42812206753254206
6030	6030	-0.41156363397977264
6034	6034	-0.6494760147140307
6036	6036	-0.5198126092745408
6038	6038	-0.3035563383252792
6039	6039	-0.5312098479431242
6040	6040	-0.43661052410320855
6041	6041	-0.4494012837383584
6042	6042	-0.5310793610752665
6043	6043	-0.5310793610752665
6046	6046	-0.523694843537668
6064	6064	-0.41507448320202095
6069	6069	-0.4540020597097948
6074	6074	-0.4565626655176655
6076	6076	-0.3428715592306611
6077	6077	0.3566424721199649
6085	6085	-0.24323050069850027
6086	6086	-0.49148814805720337
6087	6087	-0.34266050852476615
6090	6090	-0.6044575325790222
6091	6091	0.30334907498603975
6092	6092	-0.5007198066054639
6093	6093	-0.34253387810122926
6094	6094	0.13924570124293575
6095	6095	-0.4964958290879102
6096	6096	-0.4331906215131188
6097	6097	-0.6491171854031892
6098	6098	-0.3575459280555432
6099	6099	-0.6469240355667627
6100	6100	-0.6608765423039326
6101	6101	-0.588355223734241
6102	6102	-0.7263725482453437
6103	6103	-0.5939427736486074
6104	6104	-0.4985794302305489
6106	6106	-0.48603236872637945
6107	6107	-0.6354279884782028
6108	6108	0.8206879061180322
6109	6109	-0.5150039924458132
6111	6111	-0.5973347250558508
6112	6112	-0.6815379901402373
6114	6114	-0.5303356073375599
6115	6115	-0.5935033567066752
6116	6116	-0.5760827685902101
6118	6118	-0.5933568843926976
6119	6119	-0.5286001105859698
6120	6120	-0.49470003366975557
6121	6121	-0.5580459969660618
6122	6122	-0.3419007259835447
6123	6123	-0.6397987826616909
6124	6124	-0.551138495748926
6125	6125	-0.6458872940381852
6126	6126	-0.623587971605754
6127	6127	-0.34859177646175116
6128	6128	-0.6895297255631747
6129	6129	-0.3913854331320642
6131	6131	0.042436783563209735
6132	6132	-0.5928442312937771
6133	6133	-0.34168967527765
6134	6134	-0.5280781631145389
6136	6136	-0.341605254995292
6137	6137	-0.5749463535993599
6138	6138	-0.4240955214675432
6140	6140	-0.5925512866658224
6141	6141	-0.5196922046053873
6142	6142	-0.34147862457175515
6143	6143	-0.5278171893788236
6144	6144	-0.5277519459448945
6147	6147	-0.5255678946794085
6151	6151	-0.5461676010085734
6154	6154	-0.5513186424374859
6163	6163	-0.4809487347144419
6166	6166	-0.5897907359495626
6169	6169	-0.30519231862462365
6170	6170	-0.5565188188316199
6171	6171	-0.5082364297279773
6172	6172	-0.5318559456830229
6173	6173	-0.3408454724540706
6174	6174	-0.47937496318161454
6177	6177	-0.23800675044710465
6180	6180	-0.5265775641341752
6184	6184	-0.3006083692339795
6189	6189	-0.5907936188980937
6191	6191	-0.5493347502658279
6192	6192	-0.34042337104228093
6193	6193	-0.4452058976113414
6194	6194	-0.5023362626539344
6195	6195	-0.5261208600966731
6197	6197	-0.5260556166627444
6198	6198	-0.34029674061874404
6199	6199	-0.6429365681491565
6200	6200	-0.575341269766384
6201	6201	-0.5259251297948865
6202	6202	-0.5075992229402055
6203	6203	-0.4449298853661431
6207	6207	-0.4448194804680635
6209	6209	-0.4447642780190238
6210	6210	-0.3400434797716702
6212	6212	-0.44679297797607903
6214	6214	-0.46036021379814007
6215	6215	-0.31169680833062846
6216	6216	-0.4647553791572378
6217	6217	-0.4704581789549749
6218	6218	-0.4216117817382295
6220	6220	-0.45928741712902466
6221	6221	-0.6005792108928515
6226	6226	-0.30663207483376054
6237	6237	-0.44399144373246807
6241	6241	-0.3394103276539857
6242	6242	-0.64118208248541
6243	6243	-0.5606683646831646
6244	6244	-0.6721565434980183
6252	6252	-0.44354982414015054
6255	6255	-0.48082755559874907
6258	6258	-0.5240330702109496
6268	6268	-0.4278027980564799
6276	6276	-0.29151838916704875
6284	6284	-0.6395073461700153
6411	6411	-0.4391888306660145
6412	6412	-0.5825911693153613
6413	6413	-0.5825911693153613
6898	6898	0.5744188725704237
6901	6901	-0.1610149686277604
6903	6903	-0.3254387709237477
6905	6905	7.118989346457893
6906	6906	-0.32535435064138973
6907	6907	-0.32535435064138973
6913	6913	-0.420150377496659
6914	6914	-0.5026332238822834
6916	6916	-0.41340698287963057
6917	6917	-0.2705533343725656
6918	6918	-0.3427865992160924
6919	6919	-0.325101089794316
6921	6921	-0.30109710691868397
6922	6922	-0.31538606563363786
6930	6930	-0.3248478289472422
6937	6937	-0.06217896095485333
6940	6940	-0.3111098524784865
6942	6942	-0.32459456810016846
6946	6946	-0.4243945743233758
6951	6951	-0.32442572753545257
6956	6956	-0.3242990971119156
6958	6958	-0.5625976984574507
6959	6959	-0.3242568869707366
6960	6960	1.6010716568911147
6962	6962	-0.3241724666883787
6964	6964	-0.03883052846466856
6965	6965	-0.4079108779535169
6969	6969	-0.10074877872137367
6972	6972	-0.3239614159824839
6973	6973	-0.5007411642983463
6975	6975	-0.3239192058413049
6976	6976	-0.10345539654892315
6977	6977	-0.3473021290332377
6979	6979	-0.32383478555894696
6980	6980	0.20824898132181074
6982	6982	-0.42340093024066117
6985	6985	-0.4070192095693623
6988	6988	-0.008192189999465947
7033	7033	0.6254162460654515
7071	7071	-0.6323769889884314
7081	7081	3.790609653874616
7092	7092	3.8478272823109627
7192	7192	-0.3193183004527974
7296	7296	-0.41473414574142886
7320	7320	1.3292192643418252
7430	7430	-0.48580041792863704
7508	7508	0.15150870777630762
7516	7516	-0.39472410107011824
7519	7519	-0.08672129467495691
7520	7520	-0.4085514714489827
7525	7525	-0.40844106655090334
8213	8213	-0.27898835545381656
8214	8214	-0.08806819655747976
8218	8218	-0.5292981306189692
8222	8222	-0.3750902256791793
8225	8225	2.8922920366539318
8227	8227	-0.43155703521477984
8230	8230	-0.12402304571641254
8231	8231	-0.2991891477199706
8233	8233	-0.1310861614814952
8236	8236	-0.2972846067573768
8237	8237	-0.4595073140553064
8238	8238	-0.29724239661619783
8239	8239	-0.1757198053114473
8240	8240	-0.45937682718744866
8241	8241	-0.45937682718744866
8242	8242	-0.20606121812919476
8247	8247	-0.44248289869077445
8249	8249	-0.3499603959174104
8256	8256	-0.48352132833956185
8258	8258	-0.31878105264486545
8259	8259	0.025780041410185823
8265	8265	-0.15900647445424015
8266	8266	-0.24976480725345399
8271	8271	-0.29656703435733445
8275	8275	-0.4425063071338973
8283	8283	-0.3875193383648582
8284	8284	-0.2962715633690816
8285	8285	-0.3874641359158185
8290	8290	-0.3872985285686994
8296	8296	-0.2960183025220079
8300	8300	-0.387022516323501
8304	8304	0.049573871404471254
8306	8306	-0.20941197838229522
8307	8307	-0.4572237938677963
8310	8310	-0.034948846774491206
8311	8311	-0.2824861867109436
8313	8313	-0.38669130162926274
8314	8314	-0.29563841125139717
8323	8323	0.5204385335257099
8325	8325	-0.38636008693502466
8326	8326	-0.2508816719056603
8329	8329	-0.29534294026314434
8334	8334	-0.38608407468982614
8337	8337	6.16149490015972
8343	8343	-0.46988120256071675
8351	8351	-0.38564245509750855
8354	8354	0.8060218677169521
8357	8357	-0.2947519982866388
8365	8365	-0.45533173428385926
8374	8374	-0.2943721070160282
8376	8376	-0.47522221782267654
8378	8378	-0.36939397684951514
8386	8386	-0.5227080195653393
8387	8387	-0.3846488110147941
8388	8388	-0.38459360856575436
8389	8389	-0.38459360856575436
8395	8395	-0.3720445435260854
8412	8412	-0.383931179177278
8420	8420	-0.29340127376891195
8422	8422	-0.5821739493826203
8423	8423	-0.1760641119486281
8426	8426	-0.547197028487325
8427	8427	-0.5088423592277569
8430	8430	-0.24114658301236333
9057	9057	-0.43275750614447356
9058	9058	-0.4326922627105447
9302	9302	-0.3593660893546129
9308	9308	1.6489423567716832
9309	9309	3.805486257160714
9321	9321	-0.22214262193404424
9323	9323	-0.3825047100029402
9332	9332	0.2291905349911239
9336	9336	-0.5244547411053582
9339	9339	-0.42592806471495986
9342	9342	-0.4749671530435283
9343	9343	-0.5142694689446764
9344	9344	-0.40478158414320353
9349	9349	-0.5373366524158953
9351	9351	-0.4748145245000667
9352	9352	-0.4231014779230021
9353	9353	-0.4231014779230021
9354	9354	-0.2736891378383344
9355	9355	-0.4230362344890733
9356	9356	-0.4645788888179318
9363	9363	-0.4227752607533578
9367	9367	-0.516613600359394
9369	9369	-0.42257953045157126
9371	9371	-0.37971602507093516
9378	9378	-0.4222533132819269
9380	9380	-0.42218806984799817
9381	9381	-0.20207526855043476
9382	9382	-0.4286702706164072
9383	9383	-0.33998259130451447
9384	9384	-0.41633709124849705
9385	9385	-0.46337281959959936
9386	9386	-0.3797319816210652
9388	9388	-0.47790392236998835
9390	9390	-0.4735425315592114
9391	9391	-0.42186185267835374
9392	9392	-0.16644582352136478
9399	9399	-0.49508003598575856
9402	9402	-0.3199969956642111
9404	9404	0.4589730664146068
9405	9405	-0.42140514864085177
9407	9407	-0.31958891607961537
9408	9408	-0.28408783971946094
9409	9409	-0.421274661772994
9410	9410	-0.3563851571064692
9411	9411	-0.4728101699893247
9412	9412	-0.4211441749051363
9413	9413	-0.3563299546574295
9416	9416	-0.4725904615183586
9418	9418	-0.32956764154375234
9419	9419	-0.2284911907079557
9421	9421	0.3678419970645584
9427	9427	-0.4050731085315846
9433	9433	-0.40344823145283587
9434	9434	-0.5487618653878767
9436	9436	-0.2708273507274315
9437	9437	-0.28256655449003915
9442	9442	-0.34490230778609166
9450	9450	-0.49893372031912386
9451	9451	-0.3911954962586934
9452	9452	-0.4712722106925622
9453	9453	-0.271620840920565
9454	9454	-0.3551707032275959
9469	9469	-0.27128315979113327
9470	9470	-0.5035391934188775
9471	9471	-0.4192521153211992
9472	9472	-0.2711987395087754
9476	9476	-0.3222993537526232
9481	9481	-0.35445307139007975
9482	9482	-0.4543121835449626
9490	9490	1.2410637383668661
9496	9496	1.2210576132702966
9499	9499	1.6761628789480914
9504	9504	0.17708599291195887
100000	100000	2.8444215608130983
