1	1	-0.13415905010052578
2	2	-0.1827779961459925
4	4	0.8816494562468823
6	6	-0.2261498760798794
7	7	-0.2261498760798794
8	8	-0.22617442181899347
9	9	-0.22617442181899347
12	12	-0.20685433804729247
23	23	-0.19439092020236667
32	32	0.5079185223620745
45	45	-0.18619895416910154
51	51	-0.20728077674194262
60	60	-0.17707141640788024
62	62	-0.1960307584941702
66	66	-0.2579396409911299
69	69	-0.2503530486719981
74	74	0.11069470994435554
79	79	0.05265560740044654
80	80	-0.20761743886929787
81	81	-0.14844089839043859
83	83	0.05371241909163801
84	84	-0.2406260285774785
85	85	0.12780107538066804
86	86	-0.20768477129476895
87	87	-0.041554025145195045
88	88	-0.24067804229403372
89	89	-0.20770721543659268
91	91	-0.18381726942379403
94	94	-0.20777454786206376
96	96	-0.25073219065618274
104	104	-0.2508405169373783
106	106	-0.17751215919441288
116	116	-0.17760797284365917
121	121	-0.21348913210235632
122	122	-0.22757352894848817
126	126	-0.25113841421066624
137	137	-0.22774534912228558
146	146	-0.17789541379139784
148	148	-0.2083805396913033
149	149	-0.2083805396913033
151	151	-0.22791716929608324
153	153	-0.20842542797495064
157	157	-0.208470316258598
159	159	-0.2084927604004217
160	160	-0.17802955290034256
163	163	-0.22806444373076706
165	165	-0.1580275968334637
166	166	-0.24169230976686004
167	167	-0.24169230976686004
169	169	-0.17810620381973952
170	170	-0.17812536654958877
173	173	-0.178144529279438
174	174	-0.2282117181654506
175	175	-0.16429688930979275
178	178	-0.25184253503843745
179	179	-0.17820201746898576
183	183	-0.23741168224267228
184	184	-0.2087845342441296
185	185	-0.24192637149135857
187	187	-0.22835899260013423
188	188	-0.22838353833924815
190	190	-0.20885186666960076
191	191	-0.22840808407836216
194	194	-0.2520591876008284
196	196	-0.21434688038924168
198	198	-0.24210841949930198
200	200	-0.20896408737871922
202	202	-0.2285553585130458
203	203	-0.17843197022717666
204	204	-0.17845113295702594
205	205	-0.1540110593311937
206	206	-0.10681340413747396
207	207	-0.20903141980419015
208	208	-0.2522487585929207
210	210	0.3843579886555015
212	212	-0.2286780872086155
213	213	-0.20909875222966123
214	214	-0.17854694660627216
215	215	-0.17854694660627216
216	216	-0.2091436405133087
217	217	-0.18097258510156117
219	219	-0.2091660846551323
222	222	-0.22880081590418522
223	223	-0.22880081590418522
224	224	-0.1365788037919679
230	230	-0.17870024844506613
231	231	-0.13538900959450015
236	236	-0.20936808193154544
252	252	0.1659603789499852
262	262	-0.04839058110650055
263	263	-0.17900685212265405
267	267	-0.20970474405890088
269	269	0.062317033371883365
273	273	-0.20977207648437185
282	282	-0.20988429719349028
287	287	-0.17923680488084498
288	288	-0.17925596761069423
295	295	-0.17931345580024197
296	296	-0.17933261853009125
314	314	0.04170413907034647
318	318	-0.21028829174631677
320	320	-0.17956257128828218
321	321	-0.15638092124965813
323	323	-0.21033318002996415
326	326	-0.17962005947782989
327	327	-0.23007719433811016
328	328	-0.21040051245543523
332	332	-0.21044540073908258
334	334	-0.24387688586217887
338	338	-0.0944630816266139
339	339	-0.17973503585692543
340	340	0.40486174039474293
341	341	-0.17975419858677458
346	346	-0.14976815051104628
347	347	-0.1798116867763223
348	348	-0.21982459931911957
349	349	-0.17983084950617156
355	355	-0.2138421123229958
357	357	-0.18234877812617262
359	359	-0.1799266631554178
361	361	-0.17994582588526703
363	363	-0.1799649886151163
364	364	-0.21312267464573506
366	366	-0.18000331407481482
367	367	-0.23056810912038905
368	368	0.9352378612473128
369	369	-0.21084939529190902
371	371	0.037048371099824146
372	372	-0.24437101616945325
374	374	-0.2544965289277285
375	375	-0.21091672771737996
377	377	-0.24442302988600845
378	378	-0.23071538355507257
379	379	-0.23071538355507257
380	380	-0.21098406014285104
383	383	-0.2307644750333004
385	385	-0.18017577864345802
386	386	-0.2308135665115284
387	387	-0.25465901834952187
389	389	-0.24457907103567395
390	390	0.1107024433529432
391	391	-0.21109628085196955
392	392	-0.05708193402204813
393	393	-0.18025242956285495
396	396	-0.2111636132774406
397	397	0.16987857303770723
466	466	-0.21194915824126975
992	992	-0.18600124851762853
996	996	-0.18603957397732707
998	998	-0.21791929996637086
1026	1026	-0.21823351795190252
1061	1061	-0.2390854805929266
1062	1062	-0.2533433822752264
1063	1063	-0.2186375125047289
1064	1064	-0.23913457207115457
1068	1068	-0.23918366354938256
1070	1070	-0.18674859498174917
1072	1072	-0.21874973321384739
1073	1073	-0.18676775771159837
1075	1075	-0.21877217735567095
1158	1158	-0.18759175509511583
1163	1163	-0.18763008055481437
1166	1166	-0.18766840601451285
1169	1169	-0.21982705202138442
1247	1247	-0.24136823433052332
1254	1254	-0.24146641728697896
1256	1256	-0.25586604752815373
1257	1257	-0.24149096302609296
1312	1312	-0.22144303023269002
1313	1313	-0.24217824372128338
1317	1317	-0.24222733519951137
1318	1318	-0.2672790301088057
1360	1360	-0.267847743085082
1362	1362	0.4267418427726962
1363	1363	-0.2427918871991318
1366	1366	-0.1096457310795628
1374	1374	-0.0020533592141505777
1391	1391	-0.2309411031859036
1404	1404	-0.2577905550406965
1435	1435	6.574016165671954
1552	1552	-0.25971506255323895
1585	1585	-0.24551646424077944
4632	4632	-0.31215319209406867
4675	4675	-0.21709862881540903
4757	4757	-0.22206550609390788
4820	4820	-0.2608100549914397
4827	4827	-0.31478010441306153
4879	4879	2.1540384998328417
4927	4927	-0.26199959450809507
4935	4935	-0.22377098905049075
5106	5106	6.492642332936115
5141	5141	-0.30637136630325873
5145	5145	-0.26444600596687723
5146	5146	-0.22580223841451072
5175	5175	-0.26478266809423245
5282	5282	-0.2909015358624575
5292	5292	-0.2272011176935056
5310	5310	-0.2663088697382433
5322	5322	-0.22748855864124426
5335	5335	-0.2276035350203397
5337	5337	-0.2382157686100409
5350	5350	-0.2667577525747172
5364	5364	-0.29190791116612913
5373	5373	-0.2670046381347776
5377	5377	-0.26704952641842505
5394	5394	-0.22817841691581714
5398	5398	-0.22821674237551567
5444	5444	-0.234544897238524
5450	5450	-0.26787995966590145
5466	5466	-0.3106104842025081
5536	5536	-0.2295389707351135
5582	5582	-0.22997971352164617
5645	5645	-0.29534431464208094
5678	5678	-0.23089952455440987
5708	5708	-0.2707752539611574
5709	5709	-0.22781906571015895
5710	5710	-0.22548155903402875
5711	5711	1.1250334053241717
5713	5713	-0.19486432543080676
5715	5715	-0.32680432162576895
5716	5716	-0.2708650305284521
5717	5717	-0.1645442854637401
5720	5720	-0.2709099188120994
5721	5721	1.3310305585017628
5722	5722	-0.23132110461109326
5723	5723	-0.28085414706930223
5724	5724	-0.22611205733797318
5733	5733	-0.23141691826033953
5735	5735	-0.2710670278048653
5737	5737	-0.05604189315168735
5738	5738	-0.22107409237653194
5741	5741	-0.20557452567029041
5742	5742	-0.3141994306448171
5744	5744	-0.23153189463943505
5746	5746	-0.2965961473368919
5749	5749	0.37110364890441816
5751	5751	-0.2207216925294939
5756	5756	-0.2316468710185305
5759	5759	-0.2713363575067495
5762	5762	-0.2317043592080782
5767	5767	-0.2968416047280313
5769	5769	-0.27144857821586804
5770	5770	-0.18265537015891883
5772	5772	0.6435374709895738
5774	5774	-0.271515910641339
5777	5777	-0.2969643334236012
5780	5780	-0.18146621455620798
5781	5781	-0.27158324306681014
5782	5782	-0.23189598650657064
5784	5784	-0.2970625163800568
5787	5787	0.8972685842921025
5788	5788	-0.29711160785828455
5789	5789	-0.23195347469611835
5792	5792	0.5813062084629251
5793	5793	-0.14549436473114136
5795	5795	-0.2717403520595759
5798	5798	-0.23204928834536456
5799	5799	-0.3279417475783226
5802	5802	-0.2972834280320823
5804	5804	-0.27185257276869434
5812	5812	-0.2719423493359892
5816	5816	-0.2957412708723902
5817	5817	-0.04761210969128828
5819	5819	-0.297479793944994
5821	5821	-0.32823964485161017
5826	5826	-0.27209945832875493
5831	5831	-0.2976270683796774
5832	5832	-0.2323750547528018
5835	5835	4.477258769706744
5836	5836	4.15956874149179
5856	5856	0.46849588972552736
5860	5860	-0.2724810087397576
5867	5867	-0.27254834116522875
5870	5870	-0.2327391466199375
6008	6008	-0.27414187523471056
6010	6010	-0.14918579381943037
6011	6011	-0.29983618489993213
6012	6012	-0.274186763518358
6013	6013	0.14070550592849157
6016	6016	-0.23413802589893237
6017	6017	-0.23413802589893237
6019	6019	-0.23415718862878157
6020	6020	-0.26857452289131134
6021	6021	-0.2742765400856527
6022	6022	-0.27429898422747645
6024	6024	7.407222126157869
6025	6025	-0.27432142836930024
6030	6030	-0.2743887607947711
6034	6034	-0.3311373728735918
6036	6036	-0.3001552795084133
6038	6038	-0.23434881592727402
6039	6039	3.8373294417174493
6040	6040	6.590693773032102
6041	6041	-0.2745009815038896
6042	6042	0.5435418560985084
6043	6043	-0.3002289167257553
6046	6046	-0.3181524731030127
6064	6064	-0.30049891985600846
6069	6069	-0.3184385485440664
6074	6074	-0.31851656911889925
6076	6076	0.41597920341600453
6077	6077	0.8611672671134151
6085	6085	-0.23478955871380663
6086	6086	-0.10178181486935134
6087	6087	-0.23480872144365586
6090	6090	1.9106838335603422
6091	6091	1.3885363884298045
6092	6092	-0.31875063084339766
6093	6093	-0.23486620963320368
6094	6094	-0.3187766377016753
6095	6095	-0.3008671059427177
6096	6096	-0.27512941747495295
6097	6097	-0.34207399174494413
6098	6098	-0.3009161974209456
6099	6099	-0.33200398312315643
6100	6100	-0.34212980225954004
6101	6101	-0.3188546582765079
6102	6102	-0.3456025810074675
6103	6103	3.114827749596904
6104	6104	4.743433714471631
6106	6106	-0.3010143803774015
6107	6107	-0.33211230940435177
6108	6108	-0.33213939097465084
6109	6109	-0.33146308358335774
6111	6111	-0.3321664725449497
6112	6112	-0.3422972338033288
6114	6114	-0.3190367062844513
6115	6115	-0.3190367062844513
6116	6116	-0.3190627131427289
6118	6118	3.2815057545613526
6119	6119	-0.3011616548120851
6120	6120	-0.301186200551199
6121	6121	-0.31911472685928394
6122	6122	1.5517756872465058
6123	6123	-0.332328961966743
6124	6124	-0.33235604353704196
6125	6125	1.817954516376689
6126	6126	-0.33238312510734097
6127	6127	-0.2754660796023083
6128	6128	0.07804190448423481
6129	6129	0.9288357785179399
6131	6131	1.3298879862680562
6132	6132	-0.3015763330046634
6133	6133	0.1459535316015164
6134	6134	-0.3013580207249967
6136	6136	6.950021498588609
6137	6137	2.1600328621252713
6138	6138	-0.2756007444532503
6140	6140	2.263287516371308
6141	6141	-0.30143165794233845
6142	6142	1.4592603036554848
6143	6143	3.5246188888633596
6144	6144	3.413110374883547
6147	6147	-0.31945281601689285
6151	6151	-0.3195048297334482
6154	6154	-0.31955684345000324
6163	6163	-0.3196608708831137
6166	6166	-0.3197128845996689
6169	6169	-0.31973889145794665
6170	6170	-0.31976489831622407
6171	6171	-0.3017998440290474
6172	6172	-0.31979090517450187
6173	6173	-0.23563271882717346
6174	6174	-0.3018489355072753
6177	6177	-0.23567104428687194
6180	6180	1.3915273742645595
6184	6184	-0.31994694632416715
6189	6189	-0.22476550186837338
6191	6191	-0.3200249668990003
6192	6192	-0.14874697788677405
6193	6193	-0.27620673628249004
6194	6194	-0.33330389849750325
6195	6195	-0.3020943928984148
6197	6197	-0.2788818345926273
6198	6198	-0.23588183431521367
6199	6199	-0.333358061638101
6200	6200	-0.32015500119038837
6201	6201	-0.22157480056488743
6202	6202	-0.3021925758548707
6203	6203	-0.27631895699160847
6207	6207	-0.2763638452752558
6209	6209	-0.2763862894170795
6210	6210	-0.2359968106943091
6212	6212	-0.33354763263019294
6214	6214	-0.3023398502895541
6215	6215	-0.23603513615400765
6216	6216	-0.32036305605660903
6217	6217	-0.30236439602866816
6218	6218	-0.2764985101261979
6220	6220	-0.30241348750689595
6221	6221	-0.3336559589113889
6226	6226	-0.27658828669349267
6237	6237	-0.2767005074026111
6241	6241	-0.23628425164204772
6242	6242	-0.3339538561846764
6243	6243	-0.308956291886657
6244	6244	-0.3441389807850046
6252	6252	-0.27688006053720066
6255	6255	-0.32085718636388355
6258	6258	-0.302879856550061
6268	6268	-0.27705961367179005
6276	6276	-0.23662918077933415
6284	6284	-0.3108544291339109
6411	6411	-0.2786531477412721
6412	6412	0.6934166174495898
6413	6413	-0.3229117281678143
6898	6898	-0.17725532183711903
6901	6901	-0.24260795249229875
6903	6903	-0.14901109078896932
6905	6905	-0.33321294046728916
6906	6906	-0.18528139984184258
6907	6907	-0.2426654406818464
6913	6913	-0.2842866273390179
6914	6914	-0.20820072838910114
6916	6916	1.6494546563608918
6917	6917	-0.2427612543310926
6918	6918	-0.3109799504576617
6919	6919	-0.24278041706094186
6921	6921	-0.24279957979079117
6922	6922	-0.2428187425206404
6930	6930	-0.060149817291862875
6937	6937	0.10983970072013215
6940	6940	4.819344382145839
6942	6942	-0.24301036981913288
6946	6946	-0.2846681777500205
6951	6951	-0.2430870207385298
6956	6956	-0.1900682985698257
6958	6958	-0.32442776478291846
6959	6959	-0.1878793130933262
6960	6960	-0.28350295957307114
6962	6962	-0.24320199711762525
6964	6964	-0.23211040642066827
6965	6965	-0.28487017502643386
6969	6969	-0.243259485307173
6972	6972	-0.24329781076687157
6973	6973	-0.3116426854137382
6975	6975	-0.24331697349672077
6976	6976	-0.24333613622657002
6977	6977	-0.26716364267625936
6979	6979	-0.23324255601390131
6980	6980	-0.24337446168626847
6982	6982	3.3320036828267208
6985	6985	-0.2850946164446706
6988	6988	-0.2434511126056655
7033	7033	-0.24387269266234884
7071	7071	-0.3556638520491255
7081	7081	-0.2443325981787307
7092	7092	-0.3454635235617053
7192	7192	-0.2454057110502885
7296	7296	-0.2253671052372013
7320	7320	-0.2888652322710503
7430	7430	-0.31726365967083064
7508	7508	-0.3182209434962744
7516	7516	-0.29106475816977173
7519	7519	-0.24852923601571542
7520	7520	-0.2911096464534192
7525	7525	-0.2911545347370666
8213	8213	0.5516882666880293
8214	8214	-0.1551357202670803
8218	8218	-0.33095238487783973
8222	8222	0.06977856040530607
8225	8225	0.28440048466275597
8227	8227	-0.32703286383817964
8230	8230	-0.34655196234215513
8231	8231	-0.37184890128203163
8233	8233	-0.25537033057189595
8236	8236	-0.25540865603159446
8237	8237	-0.32715559253374904
8238	8238	-0.2554278187614437
8239	8239	-0.29916709336812336
8240	8240	-0.18479283249846493
8241	8241	-0.32720468401197716
8242	8242	-0.34743954338492516
8247	8247	7.23184576835517
8249	8249	-0.3273028669684327
8256	8256	-0.37490280836471507
8258	8258	-0.3722395748842053
8259	8259	-0.38092905371732283
8265	8265	-0.2994588672118313
8266	8266	-0.2556960969793331
8271	8271	2.703375979707548
8275	8275	0.7899227546994368
8283	8283	-0.2996608644882446
8284	8284	0.06303740553425013
8285	8285	-0.27234947678213667
8290	8290	-0.29975064105553934
8296	8296	-0.25598353792707185
8300	8300	-0.2594185116240218
8304	8304	-0.29990775004830506
8306	8306	-0.29993019419012873
8307	8307	-0.3280146934027369
8310	8310	-0.2999750824737761
8311	8311	-0.27301748188516733
8313	8313	-0.2174440145984646
8314	8314	-0.256156002495715
8323	8323	-0.23616527107618157
8325	8325	-0.2724245167648169
8326	8326	-0.36217285243612146
8329	8329	0.025104341490008918
8334	8334	-0.3002444121756604
8337	8337	-0.24056776877455596
8343	8343	0.5787625775709979
8351	8351	1.2833223674170589
8354	8354	-0.34816438755536644
8357	8357	0.25439327572648396
8365	8365	-0.3026404023972546
8374	8374	0.8227478081989599
8376	8376	-0.36284989169359355
8378	8378	-0.16476979700578379
8386	8386	-0.3629852995450882
8387	8387	-0.30082795986307626
8388	8388	-0.20110203423649953
8389	8389	-0.3008504040048999
8395	8395	0.00342050695228157
8412	8412	-0.3011197337067842
8420	8420	0.20491937075239072
8422	8422	-0.3745278059826506
8423	8423	-0.34904862073680487
8426	8426	-0.2539847681262004
8427	8427	-0.34910063445336026
8430	8430	-0.2572674408269712
9057	9057	-0.3112188779479231
9058	9058	-0.33724389130957916
9302	9302	-0.31110737681832573
9308	9308	-0.2562511447778398
9309	9309	-0.1999884035325577
9321	9321	-0.31130937409473897
9323	9323	-0.3404839288726194
9332	9332	-0.31144403894568107
9336	9336	-0.3872805085678887
9339	9339	-0.3609597618279471
9342	9342	-0.37593029014795853
9343	9343	-0.38736422433978307
9344	9344	-0.3407539320028728
9349	9349	-0.38744794011167727
9351	9351	-0.3760386164291538
9352	9352	-0.34085211495932866
9353	9353	-0.34085211495932866
9354	9354	-0.2661206220173225
9355	9355	-0.3408766606984425
9356	9356	-0.3611938235524455
9363	9363	-0.3409748436548982
9367	9367	-0.3762552689915451
9369	9369	-0.3410484808722402
9371	9371	-0.34107302661135414
9378	9378	-0.34117120956780983
9380	9380	5.793557505976771
9381	9381	-0.3615059058517768
9382	9382	-0.3969779030958553
9383	9383	-0.3764719215539361
9384	9384	0.2720020162845548
9385	9385	-0.361557919568332
9386	9386	-0.37652608469453414
9388	9388	-0.376553166264833
9390	9390	0.27896535129814676
9391	9391	-0.3413184840024934
9392	9392	-0.3121173632003916
9399	9399	-0.3766885741163276
9402	9402	-0.36179198129283063
9404	9404	-0.376769818827224
9405	9405	-0.3414903041762912
9407	9407	-0.31227447219315757
9408	9408	-0.3618700018676632
9409	9409	-0.34153939565451896
9410	9410	-0.3123193604768049
9411	9411	-0.3618960087259409
9412	9412	-0.341588487132747
9413	9413	-0.31234180461862854
9416	9416	-0.36197402930077355
9418	9418	1.5288929958645907
9419	9419	-0.3426120329172334
9421	9421	-0.3769864713896151
9427	9427	-0.34176030730654433
9433	9433	-0.36218208416699454
9434	9434	-0.3886478661754963
9436	9436	-0.36223409788354977
9437	9437	-0.3418830360021142
9442	9442	-0.3126784667459839
9450	9450	-0.37739269494409855
9451	9451	-0.3420548561759117
9452	9452	-0.3624421527497704
9453	9453	-0.26705959577993543
9454	9454	-0.31281313159692586
9469	9469	-0.2672128976187294
9470	9470	-0.3891501608068622
9471	9471	2.819181423718822
9472	9472	4.405500211477584
9476	9476	-0.3423739507843931
9481	9481	-0.31310490544063396
9482	9482	-0.204450215795785
9490	9490	-0.36293628305704523
9496	9496	-0.3426194081755323
9499	9499	-0.31330690271704703
9504	9504	-0.30584960408441364
100000	100000	-1.0919986738439809
