5837	5837	0.6336842471515483
6009	6009	1.1210867179608843
6043	6043	1.1210867179608843
6046	6046	1.1210867179608843
6897	6897	-1.4979345167951672
6898	6898	1.1210867179608843
6899	6899	1.1210867179608843
6901	6901	1.1210867179608843
6903	6903	0.4597838561849813
6904	6904	-1.497934516795167
6905	6905	1.1210867179608843
6906	6906	0.8027315917701123
6907	6907	-0.489194917037761
6908	6908	-0.33247006732872425
6909	6909	1.1210867179608843
6910	6910	-0.8720617742830439
6911	6911	-1.484839410621387
6913	6913	1.1210867179608843
6914	6914	0.44010453062702426
6915	6915	1.092617957139086
6916	6916	0.562143063102952
6917	6917	1.1210867179608843
6918	6918	1.1210867179608843
6919	6919	-1.4979345167951679
6920	6920	0.09429420483230488
6921	6921	0.22770976555201303
6922	6922	0.178451214168721
6923	6923	-1.4782918575344968
6924	6924	-1.4321381558250081
6926	6926	-1.4541850765791846
6927	6927	0.9381768939467563
6928	6928	0.39752710241359523
6929	6929	-0.2826615214861336
6930	6930	-1.4979345167951672
6931	6931	-1.4979345167951672
6932	6932	1.1210867179608843
6933	6933	-1.2997178231745075
6936	6936	-0.9336035352573416
6937	6937	0.9901356562230818
6939	6939	0.4388054960945853
6940	6940	0.19673983945102258
6942	6942	-0.10385046570439903
6943	6943	-0.8159806725832127
6944	6944	-1.262552340440578
6945	6945	-0.14018414729416964
6946	6946	-0.5004881366020293
6951	6951	1.055611187091983
6956	6956	0.7937090636163778
6958	6958	-1.484839410621387
6959	6959	0.5448941892508489
6960	6960	-0.0337209341013362
6961	6961	-0.4070755062219851
6962	6962	0.5438884850967023
6963	6963	-1.4979345167951672
6964	6964	1.1210867179608843
6965	6965	1.067271069629117
6966	6966	-1.4128163266655955
6967	6967	0.9639454438755212
6968	6968	1.1210867179608843
6969	6969	1.1210867179608843
6970	6970	-1.150186115286728
6971	6971	-1.2687701587540126
6973	6973	-1.3764336693787347
6974	6974	-0.6814153615414468
6975	6975	-0.5812770846305492
6976	6976	-1.1277044370075822
6977	6977	-1.0905143354740463
6978	6978	0.04122497755244304
6979	6979	-0.9750783555309386
6980	6980	-0.5710445686663571
6981	6981	0.6496628957047951
6982	6982	-1.4979345167951672
6983	6983	1.1210867179608843
6984	6984	0.910095748267702
6985	6985	1.1210867179608843
6988	6988	-1.4979345167951672
7000	7000	0.2917291206143896
7275	7275	0.9966832093099719
7418	7418	-0.5992330942160367
7438	7438	0.6572082958821273
7514	7514	-0.4641675501184323
7515	7515	1.1210867179608843
7516	7516	0.046515400446650215
7517	7517	1.0883489525264336
7518	7518	-1.2447623768013742
7519	7519	-0.26289838724866454
7520	7520	1.1210867179608843
7521	7521	1.1210867179608843
7522	7522	-1.4979345167951672
7523	7523	0.4994934561463525
7524	7524	1.055611187091983
7525	7525	-0.6709288005174836
7526	7526	0.655482360888423
8213	8213	-1.4979345167951672
8214	8214	0.8085143906564537
8215	8215	-1.045372885471791
8254	8254	-1.2954281282941005
8264	8264	-0.21975001240605857
8265	8265	0.7014907069193824
8270	8270	-0.5812718465880796
8274	8274	0.3737751988355928
8296	8296	-1.4223859683552704
8297	8297	1.1210867179608843
8314	8314	-0.5982142949557165
8329	8329	1.1210867179608843
8354	8354	1.1210867179608843
8387	8387	0.8501542092678401
8388	8388	1.0359685278313127
8412	8412	1.055611187091983
8424	8424	-1.4979345167951676
