5837	5837	0.7767134986788717
6008	6008	-0.8369644614768957
6009	6009	-0.8369644614768957
6016	6016	-0.5295972309710353
6040	6040	-1.2980153072356864
6042	6042	-1.1443316919827562
6043	6043	0.23882084529361583
6046	6046	-0.22223000046517458
6064	6064	-0.8369644614768957
6074	6074	-0.7601226538504305
6243	6243	-0.6064390385975001
6709	6709	-1.1443316919827562
6897	6897	0.08513723004068581
6898	6898	0.5461880757994766
6899	6899	-0.06854638521224456
6900	6900	-0.6832808462239653
6901	6901	-0.45275542334457014
6903	6903	0.08513723004068581
6904	6904	0.699871691052407
6905	6905	0.8535553063053366
6906	6906	1.0072389215582669
6907	6907	0.5461880757994766
6908	6908	0.5461880757994766
6909	6909	0.7767134986788717
6910	6910	0.7767134986788717
6911	6911	1.9293406130758486
6913	6913	0.6230298834259415
6914	6914	1.1609225368111973
6915	6915	1.1609225368111973
6916	6916	-0.14538819283870974
6917	6917	0.08513723004068581
6918	6918	0.7767134986788717
6919	6919	0.315662652920081
6920	6920	1.9293406130758486
6921	6921	1.0072389215582669
6922	6922	0.161979037667151
6923	6923	0.161979037667151
6924	6924	0.3925044605465462
6926	6926	0.5461880757994766
6927	6927	0.08513723004068581
6928	6928	0.5461880757994766
6929	6929	2.313549651208174
6930	6930	0.315662652920081
6931	6931	0.3925044605465462
6932	6932	0.8535553063053366
6933	6933	1.1609225368111973
6936	6936	1.9293406130758486
6937	6937	0.46934626817301106
6939	6939	0.3925044605465462
6940	6940	0.008295422414220628
6942	6942	0.5461880757994766
6943	6943	0.08513723004068581
6944	6944	0.08513723004068581
6945	6945	0.3925044605465462
6946	6946	-0.22223000046517458
6951	6951	1.5451315749435228
6956	6956	-0.29907180809163975
6957	6957	-1.5285407301150817
6958	6958	2.313549651208174
6959	6959	0.7767134986788717
6960	6960	0.7767134986788717
6961	6961	1.6988151901964532
6962	6962	0.5461880757994766
6963	6963	6.232481840157894
6964	6964	0.5461880757994766
6965	6965	0.23882084529361583
6966	6966	0.7767134986788717
6967	6967	-0.06854638521224456
6968	6968	0.6230298834259415
6969	6969	0.699871691052407
6970	6970	1.9293406130758486
6971	6971	2.2367078435817094
6972	6972	0.9303971139318021
6973	6973	-0.22223000046517458
6974	6974	0.6230298834259415
6975	6975	0.8535553063053366
6976	6976	1.3914479596905927
6977	6977	1.1609225368111973
6978	6978	1.7756569978229182
6979	6979	0.315662652920081
6980	6980	1.468289767317058
6981	6981	0.9303971139318021
6982	6982	0.161979037667151
6983	6983	0.699871691052407
6984	6984	-0.22223000046517458
6985	6985	-0.22223000046517458
6988	6988	-0.22223000046517458
7033	7033	-0.8369644614768957
7081	7081	-0.7601226538504305
7296	7296	-1.067489884356291
7323	7323	-0.6064390385975001
7438	7438	0.699871691052407
7514	7514	0.699871691052407
7515	7515	-0.22223000046517458
7516	7516	1.1609225368111973
7517	7517	1.3914479596905927
7518	7518	1.3146061520641277
7519	7519	0.6230298834259415
7520	7520	1.0072389215582669
7521	7521	1.1609225368111973
7522	7522	-0.06854638521224456
7523	7523	-0.29907180809163975
7524	7524	-0.6064390385975001
7525	7525	-0.37591361571810494
7526	7526	0.008295422414220628
8213	8213	1.1609225368111973
8214	8214	0.008295422414220628
8215	8215	0.3925044605465462
8222	8222	-0.37591361571810494
8230	8230	-1.1443316919827562
8231	8231	-1.1443316919827562
8233	8233	-0.7601226538504305
8235	8235	-0.6064390385975001
8236	8236	-1.1443316919827562
8237	8237	-2.1432751911268024
8239	8239	-0.6064390385975001
8240	8240	-0.9138062691033609
8241	8241	0.23882084529361583
8242	8242	-0.37591361571810494
8243	8243	-0.22223000046517458
8245	8245	-0.9906480767298257
8247	8247	-0.6064390385975001
8249	8249	-1.067489884356291
8254	8254	-0.7601226538504305
8256	8256	-0.9138062691033609
8258	8258	-1.1443316919827562
8259	8259	-0.9906480767298257
8264	8264	-0.6832808462239653
8265	8265	-0.9906480767298257
8266	8266	-0.9906480767298257
8270	8270	-0.6832808462239653
8271	8271	-1.1443316919827562
8274	8274	-0.9906480767298257
8275	8275	-0.7601226538504305
8283	8283	-1.067489884356291
8284	8284	-0.6832808462239653
8285	8285	-1.2211734996092212
8290	8290	-0.6064390385975001
8296	8296	-0.9906480767298257
8297	8297	-0.37591361571810494
8300	8300	-0.6832808462239653
8306	8306	-0.5295972309710353
8310	8310	-0.7601226538504305
8311	8311	-0.6064390385975001
8312	8312	-0.7601226538504305
8313	8313	-1.1443316919827562
8314	8314	-0.9906480767298257
8323	8323	-1.3748571148621516
8325	8325	-0.7601226538504305
8326	8326	-0.37591361571810494
8329	8329	-1.067489884356291
8334	8334	-0.7601226538504305
8335	8335	-1.1443316919827562
8337	8337	-0.6064390385975001
8343	8343	-0.8369644614768957
8351	8351	-0.6832808462239653
8353	8353	-0.8369644614768957
8354	8354	-0.9906480767298257
8357	8357	-0.06854638521224456
8365	8365	-0.6064390385975001
8369	8369	-0.6064390385975001
8374	8374	-0.8369644614768957
8376	8376	-0.7601226538504305
8378	8378	-0.9906480767298257
8387	8387	-0.9138062691033609
8388	8388	-0.7601226538504305
8389	8389	-0.7601226538504305
8395	8395	-0.6064390385975001
8412	8412	-0.22223000046517458
8420	8420	-0.29907180809163975
8422	8422	-0.37591361571810494
8423	8423	-0.37591361571810494
8424	8424	0.46934626817301106
8426	8426	0.008295422414220628
9057	9057	-0.22223000046517458
100000	100000	-0.5295972309710353
