5837	5837	-0.32173483608196984
6008	6008	-0.4248671434199465
6009	6009	0.7482628525495376
6040	6040	1.560429772836103
6042	6042	-0.2830602208302285
6043	6043	2.5272951541296336
6046	6046	2.540186692546881
6064	6064	1.1994666971531853
6243	6243	-0.4377586818371936
6709	6709	-0.24438560557848765
6897	6897	0.49043208420459605
6898	6898	-0.9147456032753355
6899	6899	-0.6182402196786527
6900	6900	0.43886593053560746
6901	6901	0.21970977744240727
6903	6903	-0.17992791349225226
6904	6904	-0.1154702214060169
6906	6906	-0.7471556038511235
6907	6907	0.38729977686661937
6908	6908	-0.1283617598232637
6909	6909	-0.41197560500269953
6910	6910	-0.8245048343546059
6911	6911	-1.2886002173755007
6914	6914	0.3357336231976308
6915	6915	0.03922823960094839
6916	6916	-0.06390406773702831
6917	6917	1.367056696577397
6919	6919	-0.2314940671612404
6920	6920	1.04476823614622
6921	6921	1.2252497739876793
6922	6922	-0.2830602208302285
6923	6923	-0.8889625264408413
6924	6924	-0.36040945133371116
6926	6926	-0.6053486812614056
6927	6927	1.934284386936268
6928	6928	0.34862516161487805
6929	6929	-0.6053486812614056
6930	6930	-0.8631794496063472
6931	6931	-0.7729386806856176
6932	6932	-0.5279994507579232
6933	6933	-1.2241425252892653
6936	6936	-0.14125329824051094
6937	6937	-0.1154702214060169
6939	6939	-0.5924571428441586
6940	6940	-0.7471556038511235
6942	6942	-0.4506502202544406
6943	6943	-0.9920948337788179
6944	6944	-0.9276371416925826
6945	6945	-0.1283617598232637
6946	6946	-0.06390406773702831
6951	6951	0.4259743921183607
6956	6956	0.06501131643544245
6957	6957	0.16814362377341915
6958	6958	-0.6955894501821351
6959	6959	-0.2314940671612404
6960	6960	-0.669806373347641
6961	6961	-1.017877910613312
6962	6962	-0.9147456032753355
6963	6963	-0.48932483550618194
6964	6964	0.7869374678012785
6965	6965	0.7611543909667844
6966	6966	-0.502216373923429
6967	6967	-0.7729386806856176
6970	6970	-0.9920948337788179
6971	6971	-1.017877910613312
6972	6972	-0.03812099090253425
6973	6973	-0.5408909891751703
6974	6974	5.8919866810311206
6975	6975	-0.3475179129164641
6976	6976	0.21970977744240727
6977	6977	-0.5666740660096643
6978	6978	-0.9792032953615709
6979	6979	-0.5924571428441586
6980	6980	0.30995054636313674
6981	6981	-0.7987217575201118
6982	6982	-0.7342640654338765
6983	6983	1.367056696577397
6984	6984	-0.48932483550618194
6985	6985	-0.3733009897509582
6988	6988	-0.7600471422683704
7033	7033	-0.8116132959373589
7081	7081	-0.8502879111891002
7296	7296	0.013445162766453871
7323	7323	-0.4377586818371936
7438	7438	-0.1154702214060169
7461	7461	-0.682697911764888
7514	7514	0.20681823902516003
7515	7515	1.88271823326728
7516	7516	0.9932020824772319
7518	7518	0.4259743921183607
7519	7519	0.2712759311113954
7520	7520	-0.2572771439957345
7521	7521	-0.24438560557848765
7522	7522	-0.01233791406804019
7523	7523	0.21970977744240727
7524	7524	1.560429772836103
7525	7525	-0.2314940671612404
7526	7526	1.676453618591327
8213	8213	-1.017877910613312
8214	8214	-0.2959517592474758
8215	8215	-0.4248671434199465
8222	8222	0.5291066994563369
8230	8230	0.28416746952864264
8231	8231	0.5419982378735841
8233	8233	3.236329767078223
8235	8235	-0.36040945133371116
8236	8236	-0.36040945133371116
8239	8239	-0.16703637507500502
8241	8241	0.9029613135565024
8242	8242	2.6433189998848574
8245	8245	-0.3475179129164641
8247	8247	1.212358235570432
8254	8254	-0.5537825275924173
8256	8256	0.09079439326993652
8258	8258	-0.01233791406804019
8259	8259	-0.15414483665775774
8265	8265	-0.3346263744992171
8266	8266	5.5181320669309555
8270	8270	-0.36040945133371116
8271	8271	-0.5795656044269114
8274	8274	0.18103516219066595
8275	8275	-0.14125329824051094
8284	8284	0.0005536243492070696
8285	8285	-0.3861925281682052
8290	8290	-0.6053486812614056
8296	8296	-0.8116132959373589
8297	8297	0.5162151610390902
8300	8300	-0.41197560500269953
8306	8306	0.7998290062185257
8310	8310	-0.6053486812614056
8311	8311	-0.3861925281682052
8312	8312	0.16814362377341915
8313	8313	-0.5795656044269114
8314	8314	-0.5279994507579232
8323	8323	-0.21860252874399314
8325	8325	-0.5795656044269114
8326	8326	-0.02522945248528699
8329	8329	-0.8760709880235942
8334	8334	-0.2701686824129817
8337	8337	0.09079439326993652
8343	8343	-0.24438560557848765
8351	8351	0.4775405457873488
8353	8353	-1.185467910037524
8354	8354	-0.4248671434199465
8357	8357	-0.46354175867168784
8365	8365	-0.3733009897509582
8369	8369	0.4259743921183607
8374	8374	-0.15414483665775774
8376	8376	0.20681823902516003
8378	8378	-0.24438560557848765
8387	8387	-0.3088432976647228
8388	8388	-0.2959517592474758
8389	8389	-0.1154702214060169
8395	8395	0.30995054636313674
8411	8411	-0.36040945133371116
8412	8412	-0.7729386806856176
8420	8420	-0.16703637507500502
8423	8423	0.3744082384493721
8424	8424	-0.682697911764888
8426	8426	-0.3475179129164641
8430	8430	-0.16703637507500502
9057	9057	0.6580220836288077
9058	9058	-0.4248671434199465
