88	88	-0.722694399992949
108	108	-0.5445531994141802
139	139	-0.27734139854602713
159	159	0.07894100261151037
265	265	-1.1977376015363324
350	350	-0.8414552003787948
351	351	-0.27734139854602713
403	403	-0.396102198931873
410	410	-0.09920019796725837
424	424	0.13832140280443328
428	428	-0.5049662657542972
430	430	-0.3664119988354115
630	630	-0.06950999787079692
763	763	-1.7915416034655616
765	765	-1.9103024038514074
766	766	-1.6282455029350236
768	768	-0.8414552003787948
772	772	-1.6134004028867928
801	801	1.1180980059876615
870	870	-0.08435509791902765
915	915	-1.3164984019221782
932	932	0.5985195042995859
991	991	2.2611707097014278
992	992	2.127564809267351
997	997	1.3259294066628917
1002	1002	2.11271970921912
1061	1061	0.8014025384900071
1062	1062	0.36099790352789424
1063	1063	-0.2179609983531042
1158	1158	0.3461528034796635
1254	1254	-0.010129597677874002
1257	1257	0.4847070703985491
1317	1317	0.36594627001270325
1552	1552	3.1964120127399633
1829	1829	1.1774784061805843
1853	1853	0.06904426904808868
1872	1872	0.7915058049265854
1890	1890	0.18285670294912548
1925	1925	0.22739200309381766
1954	1954	0.47975870391374004
2016	2016	0.3313077034314328
2171	2171	0.7172803046854317
2202	2202	1.192323506228815
2276	2276	1.029027405698277
2278	2278	-0.663313999800026
2317	2317	-0.9008356005717177
4779	4779	-1.108667001246948
4807	4807	1.2220137063252765
4826	4826	-0.4653793326882176
4884	4884	-0.5890884995588724
4900	4900	-0.4554825991247959
4958	4958	2.2661190761862366
5023	5023	-1.1235121012951788
5104	5104	-1.6430906029832542
5151	5151	0.7469705047818932
5165	5165	0.702435204637201
5210	5210	0.6133646043478166
5236	5236	-1.1828925014881015
5253	5253	-1.7173161032244078
5276	5276	-0.94537090071641
5349	5349	0.7420221382970842
5353	5353	0.12347630275620256
5486	5486	-1.6134004028867928
5577	5577	-0.722694399992949
5644	5644	-1.2868082018257168
5720	5720	-0.3466185323023717
5726	5726	-0.7078492999447182
5741	5741	1.147788206084123
5748	5748	-1.5243298025974084
5757	5757	-0.5247597328811405
5768	5768	0.029457335982009152
5772	5772	-0.7969199002341026
5779	5779	-0.17342569820841203
5784	5784	-0.14373549811195058
5800	5800	-1.7123677367395989
5811	5811	-1.049286601054025
5830	5830	0.46491360386550934
5831	5831	1.0141823056500463
5832	5832	0.40553320367258644
5837	5837	-0.500017899269488
5865	5865	0.7915058049265854
5874	5874	0.27192730323850983
5890	5890	-0.5445531994141802
5893	5893	0.049250802515048916
5907	5907	-0.3070315986424886
5921	5921	0.12347630275620256
5950	5950	0.9102666053124312
5984	5984	-1.2125827015845632
5993	5993	0.40553320367258644
6008	6008	-1.1235121012951788
6009	6009	1.5931412075310447
6011	6011	0.7618156048301239
6013	6013	1.2368588063735073
6016	6016	1.1774784061805843
6017	6017	2.3057060098461197
6020	6020	1.0587176057947385
6021	6021	0.9102666053124312
6023	6023	1.0735627058429693
6024	6024	1.6525216077239677
6034	6034	0.5242940040584323
6035	6035	-0.6781590998482568
6036	6036	0.6826417381041613
6038	6038	1.132943106035892
6039	6039	-0.7820748001858719
6040	6040	0.9696470055053541
6041	6041	-0.9899062008611021
6042	6042	-1.5837102027903314
6073	6073	0.3461528034796635
6074	6074	0.6282097043960474
6076	6076	1.1180980059876615
6086	6086	0.46491360386550934
6090	6090	0.5045005375253925
6092	6092	0.7420221382970842
6094	6094	1.8306628083027363
6097	6097	0.24223710314204838
6098	6098	2.167151742927234
6099	6099	0.6430548044442781
6100	6100	1.474380407145199
6104	6104	1.2764457400333904
6105	6105	1.9494236086885823
6106	6106	1.7712824081098135
6107	6107	1.7119020079168905
6108	6108	0.06409590256327964
6109	6109	2.246325609653197
6111	6111	1.1378914725207012
6112	6112	0.37584300357612493
6114	6114	1.474380407145199
6115	6115	0.3461528034796635
6118	6118	1.9048883085438901
6122	6122	1.8455079083509671
6124	6124	0.8211960050230468
6125	6125	1.3556196067593531
6126	6126	1.1180980059876615
6128	6128	1.7119020079168905
6132	6132	1.8306628083027363
6133	6133	0.9993372056018156
6134	6134	1.2071686062770457
6136	6136	1.7119020079168905
6137	6137	1.860353008399198
6138	6138	0.8063509049748161
6140	6140	1.9197334085921207
6142	6142	0.9993372056018156
6145	6145	2.127564809267351
6148	6148	0.049250802515048916
6149	6149	1.1774784061805843
6150	6150	1.7514889415767738
6151	6151	1.3754130732923928
6173	6173	-0.24765119844956568
6177	6177	1.1626333061323535
6180	6180	-1.6282455029350236
6184	6184	1.4545869406121592
6188	6188	-0.5445531994141802
6189	6189	-0.7029009334599094
6191	6191	-0.23280609840133493
6192	6192	-0.5297080993659495
6193	6193	-0.8563003004270255
6194	6194	0.4500685038172786
6195	6195	-0.6187786996553339
6198	6198	0.07894100261151037
6201	6201	1.251703906421738
6203	6203	1.3556196067593531
6209	6209	1.6525216077239677
6221	6221	1.2368588063735073
6237	6237	1.3556196067593531
6238	6238	1.0587176057947385
6240	6240	0.16801160290089476
6242	6242	0.18780506943393452
6243	6243	-0.8711454004752562
6244	6244	2.4244668102319658
6296	6296	-0.94537090071641
6390	6390	-0.3664119988354115
6396	6396	-0.6781590998482568
6413	6413	0.9844921055535848
6424	6424	-0.5742433995106417
6434	6434	-1.6430906029832542
6445	6445	-1.0344415010057944
6680	6680	1.8108693417696966
6744	6744	-1.168047401439871
6900	6900	2.3650864100390425
6901	6901	1.8900432084956593
6909	6909	-1.5540200026938698
6963	6963	-0.6484688997517953
6967	6967	-1.4501043023562548
6968	6968	0.3461528034796635
6970	6970	-0.44063749907656513
6973	6973	-1.4649494024044856
6975	6975	-1.004751300909333
6979	6979	-1.7618514033691
6981	6981	-1.6430906029832542
6982	6982	-1.3610337020668704
6984	6984	-0.8711454004752562
6986	6986	-1.0641317011022557
6987	6987	-1.2274278016327937
6989	6989	-0.4554825991247959
6990	6990	-0.03981979777433546
6992	6992	-0.885990500523487
6997	6997	-0.010129597677874002
7000	7000	-0.3515668987871808
7002	7002	0.37584300357612493
7003	7003	-0.6484688997517953
7008	7008	0.9102666053124312
7013	7013	-1.5094847025491775
7014	7014	1.0785110723277782
7025	7025	-0.12889039806371982
7026	7026	-1.0195964009575635
7028	7028	-1.3461886020186395
7031	7031	-1.3016533018739473
7036	7036	-0.9899062008611021
7058	7058	-0.4554825991247959
7061	7061	-0.3664119988354115
7062	7062	-1.5094847025491775
7063	7063	-0.5841401330740634
7064	7064	0.08883773617493207
7067	7067	-1.3016533018739473
7068	7068	-0.17342569820841203
7071	7071	-0.9156807006199484
7072	7072	0.4352234037690479
7077	7077	-1.1977376015363324
7092	7092	0.4946038039619708
7094	7094	-1.5540200026938698
7096	7096	-1.4797945024527162
7102	7102	0.9993372056018156
7103	7103	-1.6727808030797158
7106	7106	-1.3461886020186395
7107	7107	-0.7969199002341026
7109	7109	-1.0641317011022557
7117	7117	-1.6876259031279464
7119	7119	-1.3164984019221782
7120	7120	-1.331343501970409
7125	7125	-1.0789768011504866
7126	7126	0.7420221382970842
7127	7127	-0.9156807006199484
7130	7130	0.9251117053606619
7133	7133	-1.3610337020668704
7138	7138	0.16801160290089476
7143	7143	-1.3164984019221782
7147	7147	-0.6237270661401427
7158	7158	-0.5445531994141802
7160	7160	0.153166502852664
7161	7161	-1.5738134692269097
7162	7162	-1.4649494024044856
7163	7163	-1.3461886020186395
7164	7164	-0.08435509791902765
7165	7165	-1.2422729016810246
7169	7169	0.5688293042031244
7177	7177	-1.4501043023562548
7181	7181	0.5045005375253925
7186	7186	-0.6781590998482568
7192	7192	-1.4055690022115626
7199	7199	-1.6430906029832542
7202	7202	-1.598555302838562
7203	7203	-0.9305258006681792
7207	7207	-1.004751300909333
7208	7208	-1.004751300909333
7209	7209	-1.4797945024527162
7213	7213	-1.8360769036102538
7217	7217	-1.598555302838562
7218	7218	0.10863120270797183
7223	7223	-0.6336237997035646
7231	7231	-1.494639602500947
7236	7236	-0.5742433995106417
7244	7244	-1.108667001246948
7248	7248	0.06904426904808868
7250	7250	-1.8509220036584844
7255	7255	-1.4550526688410637
7258	7258	-1.1383572013434093
7268	7268	-1.4748461359679073
7273	7273	-1.435259202308024
7276	7276	-1.1828925014881015
7280	7280	-0.7078492999447182
7282	7282	-1.4501043023562548
7287	7287	-0.8266101003305641
7288	7288	0.06409590256327964
7296	7296	-1.0195964009575635
7298	7298	-0.32187669869071933
7305	7305	-1.0938219011987171
7306	7306	-1.049286601054025
7307	7307	0.16801160290089476
7314	7314	-1.5837102027903314
7316	7316	0.544087470591472
7319	7319	-0.396102198931873
7320	7320	-0.32187669869071933
7322	7322	-0.12889039806371982
7328	7328	-0.5593982994624109
7332	7332	-1.1828925014881015
7333	7333	-1.4797945024527162
7337	7337	-0.8563003004270255
7342	7342	0.46491360386550934
7343	7343	-0.33672179873895003
7344	7344	-0.9206290671047573
7346	7346	-0.42579239902833443
7347	7347	-0.4554825991247959
7349	7349	-0.38125709888364223
7350	7350	-0.42579239902833443
7353	7353	0.6430548044442781
7354	7354	1.7119020079168905
7356	7356	0.153166502852664
7372	7372	-0.5742433995106417
7373	7373	-0.32187669869071933
7377	7377	-0.396102198931873
7378	7378	0.004715502370356726
7382	7382	-1.4797945024527162
7383	7383	-1.6282455029350236
7384	7384	0.539139104106663
7387	7387	-1.7321612032726386
7394	7394	-1.7321612032726386
7396	7396	0.004715502370356726
7404	7404	-1.4649494024044856
7411	7411	-0.663313999800026
7413	7413	-0.6930041998964875
7415	7415	-0.885990500523487
7416	7416	0.8409894715560866
7418	7418	-1.3016533018739473
7419	7419	-1.2868082018257168
7424	7424	-1.7618514033691
7427	7427	0.40553320367258644
7430	7430	-1.2571180017292551
7460	7460	-1.4649494024044856
7471	7471	-1.9399926039478688
7477	7477	-0.8266101003305641
7516	7516	1.622831407627506
7517	7517	2.246325609653197
7717	7717	0.36099790352789424
7917	7917	0.8360411050712776
7947	7947	1.2071686062770457
8077	8077	0.07894100261151037
8132	8132	-0.04971653133775716
8222	8222	0.4352234037690479
8231	8231	1.147788206084123
8233	8233	0.40553320367258644
8234	8234	0.3263593369466237
8235	8235	0.5094489040102015
8236	8236	-0.029923064210913765
8237	8237	2.028597475414545
8238	8238	-0.4109472989801037
8239	8239	-1.3461886020186395
8240	8240	1.7514889415767738
8241	8241	0.3461528034796635
8243	8243	0.8805764052159697
8244	8244	0.07894100261151037
8246	8246	0.8063509049748161
8247	8247	1.2368588063735073
8249	8249	1.2170653398404674
8256	8256	-0.9008356005717177
8259	8259	-0.03981979777433546
8264	8264	-0.6930041998964875
8283	8283	0.36594627001270325
8284	8284	0.42037830372081714
8285	8285	-0.5841401330740634
8290	8290	-1.1828925014881015
8297	8297	1.0587176057947385
8306	8306	0.6232613379112383
8307	8307	-0.4703276991730266
8311	8311	-0.010129597677874002
8312	8312	-0.9305258006681792
8326	8326	0.42037830372081714
8334	8334	-0.8711454004752562
8335	8335	1.8306628083027363
8337	8337	0.5985195042995859
8343	8343	0.13832140280443328
8351	8351	1.4892255071934297
8354	8354	-0.03981979777433546
8357	8357	-0.09920019796725837
8365	8365	-1.2868082018257168
8366	8366	-1.3907239021633317
8369	8369	0.3016175033349713
8376	8376	1.31603267309947
8386	8386	-0.5148629993177188
8387	8387	-0.5247597328811405
8419	8419	-0.27734139854602713
8420	8420	-1.004751300909333
8422	8422	1.1180980059876615
8424	8424	-0.08435509791902765
8426	8426	-1.6876259031279464
9057	9057	-0.3664119988354115
9069	9069	0.16801160290089476
9070	9070	0.4253266702056262
9075	9075	1.3556196067593531
9078	9078	1.251703906421738
9079	9079	0.31646260338320203
9081	9081	1.2764457400333904
9084	9084	1.8306628083027363
9085	9085	1.6525216077239677
9091	9091	0.13832140280443328
9095	9095	1.31603267309947
9100	9100	-0.48517279922125733
9102	9102	0.9993372056018156
9103	9103	1.2220137063252765
9104	9104	-0.32187669869071933
9105	9105	-0.12889039806371982
9106	9106	-0.1585805981601813
9111	9111	0.9102666053124312
9113	9113	0.16801160290089476
9114	9114	1.3556196067593531
9115	9115	0.9399568054088927
9121	9121	1.415000006952276
9125	9125	-0.663313999800026
9128	9128	-0.3466185323023717
9130	9130	-0.396102198931873
9131	9131	-0.4703276991730266
9133	9133	-0.11404529801548911
9134	9134	-0.5049662657542972
9298	9298	-0.9305258006681792
9312	9312	-0.4703276991730266
9314	9314	0.019560602418587456
9323	9323	0.47975870391374004
9336	9336	0.37584300357612493
9343	9343	1.6079863075792755
9369	9369	1.0141823056500463
9380	9380	1.3259294066628917
9382	9382	1.0587176057947385
9383	9383	1.9296301421555424
9386	9386	1.3853098068558145
9390	9390	-0.33672179873895003
9391	9391	0.12347630275620256
9392	9392	-0.14373549811195058
9394	9394	2.087977875607468
9395	9395	1.2764457400333904
9399	9399	1.8900432084956593
9402	9402	1.147788206084123
9404	9404	0.539139104106663
9405	9405	0.9201633388758529
9407	9407	0.25708220319027913
9408	9408	0.702435204637201
9412	9412	-0.10909693153068008
9413	9413	-0.6039335996071031
9421	9421	1.3704647068075837
9436	9436	-0.6039335996071031
9437	9437	0.6133646043478166
9442	9442	1.29623920656643
9450	9450	0.8360411050712776
9451	9451	1.8900432084956593
9452	9452	1.533760807338122
9455	9455	1.3259294066628917
9470	9470	1.3952065404192362
9476	9476	0.7618156048301239
9503	9503	-0.7375395000411797
9506	9506	0.3016175033349713
9507	9507	-0.9998029344245241
9508	9508	0.16801160290089476
9509	9509	-0.1585805981601813
9510	9510	-0.44063749907656513
9511	9511	-0.44063749907656513
9512	9512	-1.6134004028867928
9513	9513	-0.4059989324952947
9514	9514	0.10863120270797183
9515	9515	-0.9008356005717177
9517	9517	-1.925147503899638
9518	9518	0.7420221382970842
9519	9519	0.019560602418587456
9520	9520	1.3556196067593531
9521	9521	-0.32187669869071933
9522	9522	-0.663313999800026
9523	9523	0.4500685038172786
9524	9524	2.0088040088815053
9525	9525	0.5985195042995859
9526	9526	-0.09920019796725837
9527	9527	0.7618156048301239
9528	9528	-0.06950999787079692
9529	9529	0.06409590256327964
9530	9530	0.7618156048301239
9531	9531	0.6282097043960474
9532	9532	0.5242940040584323
9533	9533	-0.3664119988354115
9534	9534	-0.22785773191652592
9535	9535	1.5931412075310447
9536	9536	0.702435204637201
9537	9537	-0.7375395000411797
9539	9539	-0.23280609840133493
9540	9540	0.5094489040102015
9541	9541	-0.24765119844956568
9542	9542	0.47975870391374004
9543	9543	0.00966386885516576
9544	9544	-0.6039335996071031
9545	9545	-0.42579239902833443
9547	9547	-0.27734139854602713
9549	9549	-0.3664119988354115
9554	9554	0.6628482709773178
9555	9555	0.702435204637201
9556	9556	-0.4703276991730266
9558	9558	1.9494236086885823
9559	9559	-0.4059989324952947
9560	9560	-0.5148629993177188
9561	9561	0.46491360386550934
9562	9562	-0.2624962984977964
9565	9565	0.4946038039619708
9567	9567	1.7119020079168905
9568	9568	0.8014025384900071
9569	9569	1.3853098068558145
9571	9571	-1.7766965034173308
9573	9573	-0.06950999787079692
9576	9576	0.5836744042513552
9578	9578	0.0937861026597411
9579	9579	0.702435204637201
9582	9582	0.8954215052642005
9583	9583	0.9844921055535848
9584	9584	1.1626333061323535
9585	9585	-2.058753404333715
9587	9587	1.7712824081098135
9588	9588	0.37584300357612493
9589	9589	0.9993372056018156
9590	9590	-1.7618514033691
9591	9591	-1.3610337020668704
9592	9592	1.5931412075310447
9593	9593	1.3952065404192362
9594	9594	2.246325609653197
9595	9595	-0.03981979777433546
9596	9596	-0.18827079825664275
9597	9597	-0.029923064210913765
9598	9598	-0.010129597677874002
9599	9599	0.6628482709773178
9600	9600	-1.5540200026938698
9601	9601	1.3556196067593531
9602	9602	0.3016175033349713
9606	9606	-1.5837102027903314
9607	9607	0.16801160290089476
9608	9608	-1.3461886020186395
9609	9609	-1.2274278016327937
9610	9610	-0.6781590998482568
9611	9611	-0.1585805981601813
9612	9612	-0.42579239902833443
9613	9613	0.2867724032867406
9615	9615	-0.48517279922125733
9616	9616	0.07894100261151037
9617	9617	-0.38125709888364223
9619	9619	0.019560602418587456
9620	9620	0.06409590256327964
9621	9621	-0.1585805981601813
9622	9622	0.049250802515048916
9624	9624	-0.5247597328811405
9625	9625	-0.06950999787079692
9626	9626	-0.23280609840133493
9627	9627	0.16801160290089476
9628	9628	-0.6336237997035646
9629	9629	-0.6039335996071031
9630	9630	-0.6039335996071031
9632	9632	0.06904426904808868
9633	9633	-0.3466185323023717
9634	9634	-0.4455858655613742
9635	9635	0.6628482709773178
9637	9637	-0.8117650002823333
9638	9638	-0.42579239902833443
9639	9639	-0.396102198931873
9640	9640	0.16801160290089476
9641	9641	-0.06950999787079692
9642	9642	-0.024974697726104732
9643	9643	-0.23280609840133493
9644	9644	0.37584300357612493
9645	9645	1.132943106035892
9646	9646	-0.08435509791902765
9647	9647	-0.9008356005717177
9648	9648	-0.27734139854602713
9649	9649	-0.09920019796725837
9651	9651	-0.5841401330740634
9653	9653	-1.1828925014881015
9655	9655	-0.12889039806371982
9656	9656	0.00966386885516576
9657	9657	-1.0195964009575635
9658	9658	-0.396102198931873
9659	9659	0.40553320367258644
9660	9660	-1.3758788021151012
9661	9661	-1.3560853355820615
9663	9663	0.36594627001270325
9665	9665	-0.12889039806371982
9666	9666	0.6430548044442781
9667	9667	1.1180980059876615
9668	9668	0.0937861026597411
9669	9669	0.5539842041548937
9670	9670	-0.06950999787079692
9671	9671	0.10863120270797183
9672	9672	0.2867724032867406
9673	9673	0.1284246692410116
9676	9676	1.2764457400333904
9677	9677	2.127564809267351
9678	9678	0.25708220319027913
9679	9679	0.42037830372081714
9680	9680	-0.3466185323023717
9681	9681	1.533760807338122
9682	9682	0.46491360386550934
9683	9683	0.21254690304558693
9684	9684	0.7618156048301239
9685	9685	0.9993372056018156
9686	9686	1.1626333061323535
9687	9687	1.0191306721348554
9689	9689	0.6826417381041613
9690	9690	0.9399568054088927
9691	9691	0.46491360386550934
9692	9692	0.8211960050230468
9693	9693	0.9399568054088927
9694	9694	-0.05466489782256619
9695	9695	0.2669789367537008
9696	9696	0.6875901045889703
9697	9697	0.30656586981978035
9698	9698	0.46491360386550934
9699	9699	0.3857397371395466
9700	9700	0.21254690304558693
9701	9701	0.3461528034796635
9703	9703	0.7469705047818932
9704	9704	0.7618156048301239
9705	9705	0.5242940040584323
9706	9706	0.4500685038172786
9707	9707	0.9399568054088927
9708	9708	-0.48517279922125733
9709	9709	0.8360411050712776
9710	9710	0.7172803046854317
9711	9711	0.22739200309381766
9712	9712	0.5242940040584323
9713	9713	0.4946038039619708
9714	9714	0.6282097043960474
9717	9717	-0.06950999787079692
9718	9718	-0.2080642647896825
9719	9719	-0.06950999787079692
9720	9720	1.860353008399198
9721	9721	0.3016175033349713
9723	9723	-0.168477331723603
9725	9725	-0.06950999787079692
9726	9726	-0.48517279922125733
9727	9727	-1.168047401439871
9728	9728	0.702435204637201
9729	9729	0.9399568054088927
9730	9730	0.5242940040584323
9731	9731	0.6133646043478166
9732	9732	1.132943106035892
9733	9733	0.37584300357612493
9735	9735	0.4352234037690479
9736	9736	0.5638809377183154
9737	9737	0.5638809377183154
9738	9738	0.5836744042513552
9739	9739	0.21254690304558693
9741	9741	0.7172803046854317
9743	9743	0.7469705047818932
9744	9744	-0.10909693153068008
9745	9745	-0.17342569820841203
9747	9747	1.6525216077239677
9748	9748	0.4847070703985491
9749	9749	1.0438725057465077
9755	9755	0.9548019054571234
9756	9756	-0.029923064210913765
9757	9757	0.8805764052159697
9758	9758	-0.9602160007646406
9759	9759	-0.33672179873895003
9761	9761	0.37584300357612493
9762	9762	-0.09920019796725837
9764	9764	0.07894100261151037
9766	9766	-1.7321612032726386
9768	9768	-0.9404225342316012
9769	9769	-1.1235121012951788
9770	9770	-1.1383572013434093
9771	9771	-1.108667001246948
9772	9772	-1.3164984019221782
9774	9774	-1.2868082018257168
9775	9775	-0.9305258006681792
9776	9776	-1.435259202308024
9777	9777	-1.3610337020668704
9778	9778	-0.3070315986424886
9779	9779	-0.9206290671047573
9780	9780	-1.108667001246948
9781	9781	-1.1779441350032929
9782	9782	-1.2274278016327937
9783	9783	0.24718546962685742
9784	9784	-1.108667001246948
9785	9785	-0.8711454004752562
9786	9786	-1.4797945024527162
9787	9787	-0.9602160007646406
9788	9788	-1.3362918684552176
9789	9789	-1.2422729016810246
9790	9790	-1.3907239021633317
9791	9791	-1.5738134692269097
9792	9792	-1.3461886020186395
9793	9793	-1.5738134692269097
9794	9794	-1.2868082018257168
9795	9795	-1.6282455029350236
9796	9796	-0.9899062008611021
9797	9797	-1.049286601054025
9798	9798	-1.2967049353891387
9799	9799	-0.8414552003787948
9800	9800	-1.2868082018257168
9801	9801	-1.7321612032726386
9802	9802	-1.2868082018257168
9803	9803	-1.3461886020186395
9804	9804	-1.049286601054025
9805	9805	-1.1235121012951788
9806	9806	-1.5243298025974084
9807	9807	-1.2422729016810246
9808	9808	-0.5593982994624109
9809	9809	-0.6039335996071031
9810	9810	-1.435259202308024
9811	9811	-1.0641317011022557
9812	9812	-1.1383572013434093
9813	9813	-1.1532023013916401
9814	9814	-1.3560853355820615
9815	9815	-0.722694399992949
9816	9816	-1.598555302838562
9817	9817	-0.5297080993659495
9819	9819	0.8508862051195083
9820	9820	-0.42579239902833443
9821	9821	0.8360411050712776
9822	9822	-0.029923064210913765
9823	9823	-1.331343501970409
9825	9825	-0.03981979777433546
9826	9826	0.9696470055053541
9827	9827	0.4352234037690479
9828	9828	0.9251117053606619
9830	9830	-0.44063749907656513
9831	9831	0.18780506943393452
9832	9832	0.06904426904808868
9833	9833	0.4847070703985491
9834	9834	0.46491360386550934
9835	9835	-0.2179609983531042
9837	9837	0.4352234037690479
9838	9838	-0.6237270661401427
9841	9841	0.18780506943393452
9843	9843	0.2075985365607779
9844	9844	0.3857397371395466
9845	9845	-0.48517279922125733
9847	9847	-1.2125827015845632
9848	9848	0.5638809377183154
9849	9849	0.049250802515048916
9850	9850	0.7222286711702408
9852	9852	-0.5445531994141802
9853	9853	-1.7717481369325216
9854	9854	-1.3758788021151012
9855	9855	0.029457335982009152
9856	9856	-0.4109472989801037
9857	9857	-0.18827079825664275
9859	9859	-0.663313999800026
9860	9860	0.4847070703985491
9861	9861	1.474380407145199
9862	9862	-0.5593982994624109
9864	9864	-0.7078492999447182
9866	9866	0.7618156048301239
9867	9867	2.2265321431201572
9868	9868	0.5638809377183154
9869	9869	-0.3515668987871808
9870	9870	1.3556196067593531
9873	9873	-0.8018682667189114
9874	9874	-0.48517279922125733
9875	9875	-1.3907239021633317
9876	9876	0.8063509049748161
9879	9879	-0.4703276991730266
9880	9880	0.8211960050230468
9881	9881	0.6875901045889703
9882	9882	0.10863120270797183
9883	9883	-1.4649494024044856
9886	9886	0.034405702466818185
9887	9887	0.5985195042995859
9888	9888	1.29623920656643
9890	9890	0.8014025384900071
9891	9891	1.9494236086885823
9892	9892	-0.08435509791902765
9894	9894	0.544087470591472
9895	9895	0.22739200309381766
9897	9897	0.6727450045407395
9898	9898	1.5040706072416603
9899	9899	-0.03981979777433546
9900	9900	-1.1383572013434093
9901	9901	1.8306628083027363
9902	9902	1.7119020079168905
9903	9903	1.4347934734853158
9904	9904	3.374553213318732
9905	9905	0.30656586981978035
9906	9906	0.5836744042513552
9908	9908	-0.94537090071641
9909	9909	-0.5742433995106417
9910	9910	-1.331343501970409
9911	9911	-1.004751300909333
9912	9912	-1.5243298025974084
9914	9914	0.004715502370356726
9915	9915	1.147788206084123
9917	9917	-0.7672297001376411
9918	9918	1.029027405698277
9920	9920	-1.1185637348103699
9921	9921	-1.3758788021151012
9924	9924	-0.8563003004270255
9925	9925	1.1576849396475446
9926	9926	-0.8117650002823333
9927	9927	0.4946038039619708
9928	9928	0.8360411050712776
9929	9929	1.0141823056500463
9930	9930	0.21254690304558693
9932	9932	0.7618156048301239
9933	9933	-1.5738134692269097
9935	9935	0.47975870391374004
9937	9937	-0.6187786996553339
9938	9938	-0.722694399992949
9939	9939	0.3313077034314328
9941	9941	-1.1828925014881015
9942	9942	2.1869452094602737
9943	9943	-0.2921864985942579
9944	9944	0.00966386885516576
9945	9945	-0.663313999800026
9946	9946	-0.7078492999447182
9949	9949	-0.03981979777433546
9950	9950	0.5242940040584323
9951	9951	-0.8414552003787948
9952	9952	-1.108667001246948
9953	9953	-0.396102198931873
9955	9955	0.5094489040102015
9956	9956	-0.5148629993177188
9957	9957	0.5242940040584323
9958	9958	0.37584300357612493
9959	9959	-0.33672179873895003
9960	9960	-0.08930346440383669
9962	9962	1.192323506228815
9963	9963	0.7618156048301239
9964	9964	-0.09920019796725837
9965	9965	-0.4455858655613742
9966	9966	1.29623920656643
9968	9968	0.06409590256327964
9969	9969	0.004715502370356726
9970	9970	1.5189157072898911
9971	9971	0.865731305167739
9972	9972	0.5242940040584323
9974	9974	0.36594627001270325
9975	9975	0.9399568054088927
9976	9976	0.539139104106663
9978	9978	0.10863120270797183
9979	9979	0.1284246692410116
9980	9980	0.049250802515048916
9981	9981	-0.5742433995106417
9982	9982	0.12347630275620256
9983	9983	-0.42579239902833443
9984	9984	0.1284246692410116
9985	9985	-0.17342569820841203
9987	9987	1.1032529059394307
9988	9988	2.3650864100390425
9990	9990	0.2867724032867406
9991	9991	0.2867724032867406
9993	9993	0.22739200309381766
9995	9995	-1.2125827015845632
9996	9996	-1.5837102027903314
9997	9997	-0.7820748001858719
9998	9998	-1.0344415010057944
9999	9999	-0.722694399992949
10001	10001	-0.7078492999447182
10002	10002	-1.5688651027421006
10004	10004	-0.04971653133775716
10005	10005	0.6133646043478166
10008	10008	-0.010129597677874002
10009	10009	0.153166502852664
10010	10010	0.47975870391374004
10011	10011	-0.48517279922125733
10012	10012	0.9399568054088927
10013	10013	0.5539842041548937
10015	10015	-1.108667001246948
10017	10017	0.42037830372081714
10018	10018	0.3263593369466237
10020	10020	-0.4703276991730266
10022	10022	-0.9602160007646406
10023	10023	1.0389241392616988
