5837	5837	-0.3289141720002986
6008	6008	-0.9112422889433136
6016	6016	1.985984233471191
6040	6040	1.985984233471191
6042	6042	-0.8305235400601234
6043	6043	1.985984233471191
6064	6064	1.985984233471191
6074	6074	1.985984233471191
6243	6243	-0.7123282291954521
6709	6709	-0.539359481588616
6897	6897	0.4725076919113753
6898	6898	-0.9573672883051366
6899	6899	-0.7469219787168193
6903	6903	-0.5480079189689577
6904	6904	0.579171752935591
6905	6905	-0.3635079215216659
6906	6906	-0.34909385922109626
6907	6907	-0.17324229915414613
6908	6908	-0.18765636145471581
6909	6909	-0.7325079164162497
6910	6910	-0.7671016659376169
6911	6911	-0.36062510906155193
6913	6913	1.985984233471191
6914	6914	1.985984233471191
6916	6916	-0.8680001020416046
6917	6917	1.985984233471191
6918	6918	1.985984233471191
6919	6919	-0.39810167104303323
6920	6920	1.06924987115496
6922	6922	-0.8276407276000095
6923	6923	-0.9112422889433136
6928	6928	0.41773425516921037
6929	6929	-0.3894532336626913
6930	6930	-0.937187601084339
6931	6931	-0.8795313518820603
6932	6932	-0.8161094777595538
6933	6933	0.36584363088715965
6936	6936	-0.22801573589631088
6939	6939	-0.8535860397410349
6940	6940	-0.7699844783977309
6942	6942	-0.6633204173735151
6943	6943	-0.7988126029988701
6944	6944	-0.9054766640230858
6951	6951	-0.46728917008576765
6957	6957	0.6541248768985531
6958	6958	-0.804578227919098
6959	6959	-0.5076485445273626
6960	6960	-0.9516016633849087
6961	6961	0.5042186289726285
6962	6962	-0.7469219787168193
6963	6963	-0.3289141720002986
6964	6964	1.985984233471191
6965	6965	1.985984233471191
6966	6966	-0.15594542439346248
6967	6967	-0.9083594764831996
6968	6968	1.985984233471191
6969	6969	1.985984233471191
6970	6970	0.6022342526165024
6971	6971	0.7031326887204902
6972	6972	-0.671968854753857
6973	6973	-0.6431407301527177
6974	6974	1.985984233471191
6975	6975	-0.7815157282381865
6976	6976	-0.006039176467537979
6978	6978	-0.9343047886242252
6979	6979	-0.7267422914960218
6980	6980	0.3716092558073876
6982	6982	-0.6690860422937431
6984	6984	-0.7296251039561357
6985	6985	-0.44710948286497
6988	6988	0.9481717478301747
7081	7081	-0.3750391713621216
7296	7296	-0.6460235426128315
7323	7323	-0.3289141720002986
7438	7438	0.2880076944640833
7461	7461	-0.5451251065088437
7515	7515	1.2335701813814544
7517	7517	1.985984233471191
7519	7519	0.5676405030951351
7520	7520	-0.5739532311099831
7521	7521	-0.20783604867551345
7522	7522	0.9914139347318837
7523	7523	0.8818670612475542
7525	7525	-0.4326954205644003
8213	8213	-0.7065626042752242
8214	8214	-0.2914376100188175
8222	8222	1.985984233471191
8230	8230	1.985984233471191
8233	8233	1.985984233471191
8235	8235	-0.020453238768107656
8236	8236	-0.5883672934105528
8237	8237	1.985984233471191
8239	8239	-0.7065626042752242
8240	8240	1.985984233471191
8241	8241	-0.023336051228221633
8243	8243	0.9020467484683519
8245	8245	-0.3779219838222356
8247	8247	1.985984233471191
8249	8249	-0.18189073653448806
8254	8254	-0.5335938566683881
8256	8256	-0.6662032298336291
8258	8258	-0.42116417072394463
8259	8259	-0.5076485445273626
8265	8265	-0.8535860397410349
8270	8270	-0.49611729468690696
8271	8271	-0.6633204173735151
8275	8275	-0.42692979564417255
8284	8284	0.2937733193843112
8285	8285	-0.5653047937296414
8290	8290	-0.8478204148208071
8296	8296	-0.850703227280921
8306	8306	1.985984233471191
8310	8310	-0.8564688522011489
8312	8312	-0.6344922927723757
8313	8313	-0.8132266652994399
8314	8314	-0.6921485419746545
8323	8323	-0.5249454192880463
8325	8325	-0.9775469755259343
8329	8329	-0.8391719774404652
8334	8334	0.008374885833031696
8337	8337	0.5445780034142237
8343	8343	-0.5710704186498693
8353	8353	-0.8881797892624022
8354	8354	-0.8276407276000095
8357	8357	-0.09540636273107002
8365	8365	-0.8910626017225161
8374	8374	-0.6056641681712365
8378	8378	-0.6979141668948824
8388	8388	-0.6027813557111225
8389	8389	-0.6777344796740848
8395	8395	-0.6979141668948824
8411	8411	-0.8737657269618324
8420	8420	-0.7930469780786422
8424	8424	0.5157498788130843
8426	8426	-0.9025938515629718
8430	8430	0.1957576957404375
9057	9057	-0.26549229787779216
