5837	5837	-0.3356340272782584
6008	6008	-0.08810393216054282
6009	6009	0.48946628978079354
6016	6016	1.0670365117221299
6040	6040	0.8195064166044144
6042	6042	-0.6656741541018791
6043	6043	1.892136828781182
6046	6046	1.5620967019575611
6064	6064	1.7271167653693715
6074	6074	0.9845264800162247
6243	6243	-0.170613963866448
6709	6709	-0.5006540906900688
6897	6897	-0.3356340272782584
6898	6898	-1.078224312631405
6899	6899	-0.583164122395974
6900	6900	1.892136828781182
6901	6901	0.9020164483103195
6903	6903	-0.08810393216054282
6904	6904	-0.170613963866448
6905	6905	0.24193619466307795
6906	6906	-0.9132042492195948
6907	6907	-0.3356340272782584
6908	6908	-0.3356340272782584
6909	6909	-0.9957142809255
6910	6910	-0.6656741541018791
6911	6911	-1.078224312631405
6913	6913	0.7369963848985092
6914	6914	1.3145666068398454
6915	6915	-0.41814405898416357
6916	6916	-0.5006540906900688
6917	6917	4.945008001899674
6918	6918	3.2948073677815697
6919	6919	-0.08810393216054282
6920	6920	0.40695625807488833
6921	6921	-0.08810393216054282
6922	6922	-0.9132042492195948
6923	6923	-0.6656741541018791
6924	6924	-0.6656741541018791
6926	6926	-0.8306942175136895
6927	6927	-0.8306942175136895
6928	6928	-0.5006540906900688
6929	6929	-0.41814405898416357
6930	6930	-0.9957142809255
6931	6931	-1.078224312631405
6932	6932	-0.6656741541018791
6933	6933	-0.5006540906900688
6936	6936	0.24193619466307795
6937	6937	-0.41814405898416357
6939	6939	-0.9132042492195948
6940	6940	-1.1607343443373104
6942	6942	-0.8306942175136895
6943	6943	-0.8306942175136895
6944	6944	-0.7481841858077843
6945	6945	-0.583164122395974
6946	6946	-0.2531239955723532
6951	6951	0.07691613125126757
6956	6956	0.07691613125126757
6957	6957	-0.8306942175136895
6958	6958	-0.7481841858077843
6959	6959	-0.7481841858077843
6960	6960	-0.9957142809255
6961	6961	-0.6656741541018791
6962	6962	-0.9132042492195948
6963	6963	-0.005593900454637625
6964	6964	1.2320565751339403
6965	6965	0.48946628978079354
6966	6966	-0.41814405898416357
6967	6967	-0.9957142809255
6968	6968	-0.005593900454637625
6969	6969	-0.170613963866448
6970	6970	-0.7481841858077843
6971	6971	-0.41814405898416357
6972	6972	-0.170613963866448
6973	6973	-0.9132042492195948
6974	6974	0.654486353192604
6975	6975	-0.2531239955723532
6976	6976	-0.005593900454637625
6977	6977	-0.9132042492195948
6978	6978	-0.9132042492195948
6979	6979	-1.1607343443373104
6980	6980	-0.170613963866448
6981	6981	-0.7481841858077843
6982	6982	-0.7481841858077843
6983	6983	-0.5006540906900688
6984	6984	-0.7481841858077843
6985	6985	-0.583164122395974
6988	6988	-0.5006540906900688
7033	7033	1.0670365117221299
7081	7081	-1.1607343443373104
7296	7296	-0.41814405898416357
7323	7323	-0.583164122395974
7438	7438	0.5719763214866987
7514	7514	-0.170613963866448
7515	7515	-0.8306942175136895
7516	7516	0.654486353192604
7517	7517	1.3145666068398454
7518	7518	1.1495465434280352
7519	7519	1.5620967019575611
7520	7520	-0.2531239955723532
7521	7521	-0.08810393216054282
7522	7522	-0.005593900454637625
7523	7523	-0.41814405898416357
7524	7524	-0.8306942175136895
7525	7525	-0.8306942175136895
7526	7526	-0.6656741541018791
8213	8213	-0.8306942175136895
8214	8214	-0.8306942175136895
8215	8215	-0.583164122395974
8222	8222	0.8195064166044144
8230	8230	1.8096267970752766
8231	8231	1.3970766385457507
8233	8233	-0.08810393216054282
8235	8235	-0.2531239955723532
8236	8236	-0.3356340272782584
8237	8237	0.5719763214866987
8239	8239	-0.583164122395974
8240	8240	1.4795866702516558
8241	8241	0.9845264800162247
8242	8242	2.0571568921929924
8243	8243	3.0472772726638544
8245	8245	-0.583164122395974
8247	8247	1.3970766385457507
8249	8249	0.654486353192604
8254	8254	-0.7481841858077843
8256	8256	-0.5006540906900688
8258	8258	0.48946628978079354
8259	8259	0.5719763214866987
8264	8264	-0.6656741541018791
8265	8265	-0.9132042492195948
8266	8266	1.892136828781182
8270	8270	-0.41814405898416357
8271	8271	-0.8306942175136895
8274	8274	2.1396669238988975
8275	8275	0.40695625807488833
8283	8283	0.9845264800162247
8284	8284	-0.583164122395974
8285	8285	0.24193619466307795
8290	8290	-0.583164122395974
8296	8296	-0.9957142809255
8297	8297	1.2320565751339403
8300	8300	0.48946628978079354
8306	8306	2.0571568921929924
8310	8310	-0.7481841858077843
8311	8311	-0.9132042492195948
8312	8312	1.0670365117221299
8313	8313	-0.583164122395974
8314	8314	1.3145666068398454
8323	8323	-0.9957142809255
8325	8325	-0.9132042492195948
8326	8326	0.40695625807488833
8329	8329	-1.078224312631405
8334	8334	-0.3356340272782584
8335	8335	1.892136828781182
8337	8337	0.654486353192604
8343	8343	-0.3356340272782584
8351	8351	1.0670365117221299
8353	8353	-1.3257544077491208
8354	8354	0.07691613125126757
8357	8357	-0.583164122395974
8365	8365	-0.7481841858077843
8369	8369	0.9020164483103195
8374	8374	0.40695625807488833
8376	8376	1.2320565751339403
8378	8378	-0.6656741541018791
8387	8387	-0.583164122395974
8388	8388	-0.5006540906900688
8389	8389	-0.5006540906900688
8395	8395	0.15942616295717277
8412	8412	-0.41814405898416357
8420	8420	-0.41814405898416357
8422	8422	2.3046869873107076
8423	8423	-0.08810393216054282
8424	8424	-0.9957142809255
8426	8426	-0.9132042492195948
9057	9057	1.2320565751339403
9058	9058	1.0670365117221299
100000	100000	-0.41814405898416357
