159	159	-1.2246125075233696
403	403	-0.5996708207504293
991	991	1.4834681351593721
992	992	0.4418986572044717
1002	1002	1.275154239568392
1006	1006	1.275154239568392
1061	1061	0.4418986572044717
1062	1062	0.4418986572044717
1063	1063	-0.5996708207504293
1070	1070	0.02527086602251106
1257	1257	0.650212552795452
1317	1317	1.0668403439774115
1829	1829	0.650212552795452
1872	1872	0.02527086602251106
1925	1925	-0.391356925159449
2016	2016	0.23358476161349137
2057	2057	0.23358476161349137
2171	2171	2.108409821932313
5717	5717	1.275154239568392
5720	5720	-0.807984716341409
5784	5784	0.23358476161349137
5831	5831	-0.18304302956846868
5832	5832	1.275154239568392
5836	5836	1.4834681351593721
5837	5837	0.650212552795452
5856	5856	0.02527086602251106
5865	5865	0.02527086602251106
5867	5867	1.9000959263413328
5893	5893	0.23358476161349137
5984	5984	-1.2246125075233696
6008	6008	-0.807984716341409
6009	6009	-0.18304302956846868
6010	6010	0.8585264483864323
6011	6011	1.0668403439774115
6016	6016	-0.807984716341409
6017	6017	0.02527086602251106
6019	6019	0.23358476161349137
6021	6021	1.9000959263413328
6022	6022	0.650212552795452
6023	6023	1.9000959263413328
6024	6024	1.275154239568392
6025	6025	1.275154239568392
6030	6030	1.4834681351593721
6034	6034	2.733351508705253
6035	6035	2.3167237175232924
6038	6038	0.4418986572044717
6040	6040	0.650212552795452
6041	6041	-1.0162986119323894
6046	6046	-0.5996708207504293
6064	6064	1.6917820307503524
6069	6069	1.275154239568392
6073	6073	0.4418986572044717
6076	6076	0.23358476161349137
6077	6077	1.275154239568392
6085	6085	0.02527086602251106
6086	6086	0.23358476161349137
6087	6087	-0.18304302956846868
6090	6090	0.02527086602251106
6091	6091	0.8585264483864323
6092	6092	1.0668403439774115
6095	6095	0.650212552795452
6097	6097	0.8585264483864323
6098	6098	0.650212552795452
6099	6099	0.4418986572044717
6104	6104	1.4834681351593721
6106	6106	-0.391356925159449
6107	6107	0.650212552795452
6109	6109	0.650212552795452
6112	6112	-0.5996708207504293
6114	6114	0.23358476161349137
6115	6115	0.02527086602251106
6118	6118	0.02527086602251106
6119	6119	1.275154239568392
6122	6122	-0.5996708207504293
6123	6123	0.8585264483864323
6124	6124	0.650212552795452
6125	6125	0.02527086602251106
6128	6128	1.0668403439774115
6131	6131	2.3167237175232924
6132	6132	0.8585264483864323
6133	6133	0.650212552795452
6134	6134	0.650212552795452
6136	6136	1.0668403439774115
6137	6137	1.0668403439774115
6138	6138	0.4418986572044717
6140	6140	-0.18304302956846868
6141	6141	0.8585264483864323
6142	6142	0.8585264483864323
6145	6145	0.4418986572044717
6148	6148	0.650212552795452
6149	6149	0.8585264483864323
6150	6150	0.8585264483864323
6151	6151	-0.18304302956846868
6154	6154	0.23358476161349137
6163	6163	1.275154239568392
6169	6169	-0.807984716341409
6172	6172	-1.2246125075233696
6177	6177	1.0668403439774115
6180	6180	-1.4329264031143494
6184	6184	-0.5996708207504293
6188	6188	-1.2246125075233696
6189	6189	-0.807984716341409
6191	6191	0.02527086602251106
6194	6194	0.4418986572044717
6195	6195	0.02527086602251106
6201	6201	1.275154239568392
6202	6202	0.23358476161349137
6203	6203	0.23358476161349137
6209	6209	1.4834681351593721
6210	6210	1.275154239568392
6214	6214	1.0668403439774115
6216	6216	0.650212552795452
6217	6217	1.0668403439774115
6218	6218	0.02527086602251106
6220	6220	0.4418986572044717
6221	6221	-0.5996708207504293
6231	6231	0.650212552795452
6235	6235	-0.807984716341409
6237	6237	-0.391356925159449
6240	6240	0.02527086602251106
6241	6241	-0.18304302956846868
6242	6242	0.23358476161349137
6243	6243	-0.5996708207504293
6244	6244	0.23358476161349137
6255	6255	0.4418986572044717
6258	6258	2.5250376131142724
6268	6268	0.02527086602251106
6276	6276	0.02527086602251106
6284	6284	0.8585264483864323
6396	6396	-0.18304302956846868
6897	6897	0.8585264483864323
6898	6898	-0.807984716341409
6900	6900	0.650212552795452
6903	6903	-1.4329264031143494
6907	6907	0.02527086602251106
6909	6909	-1.6412402987053298
6911	6911	-2.0578680898872896
6913	6913	0.23358476161349137
6917	6917	-0.18304302956846868
6919	6919	-0.807984716341409
6920	6920	1.4834681351593721
6922	6922	-0.807984716341409
6923	6923	-1.0162986119323894
6924	6924	0.02527086602251106
6926	6926	-1.0162986119323894
6929	6929	-1.2246125075233696
6931	6931	-0.391356925159449
6932	6932	-1.84955419429631
6933	6933	0.650212552795452
6938	6938	0.23358476161349137
6940	6940	-1.0162986119323894
6943	6943	-0.391356925159449
6944	6944	-0.5996708207504293
6945	6945	0.4418986572044717
6951	6951	-1.2246125075233696
6956	6956	1.0668403439774115
6957	6957	-0.18304302956846868
6958	6958	-1.2246125075233696
6959	6959	-0.807984716341409
6960	6960	-1.4329264031143494
6963	6963	-1.2246125075233696
6966	6966	-0.391356925159449
6967	6967	-1.6412402987053298
6968	6968	-0.391356925159449
6969	6969	0.02527086602251106
6971	6971	0.4418986572044717
6973	6973	-0.391356925159449
6974	6974	0.8585264483864323
6975	6975	-2.4744958810692506
6976	6976	-0.391356925159449
6979	6979	-2.0578680898872896
6981	6981	-1.2246125075233696
6982	6982	-1.4329264031143494
6984	6984	-1.2246125075233696
6987	6987	-1.0162986119323894
6989	6989	0.8585264483864323
6990	6990	1.6917820307503524
6992	6992	-1.0162986119323894
7000	7000	-0.807984716341409
7002	7002	1.9000959263413328
7013	7013	-1.0162986119323894
7028	7028	-1.6412402987053298
7062	7062	-1.84955419429631
7071	7071	-0.807984716341409
7081	7081	-1.2246125075233696
7092	7092	-0.807984716341409
7094	7094	-0.5996708207504293
7102	7102	1.0668403439774115
7109	7109	-1.4329264031143494
7126	7126	-0.391356925159449
7143	7143	-1.4329264031143494
7147	7147	-1.0162986119323894
7163	7163	-1.4329264031143494
7164	7164	-0.18304302956846868
7169	7169	1.0668403439774115
7181	7181	-0.18304302956846868
7186	7186	-1.4329264031143494
7192	7192	-1.2246125075233696
7231	7231	-1.6412402987053298
7244	7244	-1.2246125075233696
7255	7255	-1.2246125075233696
7258	7258	-1.2246125075233696
7268	7268	0.02527086602251106
7276	7276	-0.5996708207504293
7282	7282	-0.391356925159449
7287	7287	-0.807984716341409
7296	7296	-1.4329264031143494
7316	7316	0.02527086602251106
7320	7320	-0.807984716341409
7323	7323	-1.0162986119323894
7337	7337	-1.2246125075233696
7343	7343	0.4418986572044717
7353	7353	0.02527086602251106
7372	7372	-0.5996708207504293
7378	7378	-1.0162986119323894
7382	7382	-0.807984716341409
7384	7384	0.23358476161349137
7424	7424	-1.4329264031143494
7460	7460	-1.0162986119323894
7461	7461	-2.0578680898872896
7477	7477	-1.4329264031143494
7514	7514	0.02527086602251106
7515	7515	-1.2246125075233696
7516	7516	0.23358476161349137
7517	7517	0.650212552795452
7520	7520	-1.6412402987053298
7521	7521	0.02527086602251106
7523	7523	0.4418986572044717
7525	7525	-0.807984716341409
8222	8222	0.4418986572044717
8227	8227	-1.0162986119323894
8230	8230	1.275154239568392
8231	8231	1.4834681351593721
8233	8233	-0.807984716341409
8235	8235	0.02527086602251106
8236	8236	-1.6412402987053298
8240	8240	0.8585264483864323
8241	8241	0.23358476161349137
8247	8247	1.275154239568392
8249	8249	1.9000959263413328
8256	8256	-0.5996708207504293
8259	8259	-0.18304302956846868
8283	8283	0.4418986572044717
8284	8284	-0.391356925159449
8285	8285	-0.807984716341409
8290	8290	-1.4329264031143494
8297	8297	-0.391356925159449
8306	8306	0.650212552795452
8307	8307	0.650212552795452
8311	8311	-0.807984716341409
8312	8312	-0.807984716341409
8334	8334	0.650212552795452
8335	8335	1.0668403439774115
8343	8343	-0.18304302956846868
8351	8351	-0.18304302956846868
8354	8354	-1.4329264031143494
8365	8365	-1.0162986119323894
8366	8366	0.650212552795452
8369	8369	0.4418986572044717
8386	8386	-0.807984716341409
8420	8420	-0.807984716341409
8424	8424	-0.5996708207504293
9057	9057	0.02527086602251106
9058	9058	2.5250376131142724
9104	9104	-0.18304302956846868
9323	9323	-0.807984716341409
9332	9332	0.02527086602251106
9336	9336	0.4418986572044717
9339	9339	0.23358476161349137
9343	9343	-0.5996708207504293
9352	9352	-0.18304302956846868
9353	9353	1.0668403439774115
9363	9363	0.4418986572044717
9369	9369	0.4418986572044717
9371	9371	0.8585264483864323
9380	9380	-0.391356925159449
9381	9381	0.02527086602251106
9382	9382	0.02527086602251106
9383	9383	0.8585264483864323
9386	9386	-0.5996708207504293
9388	9388	-1.6412402987053298
9390	9390	-0.807984716341409
9391	9391	-1.4329264031143494
9392	9392	3.566607091069173
9399	9399	-0.18304302956846868
9402	9402	-0.391356925159449
9404	9404	0.8585264483864323
9405	9405	1.0668403439774115
9407	9407	0.23358476161349137
9408	9408	-0.5996708207504293
9409	9409	-0.5996708207504293
9412	9412	-1.6412402987053298
9413	9413	-1.4329264031143494
9416	9416	0.23358476161349137
9421	9421	0.8585264483864323
9427	9427	-0.18304302956846868
9433	9433	2.108409821932313
9436	9436	-1.0162986119323894
9450	9450	-1.0162986119323894
9451	9451	0.650212552795452
9452	9452	-0.18304302956846868
9453	9453	-0.18304302956846868
9455	9455	0.02527086602251106
9471	9471	0.4418986572044717
9476	9476	0.4418986572044717
