1	1	0.027402011327301638
2	2	0.6126312600134096
23	23	-0.4245146898418193
66	66	-0.9256856222472172
81	81	0.6293520956901556
91	91	-0.959127293600709
94	94	-0.6788573278210831
96	96	0.34509788918547457
104	104	-0.34045637356110914
116	116	-0.10636467408666592
126	126	-1.3604273498426116
149	149	-0.4450505513865715
166	166	-0.6234063548830039
173	173	0.027402011327301638
178	178	-0.5745480730355523
223	223	-0.2735730308541254
242	242	-0.5488822591051744
258	258	-0.5411064016820605
259	259	-0.5076647303285685
260	260	1.2480230157297556
267	267	0.8968854665180908
281	281	-0.6079897443890442
282	282	-0.1398063454401578
321	321	-0.18996885247039563
328	328	-0.4913980325488031
357	357	-0.6380598264366771
362	362	0.3618187248622205
366	366	0.5959104243366637
373	373	1.2145813443762636
374	374	-0.5076647303285685
378	378	-0.8588022795402334
379	379	-0.45750222329833073
380	380	0.5624687529831719
383	383	1.1811396730227717
386	386	0.40037697193279664
390	390	0.6460729313669016
392	392	0.14444786106452323
641	641	-0.390618880591347
957	957	0.2782145464784908
1716	1716	0.46214373892269617
1859	1859	-0.5411064016820605
1867	1867	1.0306521519320582
1925	1925	0.25750746357640864
1967	1967	1.415231372497215
2057	2057	0.9448475115732686
2150	2150	0.2447728751249989
2187	2187	1.1138015235853806
2274	2274	-0.5912689087122983
2290	2290	0.43207298804163624
4802	4802	1.4279659609486244
4997	4997	1.381789701143723
5056	5056	0.6962354383971394
5116	5116	0.7798396167808691
5122	5122	0.7664897015765552
5158	5158	1.2123808824012041
5160	5160	1.4653938795274528
5202	5202	1.7830897573856257
5207	5207	-0.05620216705642808
5232	5232	-0.3237355378843632
5245	5245	-0.2902938665308713
5264	5264	-0.4240605519448388
5341	5341	-0.4240605519448388
5380	5380	-0.1398063454401578
5381	5381	-0.373898044914601
5565	5565	-0.006039660026190251
5606	5606	0.5959104243366637
5628	5628	2.334877334718242
5729	5729	0.32837705350872864
5742	5742	0.6460729313669016
5753	5753	-0.674873087096028
5785	5785	1.7329272503553879
5805	5805	2.4519231844554636
5832	5832	0.8300021238111069
5837	5837	-0.45750222329833073
5887	5887	-0.4073397162680929
5896	5896	0.010681175650555692
5987	5987	-0.35717720923785506
6005	6005	-0.9424064579239632
6008	6008	-0.4407813876215848
6009	6009	1.316270778627962
6016	6016	0.6795146027203934
6019	6019	1.9168564427995933
6020	6020	1.4319522081739608
6039	6039	-0.022760495702936194
6040	6040	0.6962354383971394
6042	6042	-0.2568521951773794
6046	6046	2.21783148498102
6064	6064	3.0705941044950635
6074	6074	2.1676689779507825
6076	6076	1.716206414678642
6085	6085	1.6326022362949122
6094	6094	1.6994855790018961
6096	6096	2.698749472381316
6098	6098	2.5522481985159393
6100	6100	2.4608654873753872
6102	6102	4.023681738069582
6109	6109	2.953548254757842
6112	6112	1.8499731000926096
6119	6119	1.5322772222344365
6124	6124	4.039058218557918
6169	6169	1.080814658962296
6188	6188	-0.47422305897507666
6190	6190	-0.17324801679364968
6194	6194	1.5155563865576906
6202	6202	1.9001356071228472
6203	6203	1.448673043850707
6242	6242	1.4319522081739608
6243	6243	-0.4407813876215848
6318	6318	-0.7751981011565037
6413	6413	1.9168564427995933
6448	6448	-0.9424064579239632
6449	6449	-0.23676043902820149
6709	6709	-0.7417564298030118
6727	6727	0.9804896449018204
6729	6729	-0.2066896881471416
6730	6730	-0.1398063454401578
6744	6744	-0.658152251419282
6810	6810	0.09765627450671738
6830	6830	-0.12308550976341186
6847	6847	0.20913074179644717
6897	6897	-0.47422305897507666
6898	6898	-1.9122149271752278
6899	6899	-0.5243855660053145
6900	6900	1.2145813443762636
6903	6903	-0.45750222329833073
6904	6904	-0.35717720923785506
6905	6905	-0.30364378173518525
6906	6906	-1.3771481855193577
6907	6907	0.34509788918547457
6909	6909	-0.15652718111690375
6910	6910	-0.8420814438634875
6911	6911	-1.510914870933325
6913	6913	1.7329272503553879
6914	6914	0.32837705350872864
6915	6915	-0.47422305897507666
6916	6916	-0.1398063454401578
6917	6917	3.505335832090458
6918	6918	3.7668430137404934
6919	6919	-0.10636467408666592
6921	6921	1.080814658962296
6922	6922	-0.7417564298030118
6923	6923	-0.975848129277455
6924	6924	-0.17324801679364968
6926	6926	-0.6414314157425361
6928	6928	0.6627937670436475
6929	6929	-0.18996885247039563
6930	6930	-0.7083147584495199
6931	6931	-0.8588022795402334
6932	6932	-0.7417564298030118
6933	6933	-1.0775195719099648
6936	6936	0.027402011327301638
6937	6937	0.1277270253877773
6938	6938	0.1277270253877773
6939	6939	-1.293544007135628
6940	6940	-0.5076647303285685
6942	6942	-1.1263356503681685
6943	6943	-0.7751981011565037
6944	6944	-0.8086397725099955
6946	6946	-0.05620216705642808
6951	6951	0.06084368268079352
6953	6953	0.3618187248622205
6956	6956	0.2614937108017448
6957	6957	0.5791895886599178
6958	6958	-0.6414314157425361
6959	6959	-0.1252859717384716
6960	6960	-0.5912689087122983
6961	6961	-1.3102648428123738
6962	6962	-0.18996885247039563
6963	6963	-0.10636467408666592
6964	6964	0.813281288134361
6965	6965	1.097535494639042
6966	6966	-0.45750222329833073
6967	6967	-1.0928939790146766
6968	6968	1.114256330315788
6970	6970	-1.1263356503681685
6971	6971	-0.7049431691436608
6973	6973	-0.9256856222472172
6974	6974	2.4352023487787173
6975	6975	-0.5076647303285685
6976	6976	0.07756451835753947
6977	6977	-0.975848129277455
6979	6979	-1.7450065704077684
6980	6980	0.5959104243366637
6981	6981	-0.8755231152169793
6982	6982	0.16116869674126919
6983	6983	0.8634437951645988
6984	6984	-0.8420814438634875
6985	6985	-0.5711764837296933
6987	6987	-0.9256856222472172
6988	6988	-0.2234105238238875
6989	6989	-0.8420814438634875
6990	6990	0.11100618971103135
6992	6992	0.027402011327301638
6994	6994	0.07756451835753947
6996	6996	-0.373898044914601
6998	6998	1.448673043850707
7000	7000	-0.5578272373588063
7002	7002	0.0882591648563862
7004	7004	-0.5243855660053145
7008	7008	1.0340230724044903
7011	7011	-0.6414314157425361
7013	7013	-0.45750222329833073
7014	7014	0.42471582034386807
7015	7015	-0.4073397162680929
7017	7017	-1.4774731995798334
7024	7024	-0.12308550976341186
7025	7025	-0.34045637356110914
7026	7026	-0.373898044914601
7028	7028	-1.24338150010539
7029	7029	0.29493538215523674
7030	7030	-1.0594523076611848
7031	7031	-0.8253606081867415
7032	7032	-0.975848129277455
7035	7035	1.097535494639042
7062	7062	-0.7919189368332497
7064	7064	-0.24013135950063347
7069	7069	0.4287020675692043
7071	7071	-0.3237355378843632
7073	7073	-0.32593599985942295
7075	7075	1.2814646870832473
7078	7078	-0.7417564298030118
7079	7079	-1.284599028881996
7080	7080	-0.17324801679364968
7081	7081	-1.1597773217216605
7092	7092	0.027402011327301638
7094	7094	-0.49094389465182264
7098	7098	-1.2099398287518983
7100	7100	0.4955854102761881
7102	7102	0.5290270816296799
7104	7104	-0.6826489445191419
7105	7105	-0.691593922772774
7106	7106	-0.16632559082347684
7109	7109	-1.2139240694769533
7110	7110	-0.08964383840991998
7113	7113	0.06084368268079352
7116	7116	-0.5899941122003032
7117	7117	-1.5298375062519851
7121	7121	-0.8086397725099955
7123	7123	-0.49094389465182264
7126	7126	0.8300021238111069
7128	7128	-0.691593922772774
7135	7135	-0.2568521951773794
7139	7139	-0.6247105800657902
7141	7141	-0.691593922772774
7143	7143	-0.7083147584495199
7145	7145	-0.5243855660053145
7147	7147	-0.4407813876215848
7149	7149	-0.7250355941262658
7150	7150	-1.0761731433379307
7151	7151	-0.691593922772774
7152	7152	-0.7919189368332497
7158	7158	-0.9925689649542009
7163	7163	-1.4273106925495955
7164	7164	1.749648086032134
7165	7165	-0.4151155736912069
7166	7166	-0.022760495702936194
7168	7168	0.2614937108017448
7169	7169	0.8300021238111069
7172	7172	-0.7250355941262658
7176	7176	-1.009289800630947
7178	7178	-0.7417564298030118
7181	7181	1.0139313162553123
7186	7186	-0.30701470220761723
7188	7188	-0.674873087096028
7192	7192	-0.7049431691436608
7195	7195	-0.5243855660053145
7199	7199	-0.9089647865704712
7201	7201	-0.10636467408666592
7205	7205	-0.3353397978440249
7206	7206	-0.8253606081867415
7210	7210	0.19461036809476107
7223	7223	0.38748186345889024
7224	7224	-0.4240605519448388
7227	7227	1.0640938232855501
7228	7228	-0.05620216705642808
7229	7229	0.21133120377150702
7231	7231	0.22805203944825297
7238	7238	-1.3514823715889797
7239	7239	-2.764977546689271
7242	7242	-0.18996885247039563
7244	7244	-1.0928939790146766
7245	7245	-1.577798213640309
7246	7246	-0.8253606081867415
7252	7252	1.9168564427995933
7255	7255	-0.9089647865704712
7256	7256	-1.2271148023256244
7258	7258	-0.4240605519448388
7260	7260	-0.9256856222472172
7262	7262	-1.1597773217216605
7263	7263	-1.2099398287518983
7265	7265	-1.6948440633775306
7268	7268	-0.9501823153470771
7270	7270	-0.023215302433343694
7275	7275	-1.4607523639030873
7276	7276	-0.08964383840991998
7277	7277	-0.8588022795402334
7280	7280	-0.5745480730355523
7281	7281	-0.05620216705642808
7282	7282	-0.7919189368332497
7283	7283	0.21133120377150702
7284	7284	1.14769800166928
7287	7287	-0.49094389465182264
7291	7291	-1.4273106925495955
7292	7292	-0.4073397162680929
7296	7296	0.010681175650555692
7297	7297	-0.4374097983157258
7298	7298	0.027402011327301638
7299	7299	-0.975848129277455
7300	7300	-0.8387098545576285
7301	7301	-0.7718265118506447
7303	7303	-0.902039016433163
7305	7305	0.006628045082512418
7306	7306	-0.2234105238238875
7307	7307	-0.9925689649542009
7309	7309	0.012032219173236824
7310	7310	-0.17324801679364968
7316	7316	0.7965604524576151
7320	7320	0.22805203944825297
7323	7323	-0.03611041090725017
7327	7327	-1.1597773217216605
7328	7328	-1.1825263530765866
7330	7330	-0.35717720923785506
7331	7331	-1.3102648428123738
7333	7333	-0.975848129277455
7337	7337	-0.2902938665308713
7340	7340	-0.5076647303285685
7343	7343	-0.691593922772774
7344	7344	-0.49094389465182264
7346	7346	-0.49094389465182264
7351	7351	0.8801646308413448
7352	7352	0.34509788918547457
7353	7353	0.41198123189245833
7354	7354	1.5155563865576906
7355	7355	0.7296771097506313
7372	7372	-0.24013135950063347
7373	7373	-0.2568521951773794
7376	7376	-0.4240605519448388
7378	7378	-0.07292300273317402
7379	7379	-0.45750222329833073
7381	7381	-0.2568521951773794
7382	7382	-1.3604273498426116
7384	7384	0.6327230161625876
7386	7386	-0.6414314157425361
7390	7390	1.114256330315788
7391	7391	2.050623128213561
7392	7392	-0.7751981011565037
7394	7394	-0.758931403376738
7397	7397	-1.7282857347310225
7403	7403	-1.6614023920240386
7404	7404	-0.9424064579239632
7405	7405	0.31165621783198266
7406	7406	-0.2066896881471416
7408	7408	-0.45750222329833073
7411	7411	-0.7919189368332497
7413	7413	-0.390618880591347
7418	7418	-1.0260106363076928
7423	7423	-0.42269746942047054
7424	7424	-0.8922439508937253
7425	7425	-0.10299375361423395
7430	7430	-0.6079897443890442
7438	7438	0.31165621783198266
7446	7446	0.7129562740738853
7449	7449	-0.17324801679364968
7457	7457	-1.2271148023256244
7460	7460	-0.4073397162680929
7461	7461	-0.5411064016820605
7462	7462	-0.7571141829553895
7463	7463	-0.5411064016820605
7472	7472	0.07756451835753947
7477	7477	0.14444786106452323
7479	7479	0.31165621783198266
7482	7482	-0.5912689087122983
7483	7483	-0.10299375361423395
7490	7490	-0.20157311243005735
7492	7492	-0.3237355378843632
7496	7496	0.9008717137434269
7498	7498	0.22805203944825297
7502	7502	1.2313021800530095
7504	7504	0.9303271378715826
7506	7506	1.5991605649414204
7507	7507	-0.5411064016820605
7508	7508	0.21133120377150702
7514	7514	0.7129562740738853
7515	7515	0.5290270816296799
7516	7516	2.21783148498102
7517	7517	2.3493977084199282
7518	7518	1.983739785506577
7519	7519	0.5881318915798416
7520	7520	-0.49094389465182264
7521	7521	-0.35717720923785506
7522	7522	0.4788645745994421
7523	7523	-0.21446822090396384
7524	7524	0.2614937108017448
7525	7525	-0.5411064016820605
8213	8213	-1.4105898568728494
8214	8214	-0.5243855660053145
8215	8215	-0.5076647303285685
8222	8222	1.398510536820469
8231	8231	1.2981855227599934
8234	8234	1.6660439076484042
8235	8235	-0.05620216705642808
8236	8236	-0.2234105238238875
8237	8237	1.3483480297902313
8239	8239	-0.674873087096028
8240	8240	1.983739785506577
8241	8241	0.6679103427607317
8242	8242	2.669294048253161
8243	8243	-0.006039660026190251
8244	8244	0.4955854102761881
8246	8246	0.5791895886599178
8247	8247	0.868560370881683
8249	8249	0.6773141407453336
8254	8254	-0.658152251419282
8256	8256	-0.5243855660053145
8258	8258	0.11100618971103135
8259	8259	0.14444786106452323
8264	8264	-0.5745480730355523
8265	8265	-0.7584772654797577
8270	8270	-0.6414314157425361
8271	8271	-0.2568521951773794
8274	8274	0.5658396734556038
8275	8275	0.4287020675692043
8283	8283	1.0306521519320582
8284	8284	0.17788953241801514
8285	8285	-0.4073397162680929
8296	8296	-1.3269856784891199
8297	8297	1.1978605086995178
8300	8300	0.07756451835753947
8304	8304	-0.9925689649542009
8306	8306	1.5991605649414204
8310	8310	-0.37992624059278146
8311	8311	-0.18996885247039563
8312	8312	-0.6247105800657902
8313	8313	-0.8086397725099955
8314	8314	-0.2902938665308713
8323	8323	-0.18996885247039563
8325	8325	-0.390618880591347
8326	8326	0.4788645745994421
8329	8329	-1.4183657142959636
8334	8334	-0.3237355378843632
8335	8335	1.3483480297902313
8337	8337	-0.2735730308541254
8343	8343	-0.658152251419282
8351	8351	1.7998105930623718
8353	8353	-2.3770274056516825
8354	8354	-0.7919189368332497
8357	8357	-0.6247105800657902
8365	8365	-0.7083147584495199
8369	8369	0.5658396734556038
8374	8374	-0.2735730308541254
8376	8376	1.5991605649414204
8378	8378	-0.4073397162680929
8387	8387	-0.2066896881471416
8388	8388	-0.6247105800657902
8389	8389	-0.4073397162680929
8395	8395	-0.2568521951773794
8412	8412	-1.3814173492843445
8419	8419	0.14444786106452323
8420	8420	0.09428535403428541
8422	8422	2.903385747727604
8423	8423	-0.2234105238238875
8424	8424	0.11100618971103135
8426	8426	-0.9256856222472172
8430	8430	0.9972104805785664
8692	8692	-0.05620216705642808
8796	8796	0.027402011327301638
9057	9057	0.5791895886599178
9058	9058	1.215932387898945
