5837	5837	-0.3483805328255988
6008	6008	-0.8851325647249748
6009	6009	1.4765763756322798
6016	6016	0.43885578062681946
6040	6040	-0.026329313685973136
6042	6042	-0.8851325647249748
6043	6043	1.6018185164088008
6046	6046	2.013328407531656
6064	6064	2.800564720984074
6074	6074	0.15258803028048554
6243	6243	-0.7777821583450996
6709	6709	-0.7062152207585162
6897	6897	0.11680456148719381
6898	6898	-1.0282664398981418
6899	6899	-0.9566995023115583
6900	6900	1.3692259692524045
6901	6901	1.2976590316658212
6903	6903	-0.3483805328255988
6904	6904	0.43885578062681946
6905	6905	-0.16946318885914008
6906	6906	-0.455730939205474
6907	6907	0.5462061870066947
6908	6908	-0.3483805328255988
6909	6909	-0.9209160335182666
6910	6910	-0.9209160335182666
6911	6911	-0.7062152207585162
6913	6913	1.7986275947719055
6914	6914	0.11680456148719381
6915	6915	-0.2768135952390153
6916	6916	-0.8135656271383913
6917	6917	3.9456357223694094
6918	6918	5.269624067721204
6919	6919	0.0094541551073186
6920	6920	0.5104227182134029
6921	6921	0.47463924942011115
6922	6922	-0.9209160335182666
6923	6923	-0.9209160335182666
6924	6924	-0.5272978767920574
6926	6926	-0.8135656271383913
6927	6927	0.25993843666036076
6928	6928	0.224154967867069
6929	6929	0.0094541551073186
6930	6930	0.1883714990737773
6931	6931	-0.99248297110485
6932	6932	-1.0282664398981418
6933	6933	0.15258803028048554
6936	6936	0.15258803028048554
6937	6937	0.15258803028048554
6939	6939	-0.99248297110485
6940	6940	-0.9566995023115583
6942	6942	-0.99248297110485
6943	6943	-0.8851325647249748
6944	6944	-0.9566995023115583
6945	6945	0.7966904685597368
6946	6946	-0.38416400161889047
6951	6951	-0.24103012644572355
6956	6956	0.045237623900610334
6958	6958	-0.8493490959316831
6959	6959	-0.13367972006584833
6960	6960	-0.9209160335182666
6961	6961	0.045237623900610334
6962	6962	-0.4915144079987657
6963	6963	0.6535565933865698
6964	6964	0.4030723118335277
6965	6965	0.15258803028048554
6966	6966	0.15258803028048554
6967	6967	-1.0282664398981418
6968	6968	0.8324739373530285
6969	6969	0.7966904685597368
6970	6970	0.08102109269390208
6971	6971	0.6893400621798615
6972	6972	-0.13367972006584833
6973	6973	-0.8135656271383913
6974	6974	1.0829582189060707
6975	6975	-0.4915144079987657
6976	6976	0.6177731245932782
6977	6977	-0.9566995023115583
6978	6978	-0.99248297110485
6979	6979	-1.0282664398981418
6980	6980	0.6535565933865698
6981	6981	-1.0282664398981418
6982	6982	-0.9209160335182666
6983	6983	0.5819896557999864
6984	6984	-0.8493490959316831
6985	6985	-0.5988648143786409
6988	6988	0.2957219054536525
7033	7033	0.3315053742469442
7081	7081	-0.4915144079987657
7296	7296	-0.5272978767920574
7323	7323	0.1883714990737773
7438	7438	-0.455730939205474
7514	7514	0.045237623900610334
7515	7515	0.15258803028048554
7516	7516	1.1903086252859458
7517	7517	1.583926782012155
7518	7518	0.0094541551073186
7519	7519	0.4030723118335277
7520	7520	-0.5988648143786409
7521	7521	-0.026329313685973136
7522	7522	0.7251235309731533
7523	7523	0.43885578062681946
7524	7524	0.47463924942011115
7525	7525	-0.7062152207585162
7526	7526	0.5819896557999864
8213	8213	-0.99248297110485
8214	8214	-0.312597064032307
8215	8215	-0.5630813455853492
8222	8222	0.224154967867069
8230	8230	2.0848953451182393
8231	8231	0.7966904685597368
8233	8233	0.1883714990737773
8235	8235	0.25993843666036076
8236	8236	-0.5988648143786409
8237	8237	-0.5272978767920574
8239	8239	-0.8493490959316831
8240	8240	1.6554937195987385
8241	8241	0.43885578062681946
8242	8242	0.224154967867069
8243	8243	0.7251235309731533
8245	8245	-0.2768135952390153
8247	8247	1.1545251564926542
8249	8249	0.15258803028048554
8254	8254	-0.3483805328255988
8256	8256	-0.8135656271383913
8258	8258	0.0094541551073186
8259	8259	-0.026329313685973136
8264	8264	0.15258803028048554
8265	8265	-1.0282664398981418
8266	8266	2.800564720984074
8270	8270	-0.2052466576524318
8271	8271	-0.8493490959316831
8274	8274	0.5462061870066947
8275	8275	-0.38416400161889047
8283	8283	0.3315053742469442
8284	8284	0.3315053742469442
8285	8285	-0.24103012644572355
8290	8290	-0.9209160335182666
8296	8296	-0.9566995023115583
8297	8297	0.6177731245932782
8300	8300	-0.3483805328255988
8306	8306	-0.13367972006584833
8310	8310	-0.8851325647249748
8311	8311	-0.24103012644572355
8312	8312	-0.8135656271383913
8313	8313	-0.99248297110485
8314	8314	-0.7777821583450996
8323	8323	-0.9209160335182666
8325	8325	-0.9209160335182666
8326	8326	0.224154967867069
8329	8329	-0.99248297110485
8334	8334	-0.455730939205474
8335	8335	1.0829582189060707
8337	8337	0.3315053742469442
8343	8343	-0.24103012644572355
8351	8351	0.760906999766445
8353	8353	-0.9209160335182666
8354	8354	-0.7419986895518078
8357	8357	-0.06211278247926487
8365	8365	-0.9209160335182666
8369	8369	0.43885578062681946
8374	8374	-0.24103012644572355
8376	8376	1.8701945323584888
8378	8378	-0.5630813455853492
8387	8387	-0.5272978767920574
8388	8388	-0.5988648143786409
8389	8389	-0.4199474704121822
8395	8395	-0.5630813455853492
8412	8412	-0.99248297110485
8420	8420	-0.8135656271383913
8422	8422	4.661305098235244
8423	8423	-0.3483805328255988
8424	8424	-0.026329313685973136
8426	8426	-0.9566995023115583
9057	9057	0.15258803028048554
9058	9058	0.7966904685597368
100000	100000	-0.99248297110485
