992	992	-1.0492466580274353
997	997	-0.9432100992801536
1002	1002	-1.0301011682596832
1435	1435	0.4234833246375179
5830	5830	0.03191041165630289
5831	5831	-1.0492466580274353
5832	5832	-1.0492466580274353
5856	5856	1.106830036768663
5867	5867	0.4048411730047456
6012	6012	0.7533748407912269
6013	6013	-0.5036001994282443
6016	6016	1.1615155574485336
6017	6017	0.6738474217594839
6019	6019	-0.932029373695691
6020	6020	-1.0492466580274353
6021	6021	1.1615155574485336
6023	6023	-1.0492466580274353
6024	6024	-1.0492466580274353
6025	6025	1.2482121150217902
6030	6030	1.2482121150217902
6034	6034	1.1107573167009936
6035	6035	1.1635688969827018
6036	6036	1.2482121150217902
6038	6038	1.1798353657363745
6039	6039	1.2482121150217902
6040	6040	-1.0492466580274353
6041	6041	1.195193835590713
6042	6042	0.9349222822497155
6043	6043	1.1741005417346777
6046	6046	1.2482121150217902
6064	6064	1.2482121150217902
6069	6069	1.1963897366305118
6071	6071	-0.28342706708760873
6073	6073	-1.0492466580274353
6074	6074	-0.47488196476512895
6076	6076	-1.026272070296943
6085	6085	-0.3112750521667441
6086	6086	0.6436177011461109
6090	6090	-1.0492466580274353
6092	6092	-0.7778932596828291
6097	6097	-1.0492466580274353
6098	6098	-1.0492466580274353
6099	6099	0.8520985334695013
6100	6100	-0.7771791718178416
6102	6102	-0.11590403147618744
6104	6104	-1.0017130282457556
6106	6106	-1.026272070296943
6107	6107	-0.5241132241219707
6108	6108	0.4627561241905666
6111	6111	-1.0492466580274353
6112	6112	-0.9150884815080691
6114	6114	-1.0492466580274353
6125	6125	-1.0492466580274353
6126	6126	-0.592160619367009
6128	6128	-1.0492466580274353
6131	6131	-1.0492466580274353
6132	6132	-0.9895724041912505
6133	6133	-1.0492466580274353
6136	6136	-0.9726646989334528
6137	6137	-1.0492466580274353
6138	6138	-0.9246856402112366
6140	6140	-1.026272070296943
6142	6142	-1.0301011682596832
6145	6145	-0.4994274645145025
6148	6148	-1.0492466580274353
6150	6150	-1.026272070296943
6151	6151	-1.0492466580274353
6154	6154	1.2482121150217902
6163	6163	1.2482121150217902
6166	6166	1.2482121150217902
6169	6169	1.0714845171479448
6171	6171	1.2482121150217902
6172	6172	1.154819481980348
6173	6173	0.7558995207641349
6174	6174	0.8653023194370041
6177	6177	1.2290666253229618
6180	6180	1.225237527291298
6184	6184	1.2482121150217902
6188	6188	1.2482121150217902
6189	6189	-0.7757396613452637
6193	6193	0.34563902551113196
6194	6194	1.1657392359833632
6195	6195	-0.7063423636419185
6198	6198	1.2290666253229618
6201	6201	1.209921135394388
6202	6202	1.2305393552114312
6209	6209	-0.94770151888168
6210	6210	-0.8195007807225128
6216	6216	1.2305393552114312
6217	6217	1.2482121150217902
6218	6218	1.2482121150217902
6220	6220	1.2482121150217902
6231	6231	1.2482121150217902
6238	6238	0.6787565216174604
6240	6240	1.1792883518303134
6241	6241	1.0714845171479448
6242	6242	-0.9891823763783387
6243	6243	1.201325201206384
6244	6244	1.2482121150217902
6258	6258	0.882245230815192
6268	6268	-0.9069262030709665
6276	6276	-0.5002963317175386
6284	6284	-1.003297482566451
6913	6913	1.2482121150217902
6973	6973	-0.9823303830893843
6974	6974	-1.0492466580274353
7516	7516	-1.0492466580274353
7518	7518	-1.0492466580274353
8222	8222	-1.0492466580274353
8230	8230	-0.7399733616907698
8231	8231	-0.9760791811740512
8237	8237	-1.0492466580274353
8240	8240	-1.0492466580274353
8241	8241	-0.9104739804693384
8242	8242	-0.5993945905868769
8247	8247	1.131885088520836
8249	8249	1.225237527291298
8256	8256	0.7589384873428827
8258	8258	-1.0492466580274353
8259	8259	-0.3950034313122395
8283	8283	1.2305393552114312
8306	8306	-1.0492466580274353
8334	8334	-1.0492466580274353
8335	8335	-1.026272070296943
8369	8369	-0.8159110013896234
8376	8376	1.2482121150217902
8386	8386	0.9805470151776876
8387	8387	-1.0492466580274353
9057	9057	-0.8127435489695015
9058	9058	1.1598483159699948
9321	9321	1.2482121150217902
9323	9323	0.5812079552080293
9382	9382	-0.06109234699652462
9386	9386	1.2482121150217902
9388	9388	1.2482121150217902
9390	9390	1.225237527291298
9391	9391	0.9558082711165037
9399	9399	-0.9790952450985021
9402	9402	-0.5554003797728576
9404	9404	-1.0492466580274353
9405	9405	-1.0492466580274353
9407	9407	-0.9739201408688646
9408	9408	-0.523322360468943
9409	9409	-1.0492466580274353
9412	9412	-0.40595820157365214
9416	9416	0.837951619768787
9421	9421	-1.026272070296943
9427	9427	1.2482121150217902
9433	9433	1.0873900009083444
9434	9434	1.2482121150217902
9437	9437	-0.39282986576047746
9442	9442	-1.0492466580274353
9450	9450	0.181534827501829
9451	9451	1.0741622078751385
9453	9453	-1.0492466580274353
9454	9454	-1.0492466580274353
9455	9455	-1.0492466580274353
9470	9470	0.6525746552487608
9471	9471	0.961029768390637
9476	9476	-1.0492466580274353
9481	9481	-0.9573483071054663
