96	96	-0.8161360291305898
149	149	-0.8807000467580166
206	206	-0.07427421094779352
224	224	-0.5573485675292991
236	236	-0.740279950807008
252	252	-1.3554581327562365
262	262	-1.1992690061624802
264	264	0.9393277266936482
394	394	-0.019766769728589505
936	936	-1.3794238709866637
1719	1719	2.5333282993401607
1743	1743	0.40787021122344075
1850	1850	-0.053815653921818335
1859	1859	-0.7959830219822756
1874	1874	-1.5757197402177048
1967	1967	-0.37279644142225926
2011	2011	1.9289772108819514
2057	2057	0.33160230480388153
2171	2171	-1.5150747318907078
2290	2290	0.07871328431917098
4802	4802	0.2594128250122281
4879	4879	0.7495945374436664
5122	5122	-0.6005240937204794
5145	5145	-0.19718497043111655
5175	5175	-2.2143588388603557
5299	5299	1.7650563439056517
5373	5373	-0.23988224463987215
5444	5444	1.0728530232313571
5494	5494	0.9284607788707601
5590	5590	-1.1669604277941874
5628	5628	-0.8967082033919773
5719	5719	0.6229507555419672
5721	5721	-0.9829795471106006
5722	5722	-0.20965937630604595
5728	5728	-1.5275225682110578
5729	5729	-1.3807124943837548
5736	5736	0.2646470272643282
5738	5738	-0.7910809391624154
5739	5739	1.1036338522113458
5742	5742	-0.6976358157074116
5744	5744	-1.3529340250712139
5746	5746	-1.8188178798399848
5752	5752	-0.2688961982403448
5785	5785	-0.37097642693358485
5788	5788	-0.027684496993186997
5805	5805	-1.5512226108956935
5812	5812	-0.6442708653351124
5816	5816	0.20162404380249402
5817	5817	0.18665209979712205
5837	5837	0.4847226478437417
6040	6040	-0.48122679365992554
6074	6074	-1.4260135849412698
6243	6243	-0.19601591002963217
6897	6897	-1.2375158799792212
6898	6898	0.11289501628529638
6899	6899	-0.2568734747932624
6903	6903	0.787283450614245
6906	6906	-2.0125896413860027
6907	6907	0.21474940376461343
6909	6909	2.3391048553662963
6913	6913	1.0922089437422953
6915	6915	1.0340481887684534
6919	6919	0.6887635422346162
6926	6926	-0.7898188853199041
6928	6928	-0.8363953144972206
6930	6930	2.928430860709975
6931	6931	2.432669541816907
6932	6932	1.2169530024915827
6936	6936	0.6983285818831233
6940	6940	0.5364535706094209
6943	6943	-0.7747406630962147
6944	6944	-1.296938688795575
6946	6946	0.35579388424823294
6951	6951	-0.07545655612656699
6956	6956	0.48975757843649786
6959	6959	-0.5763989381625768
6960	6960	-1.2316838627490894
6961	6961	0.3748841092133789
6963	6963	2.2215080067988104
6965	6965	-0.34226802321077265
6968	6968	0.3765845607064467
6973	6973	0.49524419145710014
6977	6977	-0.45651710790128075
6978	6978	1.2431771528612414
6981	6981	0.9261625123996605
6982	6982	0.691088378260295
6985	6985	-0.9569148140684172
6987	6987	-0.8850973080408719
6988	6988	-1.4425265631122353
7000	7000	-0.5019643310089821
7008	7008	0.5088345186243547
7015	7015	-0.0066281249891810045
7026	7026	-0.9473896287517782
7028	7028	-0.8223134505702507
7062	7062	1.3613851011840488
7075	7075	0.0573247928829245
7079	7079	-0.7992909315273847
7080	7080	-0.8635892536090194
7102	7102	0.6249434721354064
7121	7121	0.04923436351356221
7123	7123	-0.6013211803578551
7126	7126	1.2967280901155949
7139	7139	-0.18605232706243727
7143	7143	0.45872433868800694
7145	7145	-0.5407027415854375
7147	7147	0.6350399028754978
7151	7151	0.9406296348680281
7164	7164	0.5493265198030371
7166	7166	0.45334400388572116
7169	7169	-0.792927523205669
7172	7172	-0.010281438743818858
7178	7178	-1.0704332360079978
7192	7192	-0.20959295241959766
7201	7201	1.0031079424609888
7210	7210	1.177098670622801
7224	7224	1.4403896717252636
7255	7255	0.18558931761395417
7262	7262	1.4497023006052694
7275	7275	0.9216589728984877
7282	7282	1.9941523282646996
7284	7284	0.41461887808655484
7291	7291	-1.1802850594156502
7299	7299	-0.8905839210614742
7306	7306	-0.2634627243289008
7309	7309	0.08122410722690453
7316	7316	0.565998915301478
7320	7320	-0.593376883538678
7331	7331	2.332861010040187
7337	7337	2.6025419890189454
7344	7344	-0.10154785872333011
7351	7351	1.3849390113184992
7353	7353	0.9275308444604888
7355	7355	0.04218014677278773
7378	7378	-0.5562857853461313
7379	7379	0.1497735580412092
7384	7384	-0.3038351625119776
7390	7390	-0.4938871864169088
7404	7404	2.09623255695794
7408	7408	1.996437309958509
7418	7418	0.5646040136860705
7424	7424	-0.5839181221084875
7477	7477	0.23672242540160163
7498	7498	-0.843542524679022
7514	7514	0.04350862450174686
7515	7515	0.4708400555761167
7518	7518	-0.6239451560820338
7519	7519	-0.9704121477946448
7523	7523	-1.41749804269864
7525	7525	-1.065278742419635
8214	8214	0.24731039290140835
8215	8215	-1.6783712143343974
8230	8230	-0.5230871268994364
8233	8233	-0.6065553826099552
8236	8236	-0.2558505469419637
8239	8239	0.1000619214235483
8240	8240	-0.05413448857676879
8243	8243	0.32074864175828355
8258	8258	0.6073278574494052
8270	8270	0.001023906729625227
8271	8271	2.015567389255525
8275	8275	-0.23569753979364988
8284	8284	-0.6736833622542734
8297	8297	-0.4085457771085569
8304	8304	-0.2673950184066209
8306	8306	-0.762531952767078
8310	8310	0.6948346854559603
8311	8311	1.3173062101371757
8312	8312	0.3277098650580306
8314	8314	-1.0492971553402535
8329	8329	-0.025200243640033523
8334	8334	1.2614570064117225
8348	8348	-0.04544624422937475
8354	8354	-0.38617421215288084
8366	8366	0.7715011351942073
8420	8420	-0.8017220457713804
8422	8422	1.1106747841748312
8430	8430	0.5652682525505506
8631	8631	0.17514748266433403
8725	8725	-1.0629140520620872
8787	8787	-0.6847230121819261
8811	8811	-1.1533169615177745
9012	9012	-0.41909389027649446
9057	9057	0.7194779473281577
9077	9077	-1.5914489165285837
9104	9104	-0.04511412479713426
9152	9152	-0.9184686685923321
9179	9179	1.2077466518298943
9302	9302	-0.19590963181131568
9308	9308	-1.1661500563795222
9309	9309	0.22632044478384972
