5837	5837	-0.31796522839068847
6008	6008	-0.7051399255353797
6009	6009	1.0210139325680336
6040	6040	0.6015746773279517
6042	6042	-0.5115525769630344
6043	6043	2.230934861145193
6046	6046	2.0050829544774564
6064	6064	1.2146012811403797
6243	6243	-0.7212722045830748
6709	6709	-0.8019335998215521
6897	6897	0.4079873287556069
6898	6898	-1.2375051341093297
6899	6899	-0.8180658788692478
6900	6900	-0.14051015886603885
6901	6901	1.1178076068542067
6903	6903	-0.6244785302969025
6904	6904	-0.5115525769630344
6906	6906	-0.9793886693462023
6907	6907	0.44025188685099714
6908	6908	-0.43089118172455715
6909	6909	-0.38249434458147064
6910	6910	-0.8825949950600294
6911	6911	-0.7374044836307705
6914	6914	0.26279681732634746
6915	6915	-0.027584205532170794
6916	6916	-0.41475890267686144
6917	6917	1.2307335601880753
6919	6919	-0.6890076464876841
6920	6920	0.8274265839956889
6921	6921	1.327527234474247
6922	6922	-0.5438171350584252
6923	6923	-0.8180658788692478
6924	6924	-0.38249434458147064
6926	6926	-0.5276848560107295
6927	6927	1.3436595135219427
6928	6928	0.6015746773279517
6929	6929	-0.043716484579865905
6930	6930	-1.0277855064892887
6931	6931	-0.8019335998215521
6932	6932	-0.09211332172295238
6933	6933	-0.7374044836307705
6936	6936	-0.6567430883922932
6937	6937	0.036944910658611364
6939	6939	-0.6406108093445976
6940	6940	-0.7212722045830748
6942	6942	-0.7535367626784661
6943	6943	-0.7212722045830748
6944	6944	-0.8503304369646386
6945	6945	0.4079873287556069
6946	6946	-0.43089118172455715
6951	6951	-0.38249434458147064
6956	6956	-0.23730383315221124
6957	6957	0.02081263161091568
6958	6958	-0.6567430883922932
6959	6959	-0.5115525769630344
6960	6960	-1.0600500645846795
6961	6961	-0.898727274107725
6962	6962	-0.26956839124760257
6963	6963	-0.14051015886603885
6964	6964	0.5854423982802571
6965	6965	-0.23730383315221124
6966	6966	-0.4631557398199479
6967	6967	-0.4954202979153387
6970	6970	-0.5922139722015116
6971	6971	-0.5276848560107295
6972	6972	-0.10824560077064806
6973	6973	-0.2211715541045161
6974	6974	4.957290020205724
6975	6975	-0.785801320773857
6976	6976	-0.059848763627561585
6977	6977	-0.043716484579865905
6978	6978	-0.8180658788692478
6979	6979	-1.350431087443198
6980	6980	-0.6406108093445976
6981	6981	-1.1245791807754613
6982	6982	-0.14051015886603885
6983	6983	1.9566861173343706
6984	6984	-1.0439177855369839
6985	6985	-0.7051399255353797
6988	6988	-0.043716484579865905
7033	7033	0.5370455611371701
7081	7081	-0.6244785302969025
7296	7296	-0.0759810426752567
7323	7323	-0.576081693153816
7438	7438	-0.47928801886764305
7461	7461	-0.5115525769630344
7514	7514	-0.09211332172295238
7515	7515	2.13414118685902
7516	7516	1.650172815428156
7518	7518	0.8919557001864705
7519	7519	0.37572277066021553
7520	7520	-0.18890699600912533
7521	7521	-0.23730383315221124
7522	7522	0.7145006306618203
7523	7523	-0.10824560077064806
7524	7524	1.1178076068542067
7525	7525	-0.43089118172455715
7526	7526	1.1178076068542067
8213	8213	-0.7212722045830748
8214	8214	-0.7374044836307705
8215	8215	-0.6890076464876841
8222	8222	5.15087736877807
8230	8230	0.9080879792341662
8231	8231	0.39185504970791124
8233	8233	3.19887160400692
8235	8235	-0.09211332172295238
8236	8236	-0.2857006702952977
8239	8239	0.06920946875400216
8241	8241	1.6824373735235474
8242	8242	1.6340405363804615
8245	8245	-0.6406108093445976
8247	8247	0.6499715144710387
8254	8254	-0.6890076464876841
8256	8256	-0.366362065533775
8258	8258	-0.17277471696142965
8259	8259	0.053077189706306475
8265	8265	-0.5115525769630344
8266	8266	3.2956652782930926
8270	8270	-0.5276848560107295
8271	8271	-0.043716484579865905
8274	8274	-0.18890699600912533
8275	8275	0.24666453827865237
8284	8284	-0.10824560077064806
8285	8285	-0.2211715541045161
8290	8290	-1.0600500645846795
8297	8297	0.35959049161252044
8300	8300	-0.5922139722015116
8306	8306	0.8435588630433835
8310	8310	-0.8019335998215521
8311	8311	-0.7212722045830748
8312	8312	-0.09211332172295238
8313	8313	-0.785801320773857
8314	8314	-0.8664627160123343
8323	8323	-0.8825949950600294
8325	8325	-0.8341981579169435
8326	8326	0.5047810030417799
8329	8329	-0.8180658788692478
8334	8334	-0.043716484579865905
8337	8337	-0.09211332172295238
8343	8343	-0.3018329493429934
8351	8351	0.7790297468526018
8353	8353	-0.9309918322031159
8354	8354	-0.09211332172295238
8357	8357	-0.6406108093445976
8365	8365	0.4241196078033026
8369	8369	0.1660031430401751
8374	8374	-0.2211715541045161
8376	8376	1.3597917925696383
8378	8378	-0.44702346077225225
8387	8387	0.4079873287556069
8388	8388	-0.47928801886764305
8389	8389	-0.576081693153816
8395	8395	-0.0759810426752567
8411	8411	-0.366362065533775
8412	8412	-1.0439177855369839
8420	8420	0.35959049161252044
8423	8423	0.6661037935187344
8424	8424	-0.059848763627561585
8426	8426	-0.41475890267686144
8430	8430	0.5854423982802571
9057	9057	0.5693101192325615
9058	9058	1.3597917925696383
