5837	5837	1.7691805215356977
6008	6008	-1.3942094720642455
6009	6009	0.2901627074351576
6016	6016	1.0062067082900996
6040	6040	1.022238631777591
6042	6042	-1.1289540107257567
6043	6043	0.8445757705843941
6046	6046	4.644141637119779
6064	6064	-0.5270281561499557
6074	6074	-0.1276875165524506
6243	6243	0.2308445905314407
6709	6709	-0.19035776291264317
6897	6897	-0.24967587981636008
6898	6898	0.2785031267169823
6899	6899	-1.2569179091077312
6900	6900	2.230316938939532
6901	6901	2.7765682955860456
6903	6903	0.5657660466610269
6904	6904	1.2526610957205306
6905	6905	-0.02814384617102901
6906	6906	0.22516054493133023
6907	6907	0.41900107437099504
6908	6908	0.18799563139214626
6909	6909	0.044582788558589666
6910	6910	-1.2918966512622572
6911	6911	1.4935771823098287
6913	6913	1.334132415988781
6914	6914	-0.572937755227771
6915	6915	0.07023386613857548
6916	6916	0.2764627000913015
6917	6917	0.9534471055403563
6918	6918	0.9986279808232859
6919	6919	-1.1712199908291425
6920	6920	-0.3888621246395781
6921	6921	-0.32779507062813473
6922	6922	-0.20682692067706562
6923	6923	-0.3821578657266272
6924	6924	-0.2521535407189724
6926	6926	-0.8145825656119545
6927	6927	0.9665641338483036
6928	6928	-0.2590035443909003
6929	6929	-0.5459749748169906
6930	6930	-0.7733367988214094
6931	6931	-1.0021560704156003
6932	6932	-1.2519625873025066
6933	6933	0.14806156743239562
6936	6936	-1.1704912670342564
6937	6937	-1.2707636612105644
6939	6939	-0.1244811318549524
6940	6940	0.03627533729688969
6942	6942	-0.19881095893332032
6943	6943	-0.5258621980781382
6944	6944	-0.13993007630653495
6945	6945	0.085099831554249
6946	6946	-0.5590920031249379
6951	6951	1.8349114078344113
6956	6956	1.4803144092429041
6957	6957	1.5075686791716387
6958	6958	-1.1356582696387076
6959	6959	-0.7903889356217408
6960	6960	-0.5860547835357183
6961	6961	-0.2778046182989582
6962	6962	-0.2724120622168021
6963	6963	-0.7656123265956183
6964	6964	-0.20551521784627105
6965	6965	0.7524650829108092
6966	6966	-0.5446632719861959
6967	6967	-0.5853260597408324
6968	6968	-0.18496520683048703
6969	6969	0.14937327026319053
6970	6970	0.05463917692801607
6971	6971	0.4850234501876627
6972	6972	-1.3673924364124421
6973	6973	0.5885022290614687
6974	6974	-0.5118707012163277
6975	6975	-0.6695665304296491
6976	6976	0.7432831630952462
6977	6977	0.6654554618014257
6978	6978	-0.05102577333044783
6979	6979	-1.2687232345848838
6980	6980	-0.6058760707566162
6981	6981	-1.1368242277105254
6982	6982	-1.440847794936947
6983	6983	-0.14736305901437155
6984	6984	-1.0990763351354327
6985	6985	0.8272321442661087
6988	6988	-0.08250664126952131
7081	7081	-0.38711318753185164
7296	7296	-1.3898371292949299
7438	7438	0.28491589611197865
7461	7461	-0.9278262433372326
7514	7514	-1.4186945915724138
7515	7515	-0.3425152912848311
7516	7516	-1.1779242497420932
7517	7517	2.149137108189236
7518	7518	0.5956437222513512
7519	7519	0.5299128359526376
7520	7520	1.1720642440061437
7521	7521	3.5528048818985685
7522	7522	-0.28567483528372634
7523	7523	0.9175938948319672
7524	7524	1.1669631774419424
7525	7525	-0.7143101714356468
7526	7526	-0.6726271703681701
8213	8213	-0.09256302963894739
8214	8214	-0.024062992919667448
8215	8215	0.16861157844817964
8222	8222	-0.6305069350237616
8230	8230	1.8792178145634773
8231	8231	-0.4322940628147811
8233	8233	0.9843449944435211
8235	8235	-0.5459749748169906
8236	8236	-0.18598542014332725
8237	8237	0.2701956754552823
8239	8239	1.558579344813656
8240	8240	-0.4949643091749735
8241	8241	-0.07813429850020571
8242	8242	-0.8214325692838826
8243	8243	-0.3521344453773258
8245	8245	-0.6407090681521651
8247	8247	1.3020685690137987
8249	8249	0.11862112611900293
8254	8254	0.4290574627404211
8256	8256	0.8604619493129082
8258	8258	-0.26323014240123904
8259	8259	-0.4614430146102194
8265	8265	0.21189777186440562
8266	8266	-0.7266984759487082
8271	8271	0.7496959324902426
8275	8275	-0.7223261331793923
8283	8283	0.9479088046992232
8284	8284	-0.7339857138975677
8285	8285	-0.8403793879509176
8290	8290	-1.162475305290511
8296	8296	-0.06938961296157421
8297	8297	0.07781259360538925
8306	8306	-0.5765813742022007
8310	8310	-0.6742303627169192
8311	8311	-0.2778046182989582
8312	8312	-1.0939752685712307
8313	8313	-1.2674115317540888
8314	8314	-0.9161666626190571
8325	8325	0.4028234061245266
8326	8326	0.3911638254063516
8329	8329	-1.281986007651808
8334	8334	0.2891424941223171
8335	8335	1.0411854504446256
8343	8343	-1.3359115684733691
8351	8351	-0.694634628973726
8354	8354	-1.0648263167757925
8369	8369	1.6795474947647246
8374	8374	-0.7427303994361992
8376	8376	-0.3827408447625359
8378	8378	0.102589202631512
8389	8389	2.0992924006190368
8395	8395	-0.5153685754317804
8411	8411	-0.44541109112272836
8412	8412	-1.1668476480598269
8423	8423	-0.1451768876297136
8424	8424	0.9672928576431896
8426	8426	-0.7150388952305327
8430	8430	1.10531314439459
9057	9057	-1.1391561438541604
9058	9058	1.6489410953795145
