88	88	-0.562153505701392
108	108	-0.7268817939166837
139	139	-0.8916100821319755
159	159	-0.781791223321781
265	265	-0.6170629351064892
350	350	-0.3974252174861004
351	351	0.42621622359035805
403	403	-0.6719723645115865
410	410	-0.34251578808100314
424	424	0.04185021775467745
428	428	-0.41572836054792034
430	430	-1.1661572291574616
630	630	0.20657850596996913
763	763	-1.6603420938033366
765	765	-1.8799798114237254
766	766	-1.6054326643982393
768	768	-0.01305921165041978
772	772	-1.4956138055880448
801	801	1.359676523477011
870	870	-0.45233464689119757
915	915	-0.9465195115370726
932	932	0.48112565299545523
991	991	4.214966852542066
992	992	1.2498576646668165
997	997	1.9636802469330803
1002	1002	0.5360350824005525
1061	1061	3.0618688350350247
1062	1062	1.414585952882108
1063	1063	0.1516690765648719
1158	1158	1.414585952882108
1254	1254	0.31639736478016356
1257	1257	-0.2876063586759059
1317	1317	0.31639736478016356
1552	1552	0.7556728000209414
1829	1829	-0.26930321561408593
1853	1853	-0.19609064292753142
1872	1872	0.26148793537506637
1890	1890	-0.12287807046061423
1925	1925	0.31639736478016356
1954	1954	0.6458539412107469
2016	2016	-0.12287807046061423
2171	2171	1.0851293764515249
2202	2202	0.42621622359035805
2276	2276	0.6458539412107469
2278	2278	-0.41572836054792034
2317	2317	-0.34251578808100314
4779	4779	-1.1112477997523642
4807	4807	1.0485230894493343
4826	4826	-0.48894093323447485
4884	4884	-0.04966549865261025
4900	4900	-0.6170629351064892
4958	4958	0.42621622359035805
5023	5023	-0.7268817939166837
5104	5104	-1.7701609526135311
5151	5151	-0.01305921165041978
5165	5165	1.0851293764515249
5210	5210	0.46282251059254853
5236	5236	-1.056338370347267
5253	5253	-1.7152515232084338
5276	5276	-0.562153505701392
5349	5349	1.1217356634537152
5353	5353	-0.23269692927080868
5486	5486	-1.5505232349931422
5577	5577	-0.9465195115370726
5644	5644	-1.1112477997523642
5720	5720	-0.41572836054792034
5726	5726	-0.7268817939166837
5741	5741	0.8105822294260386
5748	5748	-1.1661572291574616
5757	5757	0.5360350824005525
5768	5768	0.09675964715977467
5772	5772	-0.562153505701392
5779	5779	1.9087708175279832
5784	5784	0.5909445118056497
5800	5800	-1.4407043761829477
5811	5811	-0.781791223321781
5822	5822	-1.2210666585625587
5830	5830	-0.04966549865261025
5831	5831	0.42621622359035805
5832	5832	0.31639736478016356
5837	5837	-0.562153505701392
5865	5865	-0.01305921165041978
5874	5874	0.023547075351770693
5890	5890	-0.17778749986571146
5893	5893	-0.01305921165041978
5907	5907	-0.2876063586759059
5921	5921	-0.2876063586759059
5950	5950	1.0302199470464275
5984	5984	-1.1661572291574616
5993	5993	-0.01305921165041978
6008	6008	-0.7268817939166837
6009	6009	-1.4407043761829477
6011	6011	-0.01305921165041978
6013	6013	-1.2210666585625587
6016	6016	-0.01305921165041978
6017	6017	0.09675964715977467
6020	6020	0.31639736478016356
6021	6021	1.1949482352617191
6023	6023	3.7756914173012883
6024	6024	3.1716876938452194
6030	6030	0.31639736478016356
6034	6034	2.622593399794247
6035	6035	0.20657850596996913
6036	6036	0.46282251059254853
6038	6038	0.6458539412107469
6039	6039	-0.781791223321781
6040	6040	1.7440425293126915
6041	6041	-0.562153505701392
6042	6042	-1.3857949467778505
6043	6043	3.3913254114656084
6046	6046	3.3913254114656084
6064	6064	-0.34251578808100314
6070	6070	0.023547075351770693
6071	6071	0.5360350824005525
6073	6073	1.414585952882108
6074	6074	-0.7268817939166837
6076	6076	-0.781791223321781
6086	6086	0.6092476542085564
6090	6090	1.5244048116923026
6092	6092	0.1516690765648719
6094	6094	1.634223670502497
6097	6097	1.1949482352617191
6098	6098	1.0302199470464275
6099	6099	2.1467116775512785
6100	6100	2.5127745409840525
6102	6102	-0.34251578808100314
6104	6104	3.537750557277994
6105	6105	0.7556728000209414
6106	6106	0.48112565299545523
6107	6107	0.26148793537506637
6108	6108	-0.6170629351064892
6109	6109	2.7324122586044415
6111	6111	1.2681608070697228
6112	6112	0.6458539412107469
6114	6114	0.9753105176413303
6115	6115	0.46282251059254853
6118	6118	1.9087708175279832
6122	6122	2.0185896763381774
6124	6124	2.622593399794247
6125	6125	0.09675964715977467
6126	6126	1.4877985246901118
6128	6128	0.31639736478016356
6132	6132	3.7756914173012883
6133	6133	2.56768397038915
6134	6134	1.1949482352617191
6136	6136	1.414585952882108
6137	6137	1.0302199470464275
6138	6138	2.0185896763381774
6140	6140	1.8538613881228858
6142	6142	2.5127745409840525
6145	6145	1.0851293764515249
6148	6148	1.1217356634537152
6149	6149	0.09675964715977467
6150	6150	2.439561969176049
6151	6151	-0.19609064292753142
6153	6153	0.9753105176413303
6169	6169	-1.00142894094217
6172	6172	0.31639736478016356
6173	6173	-0.7085786508548639
6174	6174	-0.34251578808100314
6177	6177	2.6775028291993443
6180	6180	-1.3857949467778505
6184	6184	0.6458539412107469
6188	6188	-0.34251578808100314
6189	6189	-0.01305921165041978
6191	6191	0.20657850596996913
6192	6192	0.04185021775467745
6193	6193	-0.23269692927080868
6194	6194	2.1833179645534693
6195	6195	-0.2876063586759059
6198	6198	-0.23269692927080868
6201	6201	0.9753105176413303
6202	6202	2.9520499762248305
6203	6203	0.20657850596996913
6210	6210	0.20657850596996913
6217	6217	-0.12287807046061423
6220	6220	-0.26930321561408593
6221	6221	-1.00142894094217
6237	6237	1.5244048116923026
6238	6238	0.6458539412107469
6240	6240	-0.12287807046061423
6241	6241	0.46282251059254853
6242	6242	0.48112565299545523
6243	6243	-0.9465195115370726
6244	6244	0.09675964715977467
6258	6258	1.3047670940719136
6268	6268	2.073499105743275
6296	6296	-0.635366078168309
6390	6390	-0.41572836054792034
6396	6396	0.8654916588311359
6413	6413	3.665872558491094
6424	6424	-0.8367006527268782
6434	6434	-1.2942792310294757
6445	6445	-0.8916100821319755
6680	6680	1.1949482352617191
6744	6744	-0.41572836054792034
6900	6900	0.09675964715977467
6901	6901	-0.01305921165041978
6909	6909	-1.4407043761829477
6963	6963	-0.8367006527268782
6967	6967	-1.1661572291574616
6968	6968	0.023547075351770693
6970	6970	-0.6719723645115865
6973	6973	-1.00142894094217
6974	6974	1.8538613881228858
6975	6975	-0.6719723645115865
6979	6979	-1.2210666585625587
6981	6981	-1.00142894094217
6982	6982	-1.5505232349931422
6984	6984	-0.8367006527268782
6986	6986	-1.056338370347267
6987	6987	-0.562153505701392
6989	6989	-0.8916100821319755
6990	6990	0.09675964715977467
6992	6992	-0.8367006527268782
6997	6997	-0.3974252174861004
7000	7000	0.5360350824005525
7002	7002	-0.6170629351064892
7003	7003	-0.7085786508548639
7008	7008	0.7556728000209414
7013	7013	-1.1112477997523642
7014	7014	0.24318479297215959
7025	7025	-0.45233464689119757
7026	7026	-1.00142894094217
7028	7028	-1.1661572291574616
7031	7031	-0.6719723645115865
7036	7036	-0.5072440762962949
7058	7058	-0.2876063586759059
7061	7061	-0.45233464689119757
7062	7062	-1.4407043761829477
7063	7063	0.023547075351770693
7064	7064	-1.1112477997523642
7067	7067	-0.781791223321781
7068	7068	-0.2876063586759059
7071	7071	-1.3308855173727532
7072	7072	-0.6719723645115865
7077	7077	-1.0746415134090868
7092	7092	-0.6719723645115865
7094	7094	-1.1112477997523642
7096	7096	-1.1112477997523642
7102	7102	0.42621622359035805
7103	7103	-1.4956138055880448
7106	7106	-1.1112477997523642
7107	7107	-0.6170629351064892
7109	7109	-1.1661572291574616
7117	7117	-1.4407043761829477
7119	7119	-0.7268817939166837
7120	7120	-0.9465195115370726
7125	7125	-0.9465195115370726
7126	7126	1.5793142410973997
7127	7127	-1.1661572291574616
7130	7130	0.9204010882362331
7133	7133	-0.9465195115370726
7138	7138	-0.781791223321781
7143	7143	-0.8916100821319755
7147	7147	-0.41572836054792034
7158	7158	-0.7268817939166837
7160	7160	-0.5072440762962949
7161	7161	-1.2210666585625587
7162	7162	-0.7268817939166837
7163	7163	-1.2210666585625587
7164	7164	-0.781791223321781
7165	7165	-0.8916100821319755
7169	7169	2.0185896763381774
7177	7177	-1.056338370347267
7181	7181	0.6824602282129374
7186	7186	-0.23269692927080868
7192	7192	-0.7268817939166837
7199	7199	-1.6054326643982393
7202	7202	-1.4407043761829477
7203	7203	-0.7268817939166837
7207	7207	-0.9465195115370726
7208	7208	-0.781791223321781
7209	7209	-1.1661572291574616
7213	7213	-1.4407043761829477
7217	7217	-1.1661572291574616
7218	7218	0.16997221896777864
7223	7223	-0.7268817939166837
7231	7231	-1.1478540860956419
7236	7236	-0.5072440762962949
7244	7244	-0.5072440762962949
7248	7248	-0.19609064292753142
7250	7250	-1.4956138055880448
7255	7255	-1.1478540860956419
7258	7258	-0.7268817939166837
7268	7268	-1.1478540860956419
7273	7273	-1.056338370347267
7276	7276	-0.562153505701392
7280	7280	-0.562153505701392
7282	7282	-1.275976087967656
7287	7287	-0.635366078168309
7288	7288	0.5360350824005525
7296	7296	-0.6170629351064892
7298	7298	-0.562153505701392
7305	7305	-0.45233464689119757
7306	7306	-1.1478540860956419
7307	7307	0.7556728000209414
7314	7314	-1.1112477997523642
7316	7316	0.9753105176413303
7319	7319	0.20657850596996913
7320	7320	-0.45233464689119757
7322	7322	0.5909445118056497
7328	7328	-0.8367006527268782
7332	7332	-0.8916100821319755
7333	7333	-1.2210666585625587
7337	7337	-0.6719723645115865
7342	7342	-0.01305921165041978
7343	7343	0.04185021775467745
7344	7344	-0.781791223321781
7346	7346	-0.48894093323447485
7347	7347	-0.781791223321781
7349	7349	-0.8550037957886979
7350	7350	-0.781791223321781
7353	7353	-0.45233464689119757
7354	7354	1.1949482352617191
7356	7356	0.023547075351770693
7372	7372	-0.12287807046061423
7373	7373	-0.23269692927080868
7377	7377	-0.23269692927080868
7378	7378	-0.12287807046061423
7382	7382	-1.1661572291574616
7383	7383	-1.1112477997523642
7384	7384	0.42621622359035805
7387	7387	-1.6054326643982393
7394	7394	-1.5505232349931422
7396	7396	-0.01305921165041978
7404	7404	-0.8550037957886979
7411	7411	-0.6719723645115865
7413	7413	-1.056338370347267
7415	7415	-1.00142894094217
7416	7416	0.16997221896777864
7418	7418	-0.3974252174861004
7419	7419	-1.056338370347267
7424	7424	-1.7701609526135311
7427	7427	0.16997221896777864
7430	7430	-0.34251578808100314
7460	7460	-1.3857949467778505
7471	7471	-1.6603420938033366
7477	7477	0.09675964715977467
7516	7516	2.073499105743275
7517	7517	2.073499105743275
7717	7717	0.24318479297215959
7917	7917	1.5793142410973997
7947	7947	-0.34251578808100314
8077	8077	-0.7268817939166837
8132	8132	-0.34251578808100314
8222	8222	0.20657850596996913
8230	8230	0.7556728000209414
8231	8231	-0.01305921165041978
8233	8233	-0.34251578808100314
8234	8234	0.46282251059254853
8235	8235	-0.01305921165041978
8236	8236	-0.7085786508548639
8237	8237	1.0485230894493343
8238	8238	-0.17778749986571146
8239	8239	-0.9465195115370726
8240	8240	2.21992425155566
8241	8241	1.0851293764515249
8242	8242	1.414585952882108
8243	8243	0.6458539412107469
8244	8244	0.5360350824005525
8246	8246	0.38960993658816756
8247	8247	1.634223670502497
8249	8249	0.6092476542085564
8256	8256	-0.6170629351064892
8259	8259	0.31639736478016356
8264	8264	0.09675964715977467
8283	8283	0.09675964715977467
8284	8284	1.414585952882108
8285	8285	-1.00142894094217
8290	8290	-0.562153505701392
8297	8297	0.3713067941852608
8306	8306	0.6824602282129374
8307	8307	0.3713067941852608
8311	8311	-0.067968641055517
8312	8312	-0.8367006527268782
8326	8326	0.04185021775467745
8334	8334	-0.9465195115370726
8335	8335	1.7989519587177887
8337	8337	0.8288853718289454
8343	8343	0.20657850596996913
8351	8351	-0.01305921165041978
8354	8354	-0.41572836054792034
8357	8357	0.09675964715977467
8365	8365	-0.8916100821319755
8366	8366	-0.8367006527268782
8369	8369	5.368064870049108
8376	8376	0.8288853718289454
8386	8386	-0.6170629351064892
8387	8387	-0.48894093323447485
8419	8419	-0.2876063586759059
8420	8420	0.31639736478016356
8422	8422	2.842231117414636
8424	8424	-0.34251578808100314
8426	8426	-1.4956138055880448
9057	9057	0.42621622359035805
9058	9058	0.31639736478016356
9067	9067	0.31639736478016356
9069	9069	0.8105822294260386
9070	9070	0.09675964715977467
9075	9075	-0.5072440762962949
9078	9078	0.023547075351770693
9079	9079	-0.12287807046061423
9081	9081	-0.01305921165041978
9084	9084	0.7556728000209414
9085	9085	1.1949482352617191
9089	9089	0.5360350824005525
9091	9091	0.7556728000209414
9095	9095	0.20657850596996913
9099	9099	0.09675964715977467
9100	9100	0.09675964715977467
9102	9102	0.1516690765648719
9103	9103	0.9753105176413303
9104	9104	-0.3974252174861004
9105	9105	0.20657850596996913
9106	9106	0.09675964715977467
9111	9111	-0.23269692927080868
9113	9113	-0.7085786508548639
9114	9114	-0.01305921165041978
9115	9115	0.7007633706158442
9121	9121	0.7007633706158442
9125	9125	-0.7268817939166837
9128	9128	-0.781791223321781
9130	9130	-0.45233464689119757
9131	9131	-0.781791223321781
9133	9133	-0.8367006527268782
9134	9134	-0.635366078168309
9298	9298	-0.781791223321781
9312	9312	-0.12287807046061423
9314	9314	-0.41572836054792034
9323	9323	-0.2876063586759059
9336	9336	-1.056338370347267
9339	9339	-0.04966549865261025
9343	9343	0.26148793537506637
9352	9352	2.073499105743275
9353	9353	2.5127745409840525
9369	9369	2.2931368233636635
9380	9380	2.073499105743275
9382	9382	0.09675964715977467
9383	9383	0.6824602282129374
9386	9386	-0.562153505701392
9390	9390	-0.6719723645115865
9391	9391	-0.23269692927080868
9392	9392	-0.2876063586759059
9394	9394	0.9020979458333264
9395	9395	3.1167782644401223
9399	9399	1.0302199470464275
9402	9402	-0.5072440762962949
9404	9404	1.359676523477011
9405	9405	2.2931368233636635
9407	9407	0.6458539412107469
9408	9408	0.20657850596996913
9409	9409	1.634223670502497
9412	9412	-0.635366078168309
9413	9413	-0.45233464689119757
9416	9416	0.9753105176413303
9421	9421	1.359676523477011
9427	9427	0.31639736478016356
9436	9436	0.42621622359035805
9437	9437	0.9753105176413303
9442	9442	0.7556728000209414
9450	9450	-0.12287807046061423
9451	9451	1.1217356634537152
9452	9452	1.359676523477011
9453	9453	-0.12287807046061423
9455	9455	-0.34251578808100314
9470	9470	1.414585952882108
9476	9476	0.31639736478016356
9481	9481	0.7556728000209414
9503	9503	-0.7268817939166837
9506	9506	0.31639736478016356
9507	9507	-0.41572836054792034
9508	9508	-0.41572836054792034
9509	9509	-0.3974252174861004
9510	9510	-0.34251578808100314
9511	9511	-0.23269692927080868
9512	9512	-1.1112477997523642
9513	9513	-1.00142894094217
9514	9514	-0.45233464689119757
9515	9515	-0.7268817939166837
9517	9517	-1.4407043761829477
9518	9518	1.3413733810741044
9519	9519	-0.23269692927080868
9520	9520	0.09675964715977467
9521	9521	-0.34251578808100314
9522	9522	-0.26930321561408593
9523	9523	0.7007633706158442
9524	9524	0.9020979458333264
9525	9525	-0.01305921165041978
9526	9526	-0.01305921165041978
9527	9527	0.8105822294260386
9528	9528	-0.34251578808100314
9529	9529	-0.8367006527268782
9530	9530	-0.562153505701392
9531	9531	0.7556728000209414
9532	9532	-0.8550037957886979
9533	9533	-0.562153505701392
9534	9534	0.6824602282129374
9535	9535	1.1949482352617191
9536	9536	1.0485230894493343
9537	9537	0.16997221896777864
9539	9539	0.1516690765648719
9540	9540	0.5360350824005525
9541	9541	-0.34251578808100314
9542	9542	0.7556728000209414
9543	9543	-0.19609064292753142
9544	9544	-0.17778749986571146
9545	9545	-0.781791223321781
9547	9547	0.31639736478016356
9549	9549	0.5360350824005525
9551	9551	1.634223670502497
9553	9553	0.09675964715977467
9554	9554	-0.12287807046061423
9555	9555	-0.7085786508548639
9556	9556	-1.00142894094217
9558	9558	0.24318479297215959
9559	9559	0.09675964715977467
9560	9560	-0.2876063586759059
9561	9561	-0.34251578808100314
9562	9562	0.48112565299545523
9565	9565	0.16997221896777864
9567	9567	-0.12287807046061423
9568	9568	1.7806488163148824
9569	9569	0.20657850596996913
9571	9571	-1.5505232349931422
9573	9573	-0.635366078168309
9576	9576	1.3047670940719136
9577	9577	0.7556728000209414
9578	9578	1.140038805856622
9579	9579	0.42621622359035805
9581	9581	-0.12287807046061423
9582	9582	0.09675964715977467
9583	9583	0.04185021775467745
9584	9584	0.7556728000209414
9585	9585	-1.7701609526135311
9587	9587	-0.23269692927080868
9588	9588	-0.562153505701392
9589	9589	-0.04966549865261025
9590	9590	-1.3308855173727532
9591	9591	-1.1112477997523642
9592	9592	-0.7085786508548639
9593	9593	1.1949482352617191
9594	9594	0.09675964715977467
9595	9595	1.3047670940719136
9596	9596	-0.2876063586759059
9597	9597	-0.781791223321781
9598	9598	-1.2210666585625587
9599	9599	0.7556728000209414
9600	9600	-0.562153505701392
9601	9601	0.5360350824005525
9602	9602	0.023547075351770693
9606	9606	-1.4407043761829477
9607	9607	-0.01305921165041978
9608	9608	-0.3974252174861004
9609	9609	-0.8367006527268782
9610	9610	0.7556728000209414
9611	9611	-0.3974252174861004
9612	9612	-0.17778749986571146
9613	9613	1.3047670940719136
9615	9615	-0.3974252174861004
9616	9616	0.24318479297215959
9617	9617	-0.01305921165041978
9619	9619	-0.8916100821319755
9620	9620	-0.34251578808100314
9621	9621	-0.17778749986571146
9622	9622	-0.34251578808100314
9624	9624	-0.635366078168309
9625	9625	-0.45233464689119757
9626	9626	-0.6719723645115865
9627	9627	-0.17778749986571146
9628	9628	-0.781791223321781
9629	9629	-0.8367006527268782
9630	9630	-0.8367006527268782
9631	9631	3.3913254114656084
9632	9632	-0.562153505701392
9633	9633	-0.635366078168309
9634	9634	-0.23269692927080868
9635	9635	-1.00142894094217
9636	9636	0.7556728000209414
9637	9637	-0.8367006527268782
9638	9638	0.09675964715977467
9639	9639	-1.056338370347267
9640	9640	-0.45233464689119757
9641	9641	-0.781791223321781
9642	9642	-0.12287807046061423
9643	9643	-0.7268817939166837
9644	9644	0.9204010882362331
9645	9645	0.09675964715977467
9646	9646	0.20657850596996913
9647	9647	-0.781791223321781
9648	9648	-0.01305921165041978
9649	9649	0.04185021775467745
9651	9651	-0.26930321561408593
9653	9653	-0.7268817939166837
9655	9655	0.7556728000209414
9656	9656	0.6824602282129374
9657	9657	-0.8916100821319755
9658	9658	0.04185021775467745
9659	9659	0.31639736478016356
9660	9660	-1.3308855173727532
9661	9661	-1.1478540860956419
9663	9663	0.8288853718289454
9664	9664	1.0851293764515249
9665	9665	0.24318479297215959
9666	9666	0.9753105176413303
9667	9667	2.622593399794247
9668	9668	-0.12287807046061423
9669	9669	1.0851293764515249
9670	9670	0.6458539412107469
9671	9671	0.6092476542085564
9672	9672	1.3047670940719136
9673	9673	0.5360350824005525
9676	9676	0.24318479297215959
9677	9677	-0.01305921165041978
9678	9678	-0.34251578808100314
9679	9679	0.26148793537506637
9680	9680	-0.48894093323447485
9681	9681	0.3713067941852608
9682	9682	0.5909445118056497
9683	9683	0.1516690765648719
9684	9684	1.4877985246901118
9685	9685	1.6891330999075942
9686	9686	1.1949482352617191
9687	9687	0.8105822294260386
9689	9689	0.31639736478016356
9690	9690	-0.26930321561408593
9691	9691	-0.067968641055517
9692	9692	0.5360350824005525
9693	9693	-0.23269692927080868
9694	9694	0.8105822294260386
9695	9695	0.6824602282129374
9696	9696	0.5909445118056497
9697	9697	0.46282251059254853
9698	9698	0.16997221896777864
9699	9699	-0.48894093323447485
9700	9700	-0.6170629351064892
9701	9701	0.6092476542085564
9703	9703	1.414585952882108
9704	9704	-0.635366078168309
9705	9705	-0.23269692927080868
9706	9706	0.6092476542085564
9707	9707	0.8105822294260386
9708	9708	-1.4407043761829477
9709	9709	0.26148793537506637
9710	9710	0.48112565299545523
9711	9711	0.26148793537506637
9712	9712	0.31639736478016356
9713	9713	-0.01305921165041978
9714	9714	-0.12287807046061423
9716	9716	-0.12287807046061423
9717	9717	0.24318479297215959
9718	9718	0.31639736478016356
9719	9719	-0.12287807046061423
9720	9720	1.1217356634537152
9721	9721	1.7989519587177887
9722	9722	0.5360350824005525
9723	9723	-0.12287807046061423
9725	9725	-0.781791223321781
9726	9726	-0.48894093323447485
9727	9727	-0.9465195115370726
9728	9728	0.6458539412107469
9729	9729	2.073499105743275
9730	9730	0.8105822294260386
9731	9731	1.359676523477011
9732	9732	0.9204010882362331
9733	9733	2.7873216880095386
9735	9735	1.3047670940719136
9736	9736	-0.48894093323447485
9737	9737	-0.34251578808100314
9738	9738	0.42621622359035805
9739	9739	-1.1478540860956419
9741	9741	0.20657850596996913
9743	9743	0.5360350824005525
9744	9744	-0.04966549865261025
9745	9745	-1.1661572291574616
9747	9747	0.5360350824005525
9748	9748	0.31639736478016356
9749	9749	0.09675964715977467
9755	9755	0.20657850596996913
9756	9756	0.24318479297215959
9757	9757	0.31639736478016356
9758	9758	-0.7085786508548639
9759	9759	-0.34251578808100314
9761	9761	-1.00142894094217
9762	9762	0.3713067941852608
9764	9764	-1.1112477997523642
9766	9766	-1.6603420938033366
9768	9768	-0.04966549865261025
9769	9769	-0.7085786508548639
9770	9770	-0.48894093323447485
9771	9771	-0.9465195115370726
9772	9772	-1.1112477997523642
9774	9774	-0.781791223321781
9775	9775	-0.781791223321781
9776	9776	-1.00142894094217
9777	9777	-0.9465195115370726
9778	9778	-1.00142894094217
9779	9779	-0.781791223321781
9780	9780	-0.7268817939166837
9781	9781	-1.2942792310294757
9782	9782	-1.275976087967656
9783	9783	-0.12287807046061423
9784	9784	-0.781791223321781
9785	9785	-0.562153505701392
9786	9786	-1.1661572291574616
9787	9787	-0.8550037957886979
9788	9788	-0.781791223321781
9789	9789	-0.9465195115370726
9790	9790	-1.00142894094217
9791	9791	-0.48894093323447485
9792	9792	-1.00142894094217
9793	9793	-0.41572836054792034
9794	9794	-0.8916100821319755
9795	9795	-1.2210666585625587
9796	9796	-1.00142894094217
9797	9797	-1.275976087967656
9798	9798	-1.2210666585625587
9799	9799	-0.6719723645115865
9800	9800	-1.275976087967656
9801	9801	-1.513916948649865
9802	9802	-1.00142894094217
9803	9803	-1.2210666585625587
9804	9804	-0.781791223321781
9805	9805	-0.23269692927080868
9806	9806	-1.3308855173727532
9807	9807	-1.00142894094217
9808	9808	0.42621622359035805
9809	9809	-0.635366078168309
9810	9810	-0.3974252174861004
9811	9811	-1.00142894094217
9812	9812	-0.562153505701392
9813	9813	-0.781791223321781
9814	9814	-1.3674918037160306
9815	9815	-0.12287807046061423
9816	9816	-1.5505232349931422
9817	9817	-0.01305921165041978
9819	9819	0.9753105176413303
9820	9820	-0.8367006527268782
9821	9821	0.9204010882362331
9822	9822	-0.7085786508548639
9823	9823	-0.8916100821319755
9825	9825	-0.23269692927080868
9826	9826	0.42621622359035805
9827	9827	-0.5072440762962949
9828	9828	0.7007633706158442
9830	9830	-1.4407043761829477
9831	9831	-0.781791223321781
9832	9832	1.0851293764515249
9833	9833	0.09675964715977467
9834	9834	-0.34251578808100314
9835	9835	0.09675964715977467
9836	9836	-1.00142894094217
9837	9837	-0.8916100821319755
9838	9838	-0.34251578808100314
9839	9839	0.5360350824005525
9840	9840	1.5244048116923026
9841	9841	-0.34251578808100314
9843	9843	0.023547075351770693
9844	9844	-0.2876063586759059
9845	9845	-0.8550037957886979
9846	9846	0.5360350824005525
9847	9847	-1.00142894094217
9848	9848	0.5360350824005525
9849	9849	1.634223670502497
9850	9850	-0.562153505701392
9852	9852	-0.2876063586759059
9853	9853	-1.2210666585625587
9854	9854	-1.00142894094217
9855	9855	-0.26930321561408593
9856	9856	0.38960993658816756
9857	9857	0.09675964715977467
9858	9858	0.20657850596996913
9859	9859	0.09675964715977467
9860	9860	-0.04966549865261025
9861	9861	-0.19609064292753142
9862	9862	0.48112565299545523
9864	9864	-0.7268817939166837
9866	9866	0.9753105176413303
9867	9867	0.31639736478016356
9868	9868	0.09675964715977467
9869	9869	1.0302199470464275
9870	9870	-0.34251578808100314
9871	9871	-0.12287807046061423
9873	9873	-0.26930321561408593
9874	9874	-1.1112477997523642
9875	9875	-0.9465195115370726
9876	9876	0.42621622359035805
9878	9878	-0.562153505701392
9879	9879	-0.8916100821319755
9880	9880	0.8654916588311359
9881	9881	-0.12287807046061423
9882	9882	-0.34251578808100314
9883	9883	-1.2210666585625587
9885	9885	0.9753105176413303
9886	9886	-0.6170629351064892
9887	9887	1.4694953822872054
9888	9888	0.16997221896777864
9890	9890	0.31639736478016356
9891	9891	-1.2210666585625587
9892	9892	-0.34251578808100314
9894	9894	-0.41572836054792034
9895	9895	-0.12287807046061423
9897	9897	0.31639736478016356
9898	9898	3.3913254114656084
9899	9899	-0.5072440762962949
9900	9900	-0.8367006527268782
9901	9901	2.073499105743275
9902	9902	0.42621622359035805
9903	9903	1.7074362423105005
9904	9904	0.09675964715977467
9905	9905	0.023547075351770693
9906	9906	0.09675964715977467
9908	9908	-0.562153505701392
9909	9909	0.48112565299545523
9910	9910	-1.00142894094217
9911	9911	-1.4956138055880448
9912	9912	-1.4407043761829477
9914	9914	-0.34251578808100314
9915	9915	0.42621622359035805
9917	9917	-0.6170629351064892
9918	9918	0.7556728000209414
9920	9920	-1.2942792310294757
9921	9921	-0.9465195115370726
9924	9924	-0.3974252174861004
9925	9925	-0.12287807046061423
9926	9926	-1.275976087967656
9927	9927	-0.19609064292753142
9928	9928	-0.17778749986571146
9929	9929	-0.04966549865261025
9930	9930	-0.48894093323447485
9932	9932	-0.9465195115370726
9933	9933	-1.4407043761829477
9935	9935	1.140038805856622
9937	9937	-0.17778749986571146
9938	9938	-0.781791223321781
9939	9939	0.31639736478016356
9941	9941	-1.00142894094217
9942	9942	0.8288853718289454
9943	9943	0.1516690765648719
9944	9944	-1.2210666585625587
9945	9945	0.5360350824005525
9946	9946	0.31639736478016356
9947	9947	0.7556728000209414
9949	9949	-0.12287807046061423
9950	9950	0.9204010882362331
9951	9951	-0.562153505701392
9952	9952	-1.0746415134090868
9953	9953	-0.12287807046061423
9955	9955	-0.6170629351064892
9956	9956	-0.01305921165041978
9957	9957	0.7556728000209414
9958	9958	-0.34251578808100314
9959	9959	0.3713067941852608
9960	9960	0.023547075351770693
9962	9962	0.7556728000209414
9963	9963	-0.562153505701392
9964	9964	0.3713067941852608
9965	9965	0.09675964715977467
9966	9966	0.48112565299545523
9968	9968	1.634223670502497
9969	9969	1.5610110986944934
9970	9970	-0.17778749986571146
9971	9971	0.1516690765648719
9972	9972	-0.23269692927080868
9974	9974	1.1217356634537152
9975	9975	0.023547075351770693
9976	9976	-0.34251578808100314
9978	9978	-0.12287807046061423
9979	9979	0.9020979458333264
9980	9980	0.26148793537506637
9981	9981	0.48112565299545523
9982	9982	0.7556728000209414
9983	9983	-0.34251578808100314
9984	9984	0.16997221896777864
9985	9985	0.31639736478016356
9986	9986	1.634223670502497
9987	9987	0.9020979458333264
9988	9988	0.09675964715977467
9990	9990	-0.12287807046061423
9991	9991	1.6891330999075942
9993	9993	0.9753105176413303
9995	9995	-1.1112477997523642
9996	9996	-1.2210666585625587
9997	9997	0.09675964715977467
9998	9998	-1.1661572291574616
9999	9999	-0.562153505701392
10001	10001	-0.6170629351064892
10002	10002	-1.3857949467778505
10004	10004	1.3413733810741044
10005	10005	0.7007633706158442
10006	10006	1.7440425293126915
10008	10008	-1.3308855173727532
10009	10009	-0.781791223321781
10010	10010	-0.12287807046061423
10011	10011	-0.781791223321781
10012	10012	-0.01305921165041978
10013	10013	0.04185021775467745
10014	10014	0.8654916588311359
10015	10015	-1.056338370347267
10017	10017	0.5909445118056497
10018	10018	0.023547075351770693
10020	10020	-0.34251578808100314
10022	10022	-1.2210666585625587
10023	10023	1.5793142410973997
