5837	5837	-0.6084683064650194
6008	6008	-0.03941771317567772
6009	6009	0.8885137700072896
6016	6016	0.842189577399091
6040	6040	1.3308308477236357
6042	6042	-0.9426736676255849
6043	6043	0.39283174881757854
6046	6046	0.23517157056581448
6064	6064	1.4136090214468064
6074	6074	0.5007460611434954
6243	6243	-0.23675614163020287
6709	6709	-0.4462678309263711
6897	6897	0.022172406542038725
6898	6898	-1.0576945322266216
6899	6899	-0.9216172164400408
6900	6900	0.9866236722499353
6901	6901	0.9944540400345597
6903	6903	-0.08495228886441832
6904	6904	-1.4460544537800102
6905	6905	0.9054247323656803
6906	6906	-3.4631966759452237
6907	6907	0.035793298402689314
6908	6908	-0.5460227684178879
6909	6909	0.3565751719324698
6910	6910	-1.261613101676629
6911	6911	-3.6890929163201442
6913	6913	0.823172969922147
6914	6914	0.7085469137808393
6915	6915	0.7877060099564942
6916	6916	0.9895847356979035
6917	6917	1.0530830963043116
6918	6918	0.8633776314045454
6919	6919	0.034345667383681826
6920	6920	1.158694359281808
6921	6921	0.8702209780398482
6922	6922	-0.2476791756827039
6923	6923	-1.0090672902700042
6924	6924	-0.6697952205429171
6926	6926	-0.8249549452163989
6927	6927	0.7095339349301608
6928	6928	-0.7833026527149948
6929	6929	0.9374700190136807
6930	6930	-0.47173297657888913
6931	6931	0.8286344869483975
6932	6932	-0.6174830996288306
6933	6933	-1.4208525137673107
6936	6936	-0.5283879905499962
6937	6937	0.4944949271977869
6939	6939	-0.2120806128971447
6940	6940	0.21319389964090402
6942	6942	-0.13265831108166734
6943	6943	-0.9345800942011401
6944	6944	-0.8940464256689677
6945	6945	1.1954773474465559
6946	6946	0.6173461595834479
6951	6951	-0.8209410592091558
6956	6956	-0.4434383702983132
6957	6957	-0.30847967848096425
6958	6958	-0.27123608044653214
6959	6959	-0.27669759747278266
6960	6960	-1.0775007566230255
6961	6961	-1.814279143887219
6962	6962	-0.47041694837979375
6963	6963	0.7561213331781781
6964	6964	1.142967822302604
6965	6965	1.4663817522305789
6966	6966	-0.3139411955072148
6967	6967	-0.8577240473739038
6968	6968	-0.27696080311260135
6969	6969	0.08896083764618887
6970	6970	-2.001944765078385
6971	6971	-1.9271285619597471
6972	6972	-0.44284615760872065
6973	6973	0.21779999833774144
6974	6974	0.6334017036124255
6975	6975	-0.9064170907404744
6976	6976	-0.8138345069340343
6977	6977	-0.7396763179149438
6978	6978	-0.056723483993795634
6979	6979	-0.5301646286187757
6980	6980	-0.3404591637190094
6981	6981	-0.6772307798678124
6982	6982	-0.38395389569915
6983	6983	0.8839734727204073
6984	6984	-0.2763685904230088
6985	6985	-0.7092102651058595
6988	6988	-1.5448223701222035
7033	7033	1.2142307492836812
7081	7081	-2.0025369777679796
7296	7296	0.44112998372442197
7323	7323	0.1362720514037108
7438	7438	0.14219417829964354
7461	7461	-0.39204746912359306
7514	7514	0.6823579526188185
7515	7515	0.8274500615692105
7516	7516	0.8540996326009154
7517	7517	0.0007211468967675037
7518	7518	1.2405513132656123
7519	7519	1.5034937474451007
7520	7520	1.1370456954066694
7521	7521	0.21839221102733397
7522	7522	0.6291904133753171
7523	7523	0.8752218851964146
7524	7524	0.7615170487944735
7525	7525	-0.3458548793353067
7526	7526	0.8473878887855228
8213	8213	-2.668513047920781
8214	8214	-0.4785105218042368
8215	8215	-0.8299558523729652
8222	8222	0.3806584879759373
8230	8230	0.30564488062743567
8231	8231	0.8945674997231327
8233	8233	0.9340483456960301
8235	8235	0.6104370115381899
8236	8236	0.6643941677011492
8239	8239	-0.2730127185153135
8240	8240	0.4638972715687941
8241	8241	1.430388380985287
8242	8242	1.5565954852786452
8243	8243	-0.627748119581784
8245	8245	-0.5520764981337328
8247	8247	1.0755213770989063
8249	8249	0.46205483209005577
8254	8254	-0.25340389834877497
8256	8256	0.9018056548181663
8258	8258	0.8627196173049977
8259	8259	0.6605776859237698
8264	8264	-1.0525620222501448
8265	8265	-0.36546369950184326
8266	8266	1.457564363296631
8270	8270	-0.09923119482461658
8271	8271	0.7840869324089802
8274	8274	-1.0823700609596816
8275	8275	-0.08100420426712857
8283	8283	0.7380917468505536
8284	8284	0.30584228485729925
8285	8285	-0.08574190578387628
8290	8290	-1.1646876248131701
8296	8296	-0.6510418187057917
8297	8297	0.20371849660740673
8300	8300	-0.512135042291153
8306	8306	2.0212192409696774
8310	8310	0.5442407931236359
8311	8311	-0.6323542182786214
8312	8312	-0.3062424305425007
8313	8313	0.7331566411039424
8314	8314	-0.5358893512848448
8323	8323	-0.3225611802112971
8325	8325	0.3112380004735946
8326	8326	0.7542130922894865
8329	8329	-0.5031202491273418
8334	8334	-0.1446341676934469
8335	8335	1.5184306675048467
8337	8337	-0.6318278069989821
8343	8343	-0.6161012700197782
8351	8351	0.058955394706788594
8353	8353	-4.959171990845224
8354	8354	0.046847935275098763
8357	8357	-1.1212586942429847
8365	8365	-0.8244285339367614
8366	8366	1.2019916870320848
8369	8369	1.3869594504151015
8374	8374	0.013026010558319017
8376	8376	0.037043525191831385
8378	8378	-0.576423019817019
8387	8387	0.17680571993588312
8388	8388	-0.10706156260923907
8389	8389	-0.6852585518823022
8395	8395	-0.3371690932212692
8411	8411	1.143362630762333
8412	8412	0.36289210728813337
8420	8420	-0.7075652298569884
8422	8422	1.9015922776718015
8423	8423	0.968725688742223
8424	8424	-0.5103584042223736
8426	8426	-0.07837214786893602
8430	8430	1.38801227297438
9057	9057	0.8569290932289734
9058	9058	0.946945422047176
100000	100000	-0.06534346869787983
