88	88	-1.2426422822361962
108	108	-0.7529955244341303
139	139	-0.8229450612629968
159	159	-0.6410762655079438
265	265	-1.1167331159442364
350	350	-0.8369349686287701
351	351	-0.7949652465314502
403	403	-1.1167331159442364
410	410	-0.4172377476555708
424	424	-0.01153043404814481
428	428	-0.43122765502134414
430	430	0.49676953357308706
630	630	-0.5571368213133039
763	763	-0.9908239496522766
765	765	-1.4944606148201158
766	766	-1.1167331159442364
768	768	-0.3892579329240242
772	772	-0.8928945980918633
801	801	0.6320053047774274
870	870	-0.6130964507763972
915	915	-1.102743208578463
932	932	-0.30531848872938433
991	991	1.513369468821146
992	992	1.8211474308681588
997	997	0.9957428962875335
1002	1002	1.0796823404821734
1061	1061	0.7998841931667072
1062	1062	0.5900355826801076
1063	1063	0.03043928804917512
1066	1066	2.492662984425278
1158	1158	0.8558438226298004
1254	1254	0.47811632375392105
1257	1257	0.6273420023240348
1317	1317	1.1636217846768133
1318	1318	0.35220715746196124
1363	1363	1.19160159940836
1435	1435	-0.6270863581421705
1552	1552	1.1496318773110399
1585	1585	1.1216520625794935
1829	1829	0.6320053047774274
1853	1853	-0.6690560802394904
1872	1872	-0.17940932243742455
1890	1890	0.9817529889217602
1925	1925	0.33821725009618797
1954	1954	0.5340759532170143
2016	2016	-0.333298303460931
2171	2171	-0.2493588592662911
2202	2202	0.7998841931667072
2276	2276	-0.02552034141391812
2278	2278	-0.2353689519005178
2317	2317	-0.36127811819247757
4779	4779	-0.8276083637163895
4807	4807	-0.20738913716897117
4826	4826	-1.3125918190650627
4884	4884	-0.739005617068357
4900	4900	-0.697035894971037
4958	4958	0.43614660165660113
5023	5023	-1.2566321896019694
5104	5104	-1.3125918190650627
5151	5151	-0.09546987824278468
5165	5165	0.17033836170690822
5210	5210	0.7019548416062941
5236	5236	-1.3965312632597027
5253	5253	-1.1587028380415563
5276	5276	-0.5011771918502107
5349	5349	0.47811632375392105
5353	5353	-0.697035894971037
5486	5486	-1.284612004333516
5577	5577	-0.9348643201891833
5644	5644	-1.2706220969677429
5720	5720	0.47811632375392105
5726	5726	-0.5291570065817573
5741	5741	0.7719043784351606
5748	5748	-1.2706220969677429
5757	5757	0.24028789853577479
5768	5768	0.7159447489720674
5772	5772	-0.9348643201891833
5779	5779	0.3941768795592812
5784	5784	1.02372271101908
5800	5800	-1.2146624675046496
5811	5811	-0.6410762655079438
5822	5822	1.639278635113106
5829	5829	-0.9348643201891833
5830	5830	0.7998841931667072
5831	5831	0.8978135447271204
5832	5832	0.28225762063309473
5835	5835	-0.5851166360448505
5837	5837	-0.16541941507165123
5856	5856	1.9890263192574387
5865	5865	1.471399746723826
5867	5867	2.632562058083011
5874	5874	-0.30531848872938433
5890	5890	-0.291328581363611
5893	5893	-0.5431469139475306
5907	5907	-0.9488542275549566
5921	5921	-0.053500156145464745
5950	5950	-0.1234496929743313
5984	5984	-0.9348643201891833
5993	5993	-0.053500156145464745
6008	6008	-0.5571368213133039
6009	6009	1.0936722478479468
6011	6011	0.7765676808885532
6012	6012	1.0377126183848535
6013	6013	0.5760456753143343
6016	6016	0.21697138625762083
6017	6017	0.7299346563378406
6019	6019	1.1216520625794935
6020	6020	0.5900355826801076
6021	6021	0.6040254900458809
6023	6023	0.5760456753143343
6024	6024	1.3035208583345463
6025	6025	2.5626125212541444
6030	6030	1.331500673066093
6034	6034	1.0796823404821734
6035	6035	-0.02552034141391812
6036	6036	0.6040254900458809
6038	6038	0.43614660165660113
6039	6039	0.4221566942908278
6040	6040	0.5480658605827876
6041	6041	-0.2633487666320644
6042	6042	-1.1167331159442364
6043	6043	1.4853896540895994
6046	6046	1.8910969676970255
6064	6064	1.130978667491874
6069	6069	1.331500673066093
6070	6070	1.3035208583345463
6071	6071	2.0869556708178516
6073	6073	1.0517025257506267
6074	6074	0.9817529889217602
6076	6076	2.1289253929151717
6085	6085	2.282814373938678
6086	6086	0.9537731741902136
6088	6088	1.354817185344247
6090	6090	0.6320053047774274
6092	6092	1.0936722478479468
6094	6094	1.02372271101908
6097	6097	1.737207986673519
6098	6098	1.6112988203815592
6099	6099	1.877107060331252
6100	6100	1.0377126183848535
6102	6102	2.175558417465884
6104	6104	0.925793359458667
6105	6105	0.7998841931667072
6106	6106	1.0377126183848535
6107	6107	1.9890263192574387
6108	6108	-0.2633487666320644
6109	6109	0.9677630815559869
6111	6111	1.5833190056500126
6112	6112	0.6180153974116541
6113	6113	2.753807921921578
6114	6114	0.7579144710693873
6115	6115	0.7858942858009339
6118	6118	0.8278640078982539
6122	6122	1.0097328036533069
6124	6124	2.5766024286199176
6125	6125	1.2755410436029997
6126	6126	1.10766215521372
6127	6127	2.2688244665729047
6128	6128	2.175558417465884
6129	6129	1.471399746723826
6131	6131	1.9890263192574387
6132	6132	1.2615511362372265
6133	6133	1.5833190056500126
6134	6134	1.4853896540895994
6136	6136	0.7299346563378406
6137	6137	0.5060961384854676
6138	6138	0.7579144710693873
6140	6140	0.8558438226298004
6142	6142	0.8418539152640271
6145	6145	1.8211474308681588
6148	6148	1.2055915067741332
6149	6149	1.2615511362372265
6150	6150	1.5600024933718586
6151	6151	0.8978135447271204
6153	6153	3.681805110516009
6154	6154	3.686468412969402
6163	6163	4.143472053586528
6166	6166	3.3880170558347698
6169	6169	1.8211474308681588
6171	6171	1.10766215521372
6172	6172	1.513369468821146
6173	6173	0.4641264163881478
6174	6174	0.925793359458667
6177	6177	0.8698337299955737
6180	6180	-0.697035894971037
6184	6184	0.5713823728609415
6188	6188	-0.5711267286790772
6189	6189	-0.5291570065817573
6191	6191	-0.28666527891021837
6192	6192	0.6459952121432008
6193	6193	-0.02552034141391812
6194	6194	1.513369468821146
6195	6195	0.01644938068340181
6197	6197	-0.45920746975289073
6198	6198	0.2682677132673214
6201	6201	0.6040254900458809
6202	6202	1.471399746723826
6203	6203	1.3734703951634128
6209	6209	0.5900355826801076
6210	6210	0.9677630815559869
6216	6216	2.8564005759353837
6217	6217	1.555339190918466
6218	6218	2.2688244665729047
6220	6220	1.0936722478479468
6221	6221	1.3734703951634128
6231	6231	1.4434199319922796
6235	6235	2.017006133988985
6237	6237	1.2615511362372265
6238	6238	1.1776116920425865
6240	6240	0.8278640078982539
6241	6241	0.7159447489720674
6242	6242	0.01178607823000913
6243	6243	-0.9348643201891833
6244	6244	0.40816678692505454
6252	6252	2.198874929744038
6255	6255	2.8284207612038372
6258	6258	2.003016226623212
6268	6268	1.7651878014050657
6276	6276	2.6605418728145573
6284	6284	1.9050868750627987
6296	6296	-0.47319737711866405
6390	6390	-0.655066172873717
6396	6396	-0.039510248779691434
6413	6413	1.1636217846768133
6424	6424	-0.36127811819247757
6434	6434	-1.1587028380415563
6445	6445	-0.92087441282341
6680	6680	0.8838236373613471
6709	6709	-0.8089551538972235
6744	6744	-1.1307230233100096
6830	6830	-0.7669854317999036
6897	6897	-0.8649147833603168
6898	6898	-1.4524908927227957
6900	6900	1.8211474308681588
6901	6901	0.6739750268747474
6903	6903	-0.10945978560855799
6904	6904	-0.6270863581421705
6906	6906	-1.550420244283209
6907	6907	-0.6410762655079438
6908	6908	-0.9768340422865033
6909	6909	-0.7250157097025837
6911	6911	-1.1587028380415563
6913	6913	2.082292368364459
6915	6915	-0.3892579329240242
6916	6916	-0.47319737711866405
6917	6917	3.3880170558347698
6918	6918	2.2128648371098114
6919	6919	-0.3752680255582509
6920	6920	0.18432826907268154
6921	6921	-0.01153043404814481
6922	6922	-0.697035894971037
6923	6923	-1.4804707074543424
6924	6924	-1.2286523748704228
6926	6926	-0.96284413492073
6927	6927	-0.5571368213133039
6928	6928	-0.34728821082670425
6929	6929	-0.27733867399783774
6931	6931	-1.326581726430836
6932	6932	-1.1167331159442364
6933	6933	-1.102743208578463
6936	6936	-0.16541941507165123
6937	6937	-0.43122765502134414
6938	6938	-0.6410762655079438
6939	6939	-1.2426422822361962
6940	6940	-1.0747633938469163
6943	6943	-1.2706220969677429
6944	6944	-1.102743208578463
6945	6945	-0.3892579329240242
6951	6951	-0.22137904453474447
6956	6956	0.058419102780721745
6957	6957	-0.1234496929743313
6958	6958	-0.8229450612629968
6959	6959	-0.655066172873717
6960	6960	-1.592389966380529
6961	6961	-1.368551448528156
6963	6963	-0.2633487666320644
6964	6964	0.6320053047774274
6965	6965	0.6273420023240348
6966	6966	-1.186682652773103
6967	6967	-1.1587028380415563
6968	6968	0.5060961384854676
6969	6969	0.43614660165660113
6970	6970	-1.1726927454073295
6971	6971	-0.96284413492073
6972	6972	-0.22137904453474447
6973	6973	-0.34728821082670425
6974	6974	1.415440117260733
6975	6975	-0.9068845054576367
6976	6976	-0.6830459876052637
6979	6979	-1.6063798737463022
6981	6981	-1.186682652773103
6982	6982	-0.27733867399783774
6984	6984	-0.7949652465314502
6985	6985	-1.0048138570180498
6986	6986	-1.2286523748704228
6987	6987	-0.8089551538972235
6989	6989	-0.291328581363611
6990	6990	-0.2493588592662911
6992	6992	-0.8649147833603168
6994	6994	-0.2493588592662911
6997	6997	-0.1374396003401046
7000	7000	-0.30531848872938433
7002	7002	-0.17940932243742455
7003	7003	-0.655066172873717
7008	7008	0.6739750268747474
7013	7013	-1.144712930675783
7014	7014	-0.10945978560855799
7025	7025	-0.6690560802394904
7026	7026	-0.8089551538972235
7028	7028	-1.4524908927227957
7031	7031	-0.291328581363611
7033	7033	-0.2633487666320644
7036	7036	-0.8789046907260901
7058	7058	0.21230808380422816
7061	7061	0.21230808380422816
7062	7062	-1.186682652773103
7063	7063	-0.6270863581421705
7064	7064	-0.8462615735411507
7067	7067	-1.3825413558939292
7068	7068	-1.102743208578463
7071	7071	-1.0747633938469163
7072	7072	-0.739005617068357
7075	7075	0.7019548416062941
7077	7077	-1.6203697811120756
7081	7081	-1.3965312632597027
7092	7092	-0.8649147833603168
7094	7094	-0.9068845054576367
7096	7096	-1.0048138570180498
7098	7098	-1.3965312632597027
7102	7102	0.21230808380422816
7103	7103	-1.186682652773103
7106	7106	-0.3892579329240242
7107	7107	-0.9068845054576367
7109	7109	-1.2706220969677429
7111	7111	0.1423585469753616
7117	7117	-1.424511077991249
7119	7119	-1.0048138570180498
7120	7120	-1.1726927454073295
7123	7123	-0.7110258023368103
7125	7125	-0.7949652465314502
7126	7126	0.6739750268747474
7127	7127	-1.326581726430836
7130	7130	0.4594631139347551
7133	7133	-0.4172377476555708
7138	7138	0.11437873224381499
7143	7143	-0.02552034141391812
7147	7147	-0.5011771918502107
7158	7158	-1.1260597208566174
7160	7160	-0.6270863581421705
7161	7161	-1.2426422822361962
7162	7162	-1.0327936717495965
7163	7163	-0.9488542275549566
7164	7164	-0.7669854317999036
7165	7165	-0.6690560802394904
7166	7166	-0.9068845054576367
7169	7169	-0.053500156145464745
7177	7177	-0.9908239496522766
7181	7181	0.7439245637036139
7186	7186	-0.47319737711866405
7192	7192	-0.8229450612629968
7199	7199	-0.9488542275549566
7202	7202	-1.144712930675783
7203	7203	-0.9068845054576367
7206	7206	-1.0327936717495965
7207	7207	-0.739005617068357
7208	7208	-0.5851166360448505
7209	7209	-1.1167331159442364
7213	7213	-1.0048138570180498
7217	7217	-1.508450522185889
7218	7218	-0.47319737711866405
7223	7223	-0.43122765502134414
7231	7231	-0.9908239496522766
7236	7236	-0.5571368213133039
7244	7244	-0.8649147833603168
7248	7248	-0.6690560802394904
7250	7250	-1.424511077991249
7252	7252	1.6346153326597133
7255	7255	-1.2006725601388761
7258	7258	-0.697035894971037
7263	7263	-1.2146624675046496
7268	7268	-0.9908239496522766
7273	7273	-0.36127811819247757
7276	7276	-0.5431469139475306
7280	7280	-0.1514295077058779
7282	7282	-1.1726927454073295
7287	7287	-0.697035894971037
7288	7288	-0.053500156145464745
7296	7296	0.044429195414948434
7298	7298	-0.09546987824278468
7305	7305	-0.2353689519005178
7306	7306	-0.3892579329240242
7307	7307	-0.27733867399783774
7314	7314	-0.9768340422865033
7316	7316	-0.1234496929743313
7319	7319	-1.3965312632597027
7320	7320	-0.1514295077058779
7322	7322	-0.3892579329240242
7323	7323	-0.43122765502134414
7327	7327	-1.0607734864811431
7328	7328	-1.5224404295516623
7330	7330	0.10038882487804167
7332	7332	-1.0887533012126898
7333	7333	-0.8229450612629968
7337	7337	-0.5011771918502107
7342	7342	-0.02552034141391812
7343	7343	-0.6410762655079438
7344	7344	-0.5571368213133039
7346	7346	-0.291328581363611
7347	7347	-1.04678357911537
7349	7349	-0.1234496929743313
7350	7350	-0.19339922980319785
7351	7351	0.7765676808885532
7353	7353	0.1423585469753616
7354	7354	0.9397832668244404
7355	7355	-0.1514295077058779
7356	7356	0.2542778059015481
7372	7372	-0.02552034141391812
7373	7373	-0.1234496929743313
7377	7377	-0.43122765502134414
7378	7378	-0.6830459876052637
7382	7382	-1.5644101516489823
7383	7383	-1.284612004333516
7384	7384	-0.4032478402897975
7387	7387	-1.2706220969677429
7394	7394	-1.4944606148201158
7396	7396	-1.2286523748704228
7404	7404	-0.8369349686287701
7411	7411	-0.9768340422865033
7413	7413	-0.7949652465314502
7415	7415	-0.6270863581421705
7416	7416	-0.10945978560855799
7417	7417	0.1610117567945276
7418	7418	-1.1167331159442364
7419	7419	-0.8089551538972235
7424	7424	-1.4385009853570225
7427	7427	0.9817529889217602
7430	7430	-0.6130964507763972
7438	7438	-0.31930839609515765
7460	7460	-0.47319737711866405
7461	7461	-0.8649147833603168
7471	7471	-1.5224404295516623
7477	7477	-0.5291570065817573
7514	7514	-0.17940932243742455
7515	7515	-0.5431469139475306
7516	7516	1.2055915067741332
7517	7517	1.7651878014050657
7518	7518	0.5480658605827876
7519	7519	0.3801869721935079
7520	7520	-0.5711267286790772
7521	7521	-0.7110258023368103
7522	7522	0.5340759532170143
7523	7523	-0.19339922980319785
7524	7524	-1.2426422822361962
7525	7525	-1.144712930675783
7526	7526	-0.44521756238711746
7717	7717	-0.039510248779691434
7917	7917	-0.06749006351123805
7947	7947	-0.06749006351123805
8077	8077	-0.7529955244341303
8132	8132	-0.5291570065817573
8213	8213	-1.3825413558939292
8214	8214	-1.0327936717495965
8222	8222	0.925793359458667
8227	8227	2.044985948720532
8230	8230	1.5040428639087655
8231	8231	0.9677630815559869
8233	8233	-0.44521756238711746
8234	8234	1.0750190380287807
8235	8235	-0.5011771918502107
8236	8236	-0.5291570065817573
8237	8237	0.7719043784351606
8238	8238	-0.22137904453474447
8239	8239	-1.5364303369174357
8240	8240	0.6180153974116541
8241	8241	0.40816678692505454
8242	8242	1.8631171529654789
8243	8243	-0.19339922980319785
8244	8244	0.3941768795592812
8246	8246	-0.7250157097025837
8247	8247	0.8138741005324805
8249	8249	0.5760456753143343
8256	8256	-0.5711267286790772
8258	8258	0.5340759532170143
8259	8259	0.2542778059015481
8264	8264	-1.0048138570180498
8266	8266	1.2055915067741332
8275	8275	-0.28666527891021837
8283	8283	0.044429195414948434
8284	8284	-0.01153043404814481
8285	8285	-0.9488542275549566
8290	8290	-1.1307230233100096
8297	8297	0.1283686396095883
8304	8304	-1.4804707074543424
8306	8306	1.0656924331164002
8307	8307	-0.2353689519005178
8311	8311	-1.0048138570180498
8312	8312	-0.9908239496522766
8314	8314	-1.0887533012126898
8325	8325	-0.36127811819247757
8326	8326	0.18432826907268154
8334	8334	-0.4871872844844374
8335	8335	0.925793359458667
8337	8337	-0.5291570065817573
8343	8343	-0.1234496929743313
8351	8351	1.0936722478479468
8353	8353	-1.8302183915986752
8354	8354	-0.08147997087701137
8357	8357	-0.655066172873717
8365	8365	-0.5291570065817573
8366	8366	-0.28666527891021837
8369	8369	0.8138741005324805
8376	8376	1.0936722478479468
8378	8378	-0.96284413492073
8386	8386	-0.47319737711866405
8387	8387	-0.515167099215984
8395	8395	-0.43122765502134414
8419	8419	0.6040254900458809
8420	8420	-0.4871872844844374
8422	8422	1.8631171529654789
8423	8423	0.8418539152640271
8424	8424	-0.8509248759945435
8426	8426	-1.1587028380415563
8428	8428	-0.9348643201891833
8430	8430	0.3941768795592812
9045	9045	0.296247527998868
9057	9057	0.22629799117000146
9058	9058	1.6672584498446525
9067	9067	1.02372271101908
9069	9069	-0.039510248779691434
9070	9070	-0.19339922980319785
9075	9075	0.5480658605827876
9078	9078	0.9397832668244404
9079	9079	0.9817529889217602
9081	9081	0.43614660165660113
9084	9084	1.1356419699452667
9085	9085	1.0936722478479468
9089	9089	0.29158422554547536
9091	9091	0.9118034520928937
9095	9095	1.1496318773110399
9099	9099	0.9397832668244404
9100	9100	-0.333298303460931
9102	9102	0.01644938068340181
9103	9103	-0.01153043404814481
9104	9104	-1.2706220969677429
9105	9105	-0.34728821082670425
9106	9106	0.21230808380422816
9111	9111	0.9537731741902136
9113	9113	-0.4172377476555708
9114	9114	0.9118034520928937
9115	9115	0.43614660165660113
9121	9121	1.2195814141399066
9125	9125	-0.5291570065817573
9128	9128	-0.7809753391656769
9130	9130	-0.5991065434106239
9131	9131	-0.6130964507763972
9133	9133	-0.5711267286790772
9134	9134	-0.20738913716897117
9298	9298	-1.3125918190650627
9312	9312	-0.45920746975289073
9314	9314	-0.515167099215984
9321	9321	1.3035208583345463
9323	9323	0.7579144710693873
9332	9332	1.7232180793077456
9336	9336	0.03043928804917512
9339	9339	1.1776116920425865
9343	9343	0.6180153974116541
9352	9352	2.4786730770595047
9353	9353	2.3807437254990913
9356	9356	0.9537731741902136
9363	9363	2.8284207612038372
9369	9369	-0.09546987824278468
9371	9371	2.5626125212541444
9380	9380	0.9817529889217602
9381	9381	0.8278640078982539
9382	9382	0.8698337299955737
9383	9383	0.8884869398147398
9386	9386	1.7931676161366124
9388	9388	2.450693262327958
9390	9390	-0.20738913716897117
9391	9391	0.08639891751226836
9392	9392	0.21230808380422816
9394	9394	1.5226960737335267
9395	9395	1.1776116920425865
9399	9399	0.7579144710693873
9402	9402	0.49210623111969437
9404	9404	0.6459952121432008
9405	9405	1.1216520625794935
9407	9407	0.4641264163881478
9408	9408	1.3874603025291863
9409	9409	1.3874603025291863
9412	9412	0.21230808380422816
9413	9413	0.1423585469753616
9416	9416	2.912360205398477
9421	9421	1.3175107657003198
9427	9427	0.7439245637036139
9433	9433	3.0522592790562104
9434	9434	1.4993795614553727
9436	9436	0.3102374353646413
9437	9437	0.4641264163881478
9442	9442	1.19160159940836
9450	9450	0.2542778059015481
9451	9451	1.3454905804318664
9452	9452	1.0097328036533069
9453	9453	1.2895309509687731
9454	9454	0.9957428962875335
9455	9455	0.5480658605827876
9470	9470	1.0750190380287807
9476	9476	2.058975856086305
9481	9481	1.513369468821146
9503	9503	-1.0887533012126898
9506	9506	-0.31930839609515765
9507	9507	-1.592389966380529
9508	9508	-1.2006725601388761
9509	9509	-1.0607734864811431
9510	9510	-1.3545615411623826
9511	9511	-1.0747633938469163
9512	9512	-1.8022385768671285
9513	9513	-0.655066172873717
9514	9514	-0.6130964507763972
9515	9515	-1.5224404295516623
9517	9517	-1.0887533012126898
9518	9518	0.47811632375392105
9519	9519	-0.34728821082670425
9520	9520	1.6812483572104258
9521	9521	-0.7669854317999036
9522	9522	-1.368551448528156
9523	9523	0.18432826907268154
9524	9524	0.7719043784351606
9525	9525	0.4641264163881478
9526	9526	-1.0327936717495965
9527	9527	0.15634845434113492
9528	9528	1.2242447165932993
9529	9529	-1.0327936717495965
9530	9530	0.3941768795592812
9531	9531	0.4221566942908278
9532	9532	1.2615511362372265
9533	9533	0.3102374353646413
9534	9534	-0.7669854317999036
9535	9535	0.5620557679485609
9536	9536	0.8698337299955737
9537	9537	-1.0747633938469163
9539	9539	-0.27733867399783774
9540	9540	-0.45920746975289073
9541	9541	-0.8369349686287701
9542	9542	0.36619706482773456
9543	9543	0.6086887924992735
9544	9544	-1.4664808000885692
9545	9545	0.002459473317628501
9546	9546	3.6398353884186894
9547	9547	-0.2353689519005178
9548	9548	2.492662984425278
9549	9549	0.4221566942908278
9550	9550	2.6185721507172377
9551	9551	1.0377126183848535
9552	9552	2.5346327065225975
9553	9553	0.9677630815559869
9554	9554	0.5900355826801076
9555	9555	0.5620557679485609
9556	9556	-0.4032478402897975
9557	9557	1.331500673066093
9558	9558	0.7299346563378406
9559	9559	-1.4944606148201158
9560	9560	-0.7949652465314502
9561	9561	0.9817529889217602
9562	9562	0.5480658605827876
9564	9564	2.1708951150124918
9565	9565	-0.5011771918502107
9567	9567	1.653268542478879
9568	9568	1.1356419699452667
9569	9569	0.8698337299955737
9571	9571	-1.508450522185889
9573	9573	-0.739005617068357
9574	9574	1.5973089130157858
9576	9576	1.2615511362372265
9577	9577	0.8978135447271204
9578	9578	-0.45920746975289073
9579	9579	-0.36127811819247757
9581	9581	1.5413492835526927
9582	9582	0.6879649342405207
9583	9583	0.7439245637036139
9584	9584	0.28225762063309473
9585	9585	-1.7462789474040352
9586	9586	0.7858942858009339
9587	9587	0.9817529889217602
9588	9588	0.08639891751226836
9589	9589	0.1283686396095883
9590	9590	-1.8022385768671285
9591	9591	-0.92087441282341
9592	9592	0.6459952121432008
9593	9593	1.4574098393580528
9594	9594	0.6459952121432008
9595	9595	-0.16541941507165123
9596	9596	-0.5851166360448505
9597	9597	-0.7669854317999036
9598	9598	0.19831817643845484
9599	9599	0.07240901014649505
9600	9600	0.33821725009618797
9601	9601	0.7579144710693873
9602	9602	-0.34728821082670425
9606	9606	-1.144712930675783
9607	9607	0.296247527998868
9608	9608	-1.424511077991249
9609	9609	-0.5011771918502107
9610	9610	-0.06749006351123805
9611	9611	-0.5571368213133039
9612	9612	0.17033836170690822
9613	9613	-0.09546987824278468
9615	9615	0.1283686396095883
9616	9616	0.5620557679485609
9617	9617	-0.7110258023368103
9619	9619	-0.3426249083733116
9620	9620	0.35220715746196124
9621	9621	0.47811632375392105
9622	9622	0.47811632375392105
9624	9624	-0.22137904453474447
9625	9625	0.4641264163881478
9626	9626	-0.3426249083733116
9627	9627	0.3941768795592812
9628	9628	-0.27733867399783774
9629	9629	0.8138741005324805
9630	9630	0.07240901014649505
9631	9631	0.8418539152640271
9632	9632	0.47811632375392105
9633	9633	0.2682677132673214
9634	9634	0.4221566942908278
9635	9635	0.5480658605827876
9636	9636	1.471399746723826
9637	9637	-0.1234496929743313
9638	9638	0.2682677132673214
9639	9639	-0.30531848872938433
9640	9640	0.520086045851241
9641	9641	-0.04417355123308411
9642	9642	0.6739750268747474
9643	9643	0.08639891751226836
9644	9644	-0.3752680255582509
9645	9645	-0.333298303460931
9646	9646	-1.1726927454073295
9647	9647	-0.8789046907260901
9648	9648	-1.3125918190650627
9649	9649	-0.4032478402897975
9651	9651	-1.0887533012126898
9653	9653	-1.3405716337966094
9655	9655	-0.2493588592662911
9656	9656	-0.291328581363611
9657	9657	-1.3965312632597027
9658	9658	-0.6783826851518711
9659	9659	-0.6830459876052637
9660	9660	-1.6903193179409421
9661	9661	-1.5784000590147556
9663	9663	-0.7669854317999036
9664	9664	0.11437873224381499
9665	9665	0.11437873224381499
9666	9666	0.17033836170690822
9667	9667	0.3102374353646413
9668	9668	-0.053500156145464745
9669	9669	-0.1374396003401046
9670	9670	1.2335713215056798
9671	9671	0.3941768795592812
9672	9672	0.10505212733143436
9673	9673	0.22629799117000146
9676	9676	0.24028789853577479
9677	9677	-0.09546987824278468
9678	9678	-0.8089551538972235
9679	9679	-0.7949652465314502
9680	9680	-1.1587028380415563
9681	9681	-0.96284413492073
9682	9682	-0.31930839609515765
9683	9683	-1.0887533012126898
9684	9684	0.03043928804917512
9685	9685	0.07240901014649505
9686	9686	0.04909249786834111
9687	9687	0.28225762063309473
9689	9689	-0.8789046907260901
9690	9690	-0.44521756238711746
9691	9691	-0.5291570065817573
9692	9692	-0.6410762655079438
9693	9693	-0.8369349686287701
9694	9694	-0.3892579329240242
9695	9695	1.1216520625794935
9696	9696	-0.333298303460931
9697	9697	-0.333298303460931
9698	9698	-0.1374396003401046
9699	9699	-0.515167099215984
9700	9700	-0.19339922980319785
9701	9701	0.11437873224381499
9703	9703	-0.3892579329240242
9704	9704	-0.44521756238711746
9705	9705	-0.6783826851518711
9706	9706	0.6599851195089741
9707	9707	-0.16541941507165123
9708	9708	0.3102374353646413
9709	9709	-0.08147997087701137
9710	9710	-0.16541941507165123
9711	9711	-0.47319737711866405
9712	9712	-0.36127811819247757
9713	9713	-0.45920746975289073
9714	9714	-0.1514295077058779
9716	9716	1.0750190380287807
9717	9717	0.3801869721935079
9718	9718	-0.2633487666320644
9719	9719	-0.6130964507763972
9720	9720	0.9677630815559869
9721	9721	-0.333298303460931
9722	9722	0.8978135447271204
9723	9723	-0.4172377476555708
9725	9725	-1.2426422822361962
9726	9726	-0.92087441282341
9727	9727	-1.2426422822361962
9728	9728	-0.333298303460931
9729	9729	0.7439245637036139
9730	9730	0.3102374353646413
9731	9731	0.5060961384854676
9732	9732	-0.08147997087701137
9733	9733	-0.19339922980319785
9735	9735	0.11437873224381499
9736	9736	-0.30531848872938433
9737	9737	0.1283686396095883
9738	9738	-0.2493588592662911
9739	9739	0.1423585469753616
9741	9741	0.2542778059015481
9743	9743	-0.22137904453474447
9744	9744	-0.2633487666320644
9745	9745	-0.22137904453474447
9747	9747	0.1423585469753616
9748	9748	-0.1374396003401046
9749	9749	-0.4871872844844374
9754	9754	-0.2353689519005178
9755	9755	0.296247527998868
9756	9756	0.296247527998868
9757	9757	0.5760456753143343
9758	9758	-0.6830459876052637
9759	9759	-1.2286523748704228
9761	9761	-1.0188037643838233
9762	9762	0.6739750268747474
9764	9764	-0.7669854317999036
9766	9766	-1.4385009853570225
9768	9768	-0.5011771918502107
9769	9769	-0.9488542275549566
9770	9770	-0.92087441282341
9771	9771	-1.1726927454073295
9772	9772	-0.92087441282341
9774	9774	-0.8649147833603168
9775	9775	-1.3125918190650627
9776	9776	-1.0188037643838233
9777	9777	-0.9488542275549566
9778	9778	-0.6690560802394904
9779	9779	-1.1307230233100096
9780	9780	-0.6270863581421705
9781	9781	-1.3125918190650627
9782	9782	-1.1307230233100096
9783	9783	-0.3892579329240242
9784	9784	-1.2986019116992893
9785	9785	-1.1307230233100096
9786	9786	-1.04678357911537
9787	9787	-0.7250157097025837
9788	9788	-1.1726927454073295
9789	9789	-1.0327936717495965
9790	9790	-0.9348643201891833
9791	9791	-1.0141404619304304
9792	9792	-1.1587028380415563
9793	9793	-1.2006725601388761
9794	9794	-0.7949652465314502
9795	9795	-1.4385009853570225
9796	9796	-0.5571368213133039
9797	9797	-0.8089551538972235
9798	9798	-1.0188037643838233
9799	9799	-0.96284413492073
9800	9800	-0.8369349686287701
9801	9801	-1.2006725601388761
9802	9802	-0.7669854317999036
9803	9803	-1.144712930675783
9804	9804	-0.9908239496522766
9805	9805	-0.7250157097025837
9806	9806	-0.92087441282341
9807	9807	-0.8928945980918633
9808	9808	-0.45920746975289073
9809	9809	-0.4871872844844374
9810	9810	-0.7949652465314502
9811	9811	-0.7669854317999036
9812	9812	-0.8789046907260901
9813	9813	-0.9908239496522766
9814	9814	-0.6690560802394904
9815	9815	-0.6130964507763972
9816	9816	-1.144712930675783
9817	9817	-1.0747633938469163
9819	9819	0.8138741005324805
9820	9820	-1.2146624675046496
9821	9821	-0.22137904453474447
9822	9822	-0.08147997087701137
9823	9823	-1.144712930675783
9824	9824	1.7931676161366124
9825	9825	-0.8369349686287701
9826	9826	-0.36127811819247757
9827	9827	-0.7949652465314502
9828	9828	-0.06749006351123805
9830	9830	-1.2286523748704228
9831	9831	0.15634845434113492
9832	9832	0.7579144710693873
9833	9833	-0.43122765502134414
9834	9834	-0.47319737711866405
9835	9835	-0.09546987824278468
9836	9836	1.4574098393580528
9837	9837	-0.39858453783640485
9838	9838	-0.5571368213133039
9839	9839	1.0796823404821734
9840	9840	0.9537731741902136
9841	9841	-0.31930839609515765
9843	9843	-1.1587028380415563
9844	9844	0.32422734273041465
9845	9845	-0.333298303460931
9846	9846	1.8211474308681588
9847	9847	-1.3125918190650627
9848	9848	0.1283686396095883
9849	9849	0.8698337299955737
9850	9850	0.6739750268747474
9851	9851	2.017006133988985
9852	9852	-0.4032478402897975
9853	9853	-1.4944606148201158
9854	9854	-1.3825413558939292
9855	9855	-0.5851166360448505
9856	9856	-0.45920746975289073
9857	9857	-0.9908239496522766
9858	9858	2.0869556708178516
9859	9859	-0.4032478402897975
9860	9860	-0.1514295077058779
9861	9861	1.3454905804318664
9862	9862	-0.8928945980918633
9864	9864	-1.1307230233100096
9866	9866	1.19160159940836
9867	9867	1.02372271101908
9868	9868	-0.739005617068357
9869	9869	0.15634845434113492
9870	9870	0.9537731741902136
9871	9871	1.2055915067741332
9873	9873	-0.9348643201891833
9874	9874	-0.8229450612629968
9875	9875	-1.102743208578463
9876	9876	0.21230808380422816
9877	9877	2.310794188670225
9878	9878	1.6672584498446525
9879	9879	-0.8369349686287701
9880	9880	0.45013650902237445
9881	9881	-0.08147997087701137
9882	9882	-0.27733867399783774
9883	9883	-1.3125918190650627
9885	9885	1.8351373382339322
9886	9886	0.1283686396095883
9887	9887	0.32889064518380734
9888	9888	0.15634845434113492
9890	9890	0.7019548416062941
9891	9891	-0.02552034141391812
9892	9892	0.28225762063309473
9894	9894	0.2682677132673214
9895	9895	-0.43122765502134414
9897	9897	-0.1374396003401046
9898	9898	0.7998841931667072
9899	9899	-0.7110258023368103
9900	9900	-1.7043092253067154
9901	9901	1.877107060331252
9902	9902	0.8138741005324805
9903	9903	1.3734703951634128
9904	9904	1.3454905804318664
9905	9905	0.35220715746196124
9906	9906	0.2542778059015481
9908	9908	-1.0188037643838233
9909	9909	0.19831817643845484
9910	9910	-0.7529955244341303
9911	9911	-0.9768340422865033
9914	9914	-0.4871872844844374
9915	9915	0.044429195414948434
9917	9917	-0.45920746975289073
9918	9918	-0.1234496929743313
9920	9920	-1.0887533012126898
9921	9921	-1.0607734864811431
9924	9924	-0.9488542275549566
9925	9925	0.5060961384854676
9926	9926	-0.92087441282341
9927	9927	0.24028789853577479
9928	9928	0.002459473317628501
9929	9929	0.10038882487804167
9930	9930	-0.43122765502134414
9932	9932	-0.10945978560855799
9933	9933	-0.3752680255582509
9935	9935	-0.2353689519005178
9937	9937	-0.92087441282341
9938	9938	-0.9068845054576367
9939	9939	-0.45920746975289073
9941	9941	-0.7529955244341303
9942	9942	-0.9954872521056692
9943	9943	-0.5291570065817573
9944	9944	-0.43122765502134414
9945	9945	1.6812483572104258
9946	9946	-1.2286523748704228
9947	9947	1.1776116920425865
9948	9948	1.2055915067741332
9949	9949	-0.3752680255582509
9950	9950	0.8698337299955737
9951	9951	0.8558438226298004
9952	9952	0.1423585469753616
9953	9953	0.2542778059015481
9955	9955	-0.16541941507165123
9956	9956	-0.5991065434106239
9957	9957	0.01644938068340181
9958	9958	-0.08147997087701137
9959	9959	-0.10945978560855799
9960	9960	-0.053500156145464745
9962	9962	-0.30531848872938433
9963	9963	-0.47319737711866405
9964	9964	-0.7529955244341303
9965	9965	-0.7250157097025837
9966	9966	0.3941768795592812
9968	9968	-0.9348643201891833
9969	9969	-0.8229450612629968
9970	9970	0.17033836170690822
9971	9971	-0.7250157097025837
9972	9972	-1.144712930675783
9973	9973	0.6040254900458809
9974	9974	0.5900355826801076
9975	9975	-0.2353689519005178
9976	9976	-0.2493588592662911
9978	9978	-0.17940932243742455
9979	9979	-0.053500156145464745
9980	9980	-0.8369349686287701
9981	9981	-0.7949652465314502
9982	9982	0.11437873224381499
9983	9983	-1.144712930675783
9984	9984	-0.9908239496522766
9985	9985	-0.697035894971037
9986	9986	0.32889064518380734
9987	9987	0.4221566942908278
9988	9988	0.6739750268747474
9990	9990	0.01644938068340181
9991	9991	0.3941768795592812
9993	9993	0.7998841931667072
9995	9995	-1.0747633938469163
9996	9996	-1.2379789797828038
9997	9997	-0.739005617068357
9998	9998	-0.8649147833603168
9999	9999	-0.6410762655079438
10001	10001	-0.8229450612629968
10002	10002	-1.2566321896019694
10004	10004	-0.09546987824278468
10005	10005	-0.3799313280116436
10006	10006	1.6812483572104258
10008	10008	-0.2353689519005178
10009	10009	-0.1514295077058779
10010	10010	0.08639891751226836
10011	10011	-0.697035894971037
10012	10012	1.6812483572104258
10013	10013	0.49210623111969437
10014	10014	0.7439245637036139
10015	10015	-0.7669854317999036
10017	10017	0.22629799117000146
10018	10018	0.36619706482773456
10020	10020	-0.6130964507763972
10022	10022	-0.5571368213133039
10023	10023	0.7159447489720674
100000	100000	-0.6597294753271098
