1	1	-0.41465189881811143
2	2	-1.3371876255561137
23	23	-0.5683240671742763
66	66	-0.2858102638015906
81	81	-0.6072420019996759
91	91	0.448901271415946
94	94	-0.7773421555109701
96	96	0.4838050278517673
116	116	0.6214325390828195
126	126	-1.1070915455327937
149	149	0.1762322569594327
166	166	0.11737369595955706
173	173	3.7223182412644933
178	178	0.5400254753036534
223	223	-0.44405627947992954
242	242	-0.045341142874229814
258	258	0.10588828713866748
259	259	0.3386111943159908
260	260	-1.0500164955232614
267	267	0.8797676397430905
281	281	1.2077359538353816
282	282	-0.34434893148524587
321	321	-1.4057410207729426
328	328	2.494863676271356
357	357	-0.9747210197164152
362	362	-1.0586790272628237
366	366	-0.851432452153195
373	373	-0.512599867238481
374	374	-0.3702400654849493
378	378	-0.048407114449036996
379	379	-0.6081227014079893
380	380	-1.0777827663028798
383	383	0.5762365669805508
386	386	-0.6798409885045146
390	390	-0.7126766422182964
392	392	-0.653442687697977
641	641	0.9154628507588976
957	957	0.34036804280762567
1716	1716	2.175039079283301
1859	1859	0.6493966072865549
1867	1867	-0.21605572871292647
1925	1925	0.7081394122497991
1967	1967	-0.9598794903192323
2057	2057	-0.15179913367904732
2150	2150	2.07165407294512
2187	2187	0.6335561565987933
2274	2274	-0.04260210164917111
2290	2290	-0.5092812676381451
4802	4802	2.177612984961935
4997	4997	0.6399462399260291
5056	5056	2.0464077457853125
5116	5116	3.138380603038961
5122	5122	0.4365075702281015
5158	5158	-0.585618178724352
5160	5160	-0.8613570961662353
5202	5202	-0.49569814754059044
5207	5207	-0.26186296968709266
5232	5232	2.323551948765689
5245	5245	-0.5416381616436361
5264	5264	-1.1744974249467994
5341	5341	-0.2192093253875312
5380	5380	-1.721723104597344
5381	5381	-1.4592459004607203
5565	5565	0.8864651344375486
5606	5606	-1.5982982165587427
5628	5628	0.012599180493756064
5729	5729	-0.09549491915014614
5742	5742	1.6730443243204574
5753	5753	0.5796411802349892
5785	5785	-1.0502543414018044
5805	5805	-0.5555189763241024
5832	5832	1.4551064359171404
5837	5837	1.3922302628719447
5887	5887	0.4792392532190303
5896	5896	1.6537575773311317
5987	5987	0.3409391642224849
6005	6005	1.683250162610776
6008	6008	1.3668240692003604
6019	6019	0.9035116393846682
6020	6020	-0.19606081895734812
6039	6039	-0.1819565208760469
6042	6042	0.6782107674900556
6046	6046	0.23470252797802094
6074	6074	-0.8812735413114576
6076	6076	-1.3617594945487443
6085	6085	0.40548562525777215
6094	6094	-1.6709482893794354
6096	6096	-1.2368843108385044
6098	6098	0.11513364129416465
6100	6100	-0.15373230627941062
6109	6109	0.9288305067210734
6112	6112	-0.7108285539053875
6119	6119	-1.220504219636103
6124	6124	1.821133529153111
6169	6169	-0.33664585498699706
6188	6188	0.7148023430706775
6190	6190	0.7742166830114117
6194	6194	0.4395136252801342
6202	6202	0.9736748896817886
6203	6203	-1.6994460341126052
6242	6242	0.25164138166733857
6243	6243	0.6208564549678186
6318	6318	0.25481739672650594
6413	6413	-0.6444717316327414
6448	6448	-0.9115170845290491
6449	6449	0.9044447556977254
6709	6709	-0.7902947737421543
6727	6727	-0.9216432848701662
6729	6729	-1.147412319115933
6730	6730	-0.6158082878590957
6744	6744	-1.996934686813715
6810	6810	0.2931643216480758
6847	6847	-1.6448265521010623
6897	6897	-0.6919804451854155
6898	6898	-0.6057391091240114
6899	6899	-1.295919171872179
6903	6903	0.5922415036677653
6904	6904	-0.007138670218140445
6905	6905	-0.7491711565443907
6906	6906	0.6074046959808546
6907	6907	-1.4027815866555167
6909	6909	0.0039934262849972285
6910	6910	0.8220624822848511
6911	6911	0.0005910557014725673
6913	6913	0.4298956340143831
6914	6914	-0.7828272472261049
6916	6916	-1.2342880177898845
6917	6917	-1.0341120986774022
6919	6919	0.8144185599228501
6921	6921	1.1852046246447328
6924	6924	0.4310538200389538
6926	6926	-1.2911902733067948
6928	6928	-1.7158287044886014
6932	6932	0.16547824376787695
6933	6933	0.6310602817636973
6936	6936	-0.7426701117495942
6937	6937	-0.6457432024595711
6939	6939	-0.6970875240584764
6940	6940	0.2803672617631875
6942	6942	0.14325211260493328
6943	6943	-0.8488172407709318
6944	6944	-1.6257888093437802
6946	6946	-0.09308389299851287
6951	6951	1.3262189043211106
6953	6953	-0.17833733775388091
6958	6958	-0.21592525650668204
6959	6959	-0.8356606846837981
6961	6961	-0.49902424885533536
6962	6962	-0.9109920936059978
6967	6967	-0.6551523729191349
6968	6968	-0.19649179249214715
6970	6970	0.21876730097413494
6973	6973	0.8975706609029975
6974	6974	-0.9705683425570629
6976	6976	0.4968557386030785
6977	6977	0.40937147820643066
6979	6979	-0.6779340235151455
6980	6980	1.8577041296363774
6982	6982	1.1932004887457506
6983	6983	1.008750355279058
6985	6985	0.9341111484345594
6988	6988	-0.9953860906567874
6989	6989	-1.1093441502859847
6990	6990	-1.028048649151285
6992	6992	-0.48685617365177997
6994	6994	-1.7686266547485128
6996	6996	0.7999214230140287
7000	7000	-0.13251891855964484
7002	7002	0.21633754788519316
7004	7004	-0.6716549653898675
7008	7008	-1.2493273992592686
7011	7011	0.5200546050003289
7014	7014	-0.26745334020318945
7026	7026	-1.1229043430157934
7031	7031	0.6815385126273488
7035	7035	1.4487584173566495
7062	7062	-1.4312428086724875
7069	7069	-1.5106881532795826
7071	7071	0.013650629185820396
7075	7075	-0.04616358857701347
7078	7078	-0.8469544493191917
7080	7080	0.2614783064997947
7092	7092	-0.38893758911712517
7094	7094	-1.5477608392777198
7098	7098	-1.7586997389800136
7100	7100	-0.5173573912156197
7102	7102	-1.310257954322304
7105	7105	0.4590179706053439
7110	7110	1.4692040822735475
7123	7123	0.3965156756933463
7126	7126	0.5046137601447651
7128	7128	0.554773192853268
7135	7135	1.4661177894332031
7139	7139	-1.3982293564533108
7141	7141	0.8085513311557279
7143	7143	-0.47739025042959193
7145	7145	-0.8106147023901854
7147	7147	-0.20726232199790418
7150	7150	-0.03055774992159604
7151	7151	1.1030997025980824
7158	7158	-0.9933023837594612
7163	7163	0.78696729507552
7165	7165	-0.18212509908832494
7166	7166	-0.9371044355551906
7169	7169	-1.5842791074906137
7178	7178	-0.8611581707868182
7181	7181	1.6011978041529187
7186	7186	0.11090790059644781
7188	7188	1.689368852888198
7199	7199	-1.6496367030037888
7201	7201	1.4980169143255608
7205	7205	-0.18394385363628274
7206	7206	-0.5192257565739734
7224	7224	0.2341777262931915
7227	7227	-0.5972174083072721
7229	7229	0.2725351982187372
7231	7231	0.2752595656085329
7244	7244	0.4772886310799789
7252	7252	-1.7740522763286855
7255	7255	-1.332180429672654
7258	7258	0.4298335931689833
7260	7260	0.6819600357301248
7263	7263	-0.6521598890152082
7270	7270	1.6602331523567422
7275	7275	-0.26189969785575
7277	7277	0.10016531367941078
7280	7280	2.6116695459519628
7282	7282	0.6552817923501805
7284	7284	0.9786283042208543
7291	7291	1.5357322915135891
7296	7296	0.20609322505823352
7300	7300	1.2188428060901053
7306	7306	-0.576079759208674
7307	7307	-1.6151145348093554
7310	7310	0.6127212315039463
7316	7316	-0.15286553377210746
7320	7320	-1.0995196796204365
7330	7330	-0.695369602833818
7331	7331	2.0916002731558634
7333	7333	0.8542864030802614
7337	7337	1.2550613661078776
7340	7340	1.2959344337534917
7343	7343	0.32395889026078795
7344	7344	-1.7416788591004326
7346	7346	1.1232800334365771
7351	7351	0.9211044396754564
7354	7354	0.4849287725074941
7355	7355	-0.09996591616407792
7372	7372	1.1809381200024247
7373	7373	0.37914345982895525
7378	7378	-1.6054845155035504
7379	7379	-1.3192977125026302
7382	7382	0.874707718590835
7384	7384	0.12420994462748008
7390	7390	-0.6927029223578326
7391	7391	-1.0989396501463837
7392	7392	-0.8735260657261779
7394	7394	2.751532604017108
7397	7397	-1.147221276301549
7405	7405	0.781450940821336
7408	7408	-0.7253163286082773
7411	7411	-0.9620620832040059
7418	7418	0.4091913480979613
7424	7424	1.2327183731401388
7430	7430	1.7661405100934569
7438	7438	1.0700647193542914
7446	7446	-2.4708019898617075
7449	7449	1.0309033973135946
7460	7460	1.0066503077690618
7472	7472	-0.16203818699438394
7477	7477	-0.9492992246605783
7479	7479	0.23117505075686037
7482	7482	0.5944651625753374
7483	7483	-0.7014759885948758
7490	7490	0.5269039410285139
7492	7492	1.5590809931767307
7498	7498	-0.3265518244101454
7502	7502	-0.43604150734128816
7504	7504	-0.6114317160279599
7506	7506	1.9528730372167193
7507	7507	-0.4798886385666205
7508	7508	-0.9488166424759761
7514	7514	1.0739690824242445
7515	7515	-0.6012794446236376
7516	7516	0.4987338662100543
7518	7518	-1.4476481568296626
7520	7520	0.3330314164817448
7521	7521	-1.4686604876400864
7522	7522	-0.3512431280939068
7523	7523	-0.336943141461737
7525	7525	0.355016557291518
8213	8213	-0.27928629933990884
8214	8214	-0.041514395476801545
8215	8215	-1.803870258526307
8222	8222	0.45985834841740153
8231	8231	-1.478754271609484
8234	8234	0.4262284039977158
8235	8235	0.10024121917629918
8236	8236	1.771467873610246
8239	8239	0.47070202371580366
8240	8240	-0.39607912272465445
8241	8241	0.41770558289570625
8242	8242	-1.1927015328861952
8244	8244	-0.7584284951104887
8246	8246	-0.041800900336674086
8256	8256	0.6386887843607435
8264	8264	0.40188055804910555
8265	8265	0.5024097896351065
8271	8271	0.5404115010937021
8274	8274	-0.2835173277918819
8275	8275	0.2734278206143902
8283	8283	0.048497768790903846
8284	8284	0.7082335113856384
8296	8296	0.276659796017925
8297	8297	-0.7544400243068574
8300	8300	0.5743528721024451
8304	8304	0.2689774785118428
8306	8306	-1.0840001998500373
8310	8310	-0.20735041491476813
8311	8311	-0.38049735240953625
8314	8314	0.8279912451993335
8323	8323	0.968933957903599
8325	8325	-1.4252370024265437
8326	8326	0.23825562797264066
8329	8329	-0.5036339138730845
8335	8335	0.2034477851000405
8343	8343	-0.5133678625405644
8351	8351	-0.9897819618642308
8353	8353	0.7038864951190106
8354	8354	0.3915905621545778
8365	8365	0.257473144402606
8374	8374	0.7217846620027523
8376	8376	-0.4390592356431432
8378	8378	-0.28305808552120787
8387	8387	0.5516722255357073
8389	8389	1.0559017824790715
8412	8412	0.6003144816094962
8419	8419	0.8528683314933454
8420	8420	0.25989941358407026
8422	8422	-0.6840613391644569
8424	8424	-1.2281407775420192
8430	8430	0.6478562782553856
8610	8610	1.0120648510232904
8692	8692	0.9163018580469962
8796	8796	-0.298877797777313
