5837	5837	-0.17403191920549743
6008	6008	-0.879560263683737
6009	6009	-0.06221233253347455
6016	6016	0.9539259749226066
6040	6040	1.1642532927104592
6042	6042	-0.8493867244230324
6043	6043	0.4267764948973557
6046	6046	2.054372700901244
6064	6064	0.19958749340499174
6074	6074	0.549245566014333
6243	6243	-0.6754451451554413
6709	6709	-0.4092080340315773
6897	6897	1.6488048349558915
6898	6898	-0.7970267592353392
6899	6899	-0.7215929110835777
6900	6900	0.09220519191836661
6901	6901	0.4116897252670035
6903	6903	-0.5680628436688161
6904	6904	4.668821132137588
6905	6905	-0.5006161088507706
6906	6906	0.22621120451737817
6907	6907	-0.13498380957399736
6908	6908	0.25194745859268497
6909	6909	-0.7828274466420664
6910	6910	-0.8644734940533847
6911	6911	1.0382343934451637
6913	6913	0.7427112000976744
6914	6914	0.7116502037998902
6915	6915	-0.48464188218333887
6916	6916	-0.830750126644362
6917	6917	0.24662271637020766
6918	6918	-0.051562848088519984
6919	6919	-0.2743145643954862
6920	6920	-0.18379394661337237
6921	6921	-0.1545078643897474
6922	6922	-0.7846023607162255
6923	6923	-0.6390594066351799
6924	6924	-0.8325250407185211
6926	6926	-0.5556384451497025
6927	6927	-0.556525902186782
6928	6928	-0.8351874118297596
6929	6929	0.009671687469968791
6930	6930	-0.48464188218333887
6931	6931	-0.8014640444207369
6932	6932	-0.7970267592353392
6933	6933	1.409191434944414
6936	6936	0.3273813067444464
6937	6937	-0.8236504703477256
6939	6939	-0.7313549384914526
6940	6940	-0.8103386147915324
6942	6942	-0.7677406770117141
6943	6943	-0.7517664503442822
6944	6944	-0.7153807118240209
6945	6945	-0.1340963525369178
6946	6946	-0.861811122942146
6951	6951	-0.30892538884158854
6956	6956	0.2581596578522419
6957	6957	1.034684565296845
6958	6958	2.1191570646080513
6959	6959	-0.48819171033165704
6960	6960	-0.6816573444149981
6961	6961	2.3259345542475853
6962	6962	-0.8396246970151574
6963	6963	0.32116910748488964
6964	6964	-0.21130511476283842
6965	6965	0.6956759771324583
6966	6966	-0.012514738457019897
6967	6967	-0.8768978925724984
6968	6968	1.0542086201125953
6969	6969	1.5689337016187324
6970	6970	2.328596925358824
6971	6971	1.1101184134486064
6972	6972	-0.842287068126396
6973	6973	-0.8555989236825892
6974	6974	0.2989826815579011
6975	6975	-0.7925894740499415
6976	6976	0.745373571208913
6977	6977	0.15343972747685528
6978	6978	-0.7979142162724188
6979	6979	-0.8467243533117937
6980	6980	0.43476360823107174
6981	6981	-0.8733480644241801
6982	6982	-0.8538240096084301
6983	6983	-0.272539650321327
6984	6984	-0.8564863807196688
6985	6985	-0.597348925892441
6988	6988	1.8103220157043691
7081	7081	-0.14208346587063364
7296	7296	-0.7988016733094983
7438	7438	0.48179883119628747
7461	7461	-0.47931713996086145
7514	7514	-0.7331298525656118
7515	7515	-0.6541461762655322
7516	7516	0.07356859413969621
7517	7517	0.7995084504707652
7518	7518	0.6264543282402538
7519	7519	0.11882890303075302
7520	7520	-0.7579786496038391
7521	7521	0.09043027784420751
7522	7522	1.4961622245782094
7523	7523	-0.10658518438745183
7524	7524	-0.38790906514166806
7525	7525	-0.7730654192341914
7526	7526	-0.7349047666397709
8213	8213	-0.5982363829295207
8214	8214	-0.04357573475480406
8215	8215	-0.15095803624142912
8222	8222	0.22709866155445763
8230	8230	1.7144766556997781
8231	8231	0.774659653432538
8233	8233	-0.3390989281022931
8235	8235	0.14190278599482126
8236	8236	-0.7943643881241005
8237	8237	0.04783234006438923
8239	8239	-0.8405121540522369
8240	8240	0.37707890082090123
8241	8241	-0.5671753866317366
8242	8242	0.2120118919241054
8243	8243	2.2975359290610404
8245	8245	-0.574275042928373
8247	8247	1.9008426334864823
8249	8249	0.15432718451393493
8254	8254	0.08599299265880987
8256	8256	-0.8626985799792256
8258	8258	-0.5955740118182822
8259	8259	-0.5725001288542139
8265	8265	-0.8174382710881688
8266	8266	0.22798611859153728
8270	8270	-0.46778019847882735
8271	8271	-0.765965762937555
8275	8275	-0.09771061401665636
8283	8283	0.9441639475147314
8284	8284	-0.14119600883355418
8285	8285	-0.842287068126396
8290	8290	-0.75620373552968
8296	8296	-0.7828274466420664
8297	8297	2.9666785350190183
8300	8300	-0.7402295088622481
8306	8306	-0.17669429031673597
8310	8310	-0.7322423955285323
8311	8311	0.44985037786142396
8312	8312	-0.6044485821890777
8313	8313	-0.7748403333083504
8314	8314	0.18893800896003718
8325	8325	-0.8573738377567482
8326	8326	-0.6781075162666799
8329	8329	-0.8050138725690551
8334	8334	0.604267902313265
8335	8335	1.5733709868041301
8343	8343	-0.7482166221959641
8351	8351	0.9415015764034926
8354	8354	-0.5751624999654525
8369	8369	1.8245213282976418
8374	8374	-0.621310265893589
8376	8376	0.5501330230514128
8378	8378	-0.13054652438859962
8387	8387	-0.8440619822005552
8389	8389	-0.7570911925667595
8395	8395	-0.8644734940533847
8411	8411	-0.8227630133106462
8412	8412	-0.842287068126396
8423	8423	-0.73667968071393
8424	8424	4.39193453656877
8426	8426	-0.8804477207208166
8430	8430	0.09486756302960535
9057	9057	-0.7402295088622481
9058	9058	2.628557403891711
