96	96	-0.8034091682751652
149	149	-0.8957068398450808
206	206	-0.7616444718897785
224	224	-0.7103615781237443
236	236	-1.0905847204582475
252	252	-1.1467853495376163
262	262	-0.7306238013355772
264	264	0.9326379263990305
394	394	-0.8070722321155964
936	936	-1.3091571439447538
1719	1719	1.2828354824509458
1743	1743	-0.20534909952447822
1850	1850	0.3990564341466395
1859	1859	0.12823487564485203
1874	1874	-1.014886208259734
1967	1967	-0.5950904392396292
2011	2011	0.863284879120949
2057	2057	-0.4634941496965855
2171	2171	0.10942922506248152
2290	2290	-0.47128176573529734
4802	4802	1.482097502463684
4879	4879	1.1768517967685543
5122	5122	-0.9279533388498201
5145	5145	0.0508202036155855
5175	5175	-2.4175944934547076
5299	5299	0.07279858665817164
5373	5373	-0.5286793802428386
5444	5444	0.03152422165299993
5494	5494	-0.9194013827184201
5590	5590	-1.2742282438600139
5628	5628	-0.4073079421284002
5719	5719	0.569922498640446
5721	5721	-1.013905545499304
5722	5722	0.6290939590234713
5728	5728	-0.6192753134931837
5729	5729	-2.043716816040636
5736	5736	-0.6085312876619986
5738	5738	-0.6209770518127541
5739	5739	0.5477854789748489
5742	5742	-0.06785441190767048
5744	5744	-0.9516334602119763
5746	5746	-1.4830228827645817
5752	5752	-0.29375296307503784
5785	5785	-0.22585648842641917
5788	5788	0.012242661201597638
5805	5805	-0.7865504217024727
5812	5812	-0.4859340210970211
5816	5816	-0.2617516297604065
5817	5817	-0.33867597040945796
5837	5837	-0.1662812257302753
6040	6040	-0.580683349568013
6074	6074	-1.7130604076414135
6243	6243	0.07963438295881795
6897	6897	-0.7320947954762229
6898	6898	-0.35504438560193546
6899	6899	-1.0500458525233989
6903	6903	0.6002797796802379
6906	6906	-1.7833941176799257
6907	6907	0.3717132489440522
6909	6909	2.9785888748804012
6913	6913	0.9936986047470029
6915	6915	0.7419278625176934
6919	6919	1.0525527918840074
6926	6926	-1.3382164889780943
6928	6928	-0.7506552803684854
6930	6930	1.7819928275099957
6931	6931	1.2481517480563138
6932	6932	1.0845397036874556
6936	6936	1.2437676086567429
6940	6940	-0.04392912485540637
6943	6943	-0.6969351512125582
6944	6944	-0.8446691117691542
6946	6946	0.9201921622482755
6951	6951	1.1169015747816575
6956	6956	0.5099290121200013
6959	6959	-1.0815568544578151
6960	6960	-2.025891828218696
6961	6961	0.3062540096853266
6963	6963	1.8005533124022577
6965	6965	0.1355610033257144
6968	6968	-0.1589550980494129
6973	6973	1.5912683421174743
6977	6977	-0.16481023158963012
6978	6978	-0.1264634333545665
6981	6981	-1.0129248827388733
6982	6982	0.7616997543493108
6985	6985	-0.5377072462432708
6987	6987	-1.1403245125277226
6988	6988	-1.1125631035008334
7000	7000	-0.6213087465699587
7008	7008	-0.041318831331319125
7015	7015	-0.07966562956638273
7026	7026	-0.6012772675370506
7028	7028	-1.0161120367102723
7062	7062	1.613001559469953
7075	7075	-0.45687467606368115
7079	7079	-1.3780198598426203
7080	7080	-0.9289195800990675
7102	7102	1.8261947592852754
7121	7121	0.7150605871841379
7123	7123	-0.3960735849169996
7126	7126	0.49210402429806094
7139	7139	0.545088656383665
7143	7143	0.6723296495495032
7145	7145	-0.32060581689741
7147	7147	1.3810027090722607
7151	7151	-0.13794295625607464
7164	7164	0.12921553840528216
7166	7166	0.5863630213888368
7169	7169	-0.16309407175887639
7172	7172	1.04571699558336
7178	7178	-0.04294846209497523
7192	7192	-0.32524954349827184
7201	7201	0.2930727484642481
7210	7210	1.349996460029243
7224	7224	0.8139633108757756
7255	7255	0.9697588961835565
7262	7262	1.1436390565145675
7275	7275	1.3641583840107516
7282	7282	3.5624870196495793
7284	7284	-0.7001078836727738
7291	7291	-0.8761801137035704
7299	7299	0.05839149698655542
7306	7306	-0.19435990800318514
7309	7309	1.4923656184258367
7316	7316	1.3609856515505359
7320	7320	-0.3247592121180568
7331	7331	1.2076128801214647
7337	7337	1.7790508392287043
7344	7344	0.21297567535498096
7351	7351	-0.2116945644449105
7353	7353	1.2789272529204077
7355	7355	0.4867248006268765
7378	7378	-1.3081764811843233
7379	7379	-2.2029447210099224
7384	7384	1.4567012212707746
7390	7390	-0.6859459596912652
7404	7404	1.5624541627742419
7408	7408	-0.36408667311355053
7418	7418	1.3429010765273057
7424	7424	0.4708611383257974
7477	7477	-0.2766490508122378
7498	7498	-0.6832491371000813
7514	7514	-0.3821568266255974
7515	7515	-0.20559426521458574
7518	7518	0.019568788882459002
7519	7519	0.16877374357970115
7523	7523	0.2874627806141394
7525	7525	-1.2126916556430094
8214	8214	-0.4099903432084008
8215	8215	-0.9438170011508993
8230	8230	-0.5924080381596286
8233	8233	-0.5032542560275637
8236	8236	-0.04978425839562256
8239	8239	0.7275063513348939
8240	8240	-0.6038875610611367
8243	8243	1.5077389493467008
8249	8249	-0.8346028969635602
8258	8258	0.6011739133735724
8270	8270	0.3729246558834076
8271	8271	0.3753763127844829
8275	8275	-1.2520046951273203
8284	8284	0.16975440634013128
8297	8297	-0.750900446058593
8304	8304	-0.2532140951401897
8306	8306	-0.06322510681799194
8310	8310	0.6925918727613367
8311	8311	1.6991989318095446
8312	8312	1.2669573986386844
8314	8314	0.40613739613739436
8329	8329	0.0014986353704120987
8334	8334	2.577353590752559
8348	8348	0.5001656490492459
8351	8351	0.1355610033257144
8354	8354	-0.7299027257764374
8366	8366	2.84386311741069
8420	8420	-0.47275275987594256
8422	8422	0.8535215160501936
8430	8430	0.617383691943038
8631	8631	1.0110332611887283
8725	8725	-0.886924139534756
8787	8787	0.018342960431921355
8811	8811	-1.8901133004326403
9012	9012	-0.9172093130186346
9057	9057	0.39759986151717763
9077	9077	-1.194376336440854
9104	9104	-0.6505267282263101
9152	9152	-1.0837489241576006
9179	9179	0.5358156246931257
9302	9302	-0.4263587584008772
9308	9308	-0.7736143261715022
9309	9309	-0.4893519192473453
