5837	5837	-0.6442279028592257
6008	6008	-0.19613625741840518
6009	6009	0.28055692155792844
6016	6016	-0.281940858024944
6040	6040	0.3758944132918535
6042	6042	-0.3200752826878434
6043	6043	0.9765266175376252
6046	6046	1.4970745278839608
6074	6074	2.0157061354834167
6243	6243	-0.4249485257025087
6709	6709	-0.11033165681186638
6897	6897	0.21858597884653239
6898	6898	-0.4773837171331646
6899	6899	0.41402883795475276
6900	6900	1.219639652589485
6901	6901	-0.0960308900441099
6903	6903	-0.2295056665942881
6904	6904	-0.8015363373045468
6905	6905	0.32822423734821393
6906	6906	-1.0827837970193062
6907	6907	-0.3200752826878434
6908	6908	-0.07457973989247521
6909	6909	-0.2295056665942881
6910	6910	-0.8682722955029591
6911	6911	-1.1018524394274327
6914	6914	-0.32484315832821337
6915	6915	-0.26287221561681756
6916	6916	0.09941196906411047
6917	6917	3.050137798862313
6918	6918	3.8652815046244315
6919	6919	-0.4392492924702651
6920	6920	0.03744388650606848
6921	6921	0.17568367854326297
6922	6922	-0.5679561933800733
6923	6923	-0.14465349705448197
6924	6924	-0.47261870164614805
6926	6926	-0.8301378708400597
6927	6927	0.22811886997391867
6928	6928	0.17568367854326297
6929	6929	-0.6299271360914692
6930	6930	-0.9111745958062286
6931	6931	-0.6489929183462422
6932	6932	-0.1046113501047637
6933	6933	-0.7776998192560504
6936	6936	-0.6966630942898816
6937	6937	-0.3772783497588693
6939	6939	0.08987907793672417
6940	6940	0.14708214500775005
6942	6942	-0.13416531470700935
6943	6943	-0.3868141010396092
6944	6944	-0.5298217687171739
6945	6945	-0.014994165077941272
6946	6946	-0.0006933983101848039
6951	6951	-0.5059852506686775
6956	6956	-0.4249485257025087
6957	6957	-0.5107531263090475
6958	6958	-0.4249485257025087
6959	6959	-0.3582125675040963
6960	6960	-0.7443332702335209
6961	6961	-0.949309020469128
6962	6962	-0.7443332702335209
6963	6963	-0.7824676948964203
6964	6964	3.8652815046244315
6965	6965	0.45216612277100604
6966	6966	-0.5155210019494174
6967	6967	-0.6537607939866121
6968	6968	0.17091580290289282
6969	6969	0.3615936465240971
6970	6970	-0.9302432382143551
6971	6971	-0.7166841677647406
6972	6972	-0.4106477589347522
6973	6973	-0.15323395711513577
6974	6974	2.759346007406753
6975	6975	-0.41541563457512215
6976	6976	-0.2724079668975575
6977	6977	-0.014994165077941272
6978	6978	-0.3677454586314828
6979	6979	-0.4869194684139045
6980	6980	-0.2247377909539181
6981	6981	-0.9064067201658587
6982	6982	-0.6013256025559562
6983	6983	0.6762105154147393
6984	6984	-0.5917898512752163
6985	6985	-0.501220235181661
6988	6988	-0.642320180572407
7081	7081	-0.8539715287352027
7323	7323	-0.7920005860238069
7438	7438	-0.5727240690204434
7461	7461	-0.5107531263090475
7514	7514	0.12420091817933979
7516	7516	1.7487680229964744
7517	7517	3.369531123853386
7518	7518	0.35444326314021884
7519	7519	-0.350584538510175
7520	7520	-0.11509953245223635
7521	7521	-0.1437010659877493
7522	7522	-0.19613625741840518
7523	7523	0.10894772034485081
7524	7524	0.06699785110831391
7525	7525	0.39019518005961
7526	7526	0.27292889256400715
8213	8213	-0.7967684616641768
8214	8214	-0.5441225354849304
8215	8215	-0.1484660814747658
8222	8222	0.21858597884653239
8230	8230	3.8652815046244315
8236	8236	-0.1389331903473793
8237	8237	1.8202718568352567
8239	8239	-0.25905963119653375
8240	8240	3.8652815046244315
8241	8241	0.24718751238204534
8242	8242	3.8652815046244315
8245	8245	-0.8921059533981022
8247	8247	0.17091580290289282
8254	8254	-0.39634699216699576
8256	8256	-0.3200752826878434
8258	8258	0.17568367854326297
8259	8259	-0.057896465381210474
8264	8264	-0.7853278482499717
8265	8265	-0.4678508260057781
8270	8270	-0.49168448390092107
8271	8271	-0.2390385577216746
8274	8274	-0.2390385577216746
8275	8275	0.46169901389839235
8283	8283	1.9089366107953467
8284	8284	0.07081043552859753
8285	8285	-0.16753472388289226
8290	8290	-0.8940136756849207
8296	8296	-0.2295056665942881
8297	8297	0.10894772034485081
8300	8300	0.7763158827890346
8306	8306	1.009904607173569
8310	8310	-0.21043702418616164
8311	8311	-0.2247377909539181
8312	8312	-0.5164734330161501
8313	8313	-0.18660336629101867
8314	8314	-0.8110692284319333
8323	8323	-0.1723025995232622
8325	8325	-0.5107531263090475
8326	8326	0.23288674561428885
8329	8329	-0.739565394593151
8334	8334	-0.12749257693317417
8335	8335	0.5284349720968045
8337	8337	-0.8182196118158115
8343	8343	-0.5393546598445604
8351	8351	0.8621204833955735
8353	8353	-1.0656228768979983
8357	8357	-0.7052435543505353
8365	8365	-0.5793968067942785
8369	8369	0.3186913462208277
8374	8374	-0.31054239156045693
8376	8376	0.24241963674167516
8378	8378	-0.5965577269155863
8387	8387	-0.20185656412550784
8388	8388	-0.6966630942898816
8389	8389	-0.5107531263090475
8395	8395	-0.44878218359765165
8411	8411	0.11848061147223711
8424	8424	-0.8444386376078162
