88	88	0.2960775063695662
108	108	1.0356281523558277
139	139	0.9593858177180687
159	159	1.790427265269641
265	265	-0.31386117073250513
410	410	0.32657444022466975
428	428	2.430862876226816
430	430	-0.5883335754284372
763	763	-0.8094363458779381
765	765	0.7687799811236714
766	766	-0.3367338711238328
768	768	0.8145253819063268
772	772	-1.167775318675405
992	992	-1.5642354587917513
1435	1435	0.5400529772103947
5151	5151	0.15884130402160013
5165	5165	-0.5044670073269024
5253	5253	-0.03938876603657305
5276	5276	-0.18424920184831498
5644	5644	0.7154103468772403
5726	5726	0.3875683079348769
5768	5768	-0.3291096376600569
5772	5772	1.2491066893415526
5784	5784	-0.7408182447039551
5811	5811	0.47905910950018754
5830	5830	-0.39772773883403995
5867	5867	-1.8997017311978905
5874	5874	-0.01651606564524537
5890	5890	0.13596860363027247
5893	5893	0.04447780206496176
5907	5907	0.8450223157614304
5950	5950	1.210985522022673
5984	5984	0.5324287437466189
6009	6009	-0.8323090462692657
6023	6023	-0.3672308049789364
6025	6025	-0.7636909450952827
6034	6034	-0.3748550384427123
6035	6035	0.6010468449206018
6040	6040	0.9136404169354134
6043	6043	-1.5184900580090959
6069	6069	-1.945447131980546
6071	6071	-1.3202599879509227
6073	6073	0.11309590323894478
6074	6074	-1.4727446572264407
6076	6076	-1.2592661202407156
6086	6086	-1.4041265560524576
6088	6088	-1.1372783848203014
6108	6108	0.654416479167033
6145	6145	-1.5566112253279754
6150	6150	0.21221093826803136
6151	6151	-1.7700897623137004
6154	6154	-1.297387287559595
6177	6177	-1.6481020268932862
6180	6180	1.0889977866022589
6184	6184	-1.5184900580090959
6195	6195	-0.3367338711238328
6209	6209	-0.48159430693557476
6216	6216	-1.7624655288499245
6241	6241	-1.4727446572264407
6242	6242	-1.724344361531045
6243	6243	1.0966220200660348
6244	6244	-0.5883335754284372
6390	6390	0.8907677165440857
6396	6396	0.662040712630809
6424	6424	1.9581604014727105
6434	6434	0.3494471406159974
6898	6898	0.32657444022466975
6901	6901	-1.1067814509651979
6903	6903	0.8526465492252062
6909	6909	1.1652401212400179
6911	6911	-0.9924179490085595
6915	6915	-0.252867303022298
6921	6921	-1.167775318675405
6922	6922	1.1881128216313455
6929	6929	-0.4129762057615917
6931	6931	0.6315437787757054
6932	6932	0.41044100832620456
6936	6936	1.714184930631882
6937	6937	1.149991654312466
6938	6938	0.1893382378767037
6939	6939	0.8145253819063268
6940	6940	-0.6874486104575238
6944	6944	-0.08513416681922839
6945	6945	-1.091532984037646
6951	6951	2.072523903429349
6956	6956	2.4232386427630397
6958	6958	0.7535315141961196
6959	6959	1.1118704869935865
6961	6961	-0.2909884703411775
6963	6963	-0.5730851085008855
6964	6964	-1.236393419849388
6965	6965	-1.5032415910815442
6967	6967	0.6696649460945848
6968	6968	-0.8399332797330417
6970	6970	0.04447780206496176
6973	6973	0.37231984100732507
6974	6974	-1.7548412953861485
6975	6975	1.6531910629216748
6979	6979	-0.13850380106565963
6981	6981	0.5248045102828429
6984	6984	0.6010468449206018
6987	6987	1.920039234153831
7000	7000	-0.13087956760188374
7002	7002	-0.08513416681922839
7003	7003	1.0432523858196034
7008	7008	-1.0457875832549908
7013	7013	-0.5730851085008855
7025	7025	2.3927417089079364
7028	7028	0.3418229071522215
7031	7031	0.6391680122394813
7036	7036	-0.35198233805138457
7058	7058	-1.0381633497912148
7062	7062	0.097847436311393
7063	7063	0.8526465492252062
7064	7064	0.8145253819063268
7071	7071	0.41806524178998045
7075	7075	-0.6874486104575238
7077	7077	-0.06988569989167662
7092	7092	0.7230345803410161
7096	7096	0.18171400441292782
7106	7106	-0.49684277386312653
7111	7111	1.0051312185007242
7120	7120	0.47905910950018754
7125	7125	0.15121707055782424
7126	7126	-0.8704302135881452
7127	7127	0.10547166977516889
7143	7143	0.7230345803410161
7164	7164	-1.1449026182840774
7165	7165	-0.12325533413810785
7177	7177	0.3418229071522215
7186	7186	2.781577615560507
7192	7192	-0.6645759100661961
7199	7199	-0.2833642368774016
7202	7202	1.2719793897328802
7203	7203	0.23508363865935905
7206	7206	0.3494471406159974
7207	7207	0.936513117326741
7209	7209	-0.1461280345294355
7213	7213	0.37231984100732507
7217	7217	0.3037017398333421
7218	7218	0.5019318098915152
7231	7231	1.706560697168106
7236	7236	1.8209241991247445
7255	7255	0.9517615842542928
7258	7258	0.37231984100732507
7268	7268	-0.15375226799321143
7273	7273	-0.1690007349207632
7282	7282	0.22745940519558316
7287	7287	0.654416479167033
7288	7288	1.0280039188920518
7296	7296	0.21983517173180725
7298	7298	0.5705499110654982
7314	7314	-0.1461280345294355
7316	7316	0.2503321055869108
7319	7319	1.6226941290665713
7320	7320	0.3418229071522215
7322	7322	1.9505361680089346
7323	7323	0.21221093826803136
7328	7328	0.021605101673634084
7333	7333	-0.8475575131968175
7344	7344	0.12834437016649655
7346	7346	-0.16137650145698731
7347	7347	-0.7789394120228345
7349	7349	1.935287701081383
7353	7353	0.15121707055782424
7372	7372	1.1957370550951214
7373	7373	-0.19187343531209086
7378	7378	0.6925376464859125
7382	7382	1.4549609928635017
7384	7384	-0.1766249683845391
7387	7387	-0.0775099333554525
7394	7394	-0.8780544470519211
7396	7396	-0.13087956760188374
7404	7404	0.2732048059782385
7411	7411	0.7077861134134643
7413	7413	0.4409379421813081
7418	7418	2.644341413212541
7424	7424	0.7611557476598956
7427	7427	-1.6862231942121655
7460	7460	0.3570713740797733
7516	7516	-1.800586696168804
7517	7517	-1.5947323926468548
7518	7518	-1.3507569218060265
7520	7520	0.21983517173180725
8222	8222	-1.2135207194580604
8230	8230	-1.7777139957774764
8231	8231	-1.731968594994821
8240	8240	-1.3660053887335781
8247	8247	-0.45109737308047115
8249	8249	-1.2516418867769399
8256	8256	-0.321485404196281
8266	8266	-1.6252293265019584
8311	8311	-0.6950728439212998
8312	8312	0.28082903944201437
8325	8325	1.5540760278925883
8334	8334	-0.20712190223964266
8351	8351	-0.6569516766024203
8353	8353	-0.6950728439212998
8354	8354	0.9136404169354134
8357	8357	0.944137350790517
8366	8366	-0.6950728439212998
8369	8369	-0.6188305092835408
8376	8376	-1.3660053887335781
8386	8386	1.4854579267186052
8387	8387	2.484232510473247
8422	8422	-1.4574961902988888
8424	8424	1.3482217243706391
9057	9057	-0.1461280345294355
9058	9058	-0.7713151785590586
9102	9102	-0.08513416681922839
9104	9104	0.37231984100732507
9128	9128	0.4333137087175322
9130	9130	0.7764042145874473
9133	9133	-0.6340789762110925
9321	9321	-1.2745145871682675
9371	9371	-1.4727446572264407
9386	9386	-1.7624655288499245
9391	9391	1.6913122302405543
9394	9394	-1.6633504938208379
9395	9395	-1.792962462705028
9404	9404	-0.6417032096748685
9409	9409	0.3875683079348769
9412	9412	-1.1449026182840774
9427	9427	-1.0381633497912148
9433	9433	-2.006440999690753
9437	9437	-0.15375226799321143
9442	9442	-1.8234593965601316
9453	9453	-1.6328535599657343
9470	9470	-1.800586696168804
9506	9506	0.654416479167033
9507	9507	-0.9695452486172318
9510	9510	0.4561864091088599
9512	9512	-1.244017653313164
9517	9517	-0.22999460263097032
9518	9518	-1.0762845171100943
9521	9521	1.4549609928635017
9522	9522	-0.7026970773850756
9523	9523	0.15884130402160013
9524	9524	-0.20712190223964266
9526	9526	0.3037017398333421
9527	9527	1.1804885881675695
9528	9528	-1.1449026182840774
9529	9529	1.7446818644869855
9534	9534	-0.35198233805138457
9535	9535	0.8602707826889822
9537	9537	-0.047012999500348936
9539	9539	-0.03938876603657305
9542	9542	-1.4269992564437852
9544	9544	-0.4206004392253676
9546	9546	-1.8234593965601316
9547	9547	1.3787186582257427
9548	9548	-2.06743486740096
9549	9549	-0.7713151785590586
9553	9553	-1.0610360501825424
9555	9555	-0.0012675987176935888
9557	9557	0.9822585181093964
9559	9559	-0.5654608750371095
9560	9560	0.22745940519558316
9562	9562	0.4866833429639635
9564	9564	-1.442247723371337
9565	9565	0.1893382378767037
9567	9567	0.5553014441379465
9568	9568	-1.2058964859942845
9574	9574	-0.6798243769937479
9576	9576	-1.7777139957774764
9577	9577	-1.7472170619223728
9579	9579	-1.2516418867769399
9581	9581	-0.8475575131968175
9582	9582	-0.7255697777764033
9584	9584	1.0432523858196034
9586	9586	-0.7103213108488515
9587	9587	-0.95429678168968
9589	9589	-1.3431326883422505
9591	9591	-1.4193750229800093
9592	9592	-1.8234593965601316
9594	9594	-1.1830237856029568
9595	9595	1.6989364637043303
9596	9596	1.279603623196656
9597	9597	0.49430757642773937
9598	9598	-0.8094363458779381
9600	9600	0.029229335137409978
9602	9602	1.3939671251532946
9606	9606	-0.06988569989167662
9607	9607	0.05210203552873765
9612	9612	0.7916526815149991
9619	9619	-0.5807093419646613
9620	9620	-0.5807093419646613
9625	9625	0.22745940519558316
9628	9628	-0.4587216065442471
9629	9629	0.6696649460945848
9632	9632	-0.466345840008023
9634	9634	-0.9314240812983523
9637	9637	-0.39010350537026406
9640	9640	-1.0457875832549908
9643	9643	-0.8628059801243693
9649	9649	0.04447780206496176
9653	9653	0.41806524178998045
9655	9655	0.867895016152758
9657	9657	1.3177247905155356
9659	9659	0.7459072807323438
9665	9665	1.1652401212400179
9669	9669	0.7382830472685679
9698	9698	0.013980868209858194
9699	9699	0.08259896938384122
9704	9704	-1.3660053887335781
9712	9712	-0.6417032096748685
9713	9713	0.41806524178998045
9716	9716	-0.39772773883403995
9719	9719	1.0280039188920518
9721	9721	-0.40535197229781583
9723	9723	-0.03938876603657305
9726	9726	0.9060161834716375
9727	9727	-0.2909884703411775
9730	9730	-1.0000421824723353
9733	9733	-0.3596065715151605
9736	9736	-0.11563110067433197
9737	9737	1.3177247905155356
9739	9739	0.8602707826889822
9741	9741	0.6239195453119295
9743	9743	0.7230345803410161
9745	9745	-0.6493274431386443
9748	9748	0.2732048059782385
9749	9749	-0.03938876603657305
9757	9757	-0.7255697777764033
9758	9758	0.1893382378767037
9759	9759	0.3494471406159974
9766	9766	-1.2745145871682675
9768	9768	0.32657444022466975
9769	9769	-0.47397007347179887
9770	9770	-0.10800686721055607
9774	9774	0.1893382378767037
9775	9775	0.6391680122394813
9776	9776	0.16646553748537601
9778	9778	0.6239195453119295
9779	9779	1.371094424761967
9782	9782	-0.1461280345294355
9784	9784	1.4473367593997257
9785	9785	0.6696649460945848
9793	9793	0.7001618799496884
9794	9794	-0.5883335754284372
9796	9796	0.8221496153701027
9798	9798	0.46381064257263577
9800	9800	1.8285484325885204
9801	9801	0.5553014441379465
9803	9803	-0.48159430693557476
9804	9804	0.58579837799305
9811	9811	0.46381064257263577
9813	9813	0.7687799811236714
9814	9814	0.029229335137409978
9815	9815	1.3482217243706391
9816	9816	1.5083306271099328
9908	9908	1.5921971952114677
9910	9910	0.867895016152758
9914	9914	0.021605101673634084
9917	9917	0.05972626899251354
9920	9920	0.7459072807323438
9925	9925	-0.1690007349207632
9926	9926	0.1740897709491519
9929	9929	0.4333137087175322
9930	9930	-0.9314240812983523
9933	9933	0.6086710783843777
9939	9939	-0.6417032096748685
9941	9941	0.3494471406159974
9942	9942	-1.2745145871682675
9943	9943	-0.3672308049789364
9944	9944	-1.2058964859942845
9945	9945	-0.29861270380495336
9946	9946	1.8056757321971926
9947	9947	-1.2745145871682675
9948	9948	-0.20712190223964266
9951	9951	0.7840284480512232
9958	9958	2.141142004603332
9959	9959	-0.031764532572797155
9960	9960	0.5476772106741706
9965	9965	1.3482217243706391
9966	9966	-1.6481020268932862
9968	9968	0.41044100832620456
9970	9970	0.41044100832620456
9971	9971	0.32657444022466975
9972	9972	1.2033612885588973
9973	9973	1.3482217243706391
9974	9974	1.2033612885588973
9975	9975	0.3037017398333421
9976	9976	1.073749319674707
9978	9978	0.13596860363027247
9979	9979	1.2719793897328802
9980	9980	0.593422611456826
9983	9983	0.311325973297118
9985	9985	0.311325973297118
9986	9986	-1.6938474276759414
9987	9987	-1.4041265560524576
9988	9988	-1.2668903537044915
9993	9993	-1.1449026182840774
9995	9995	-0.06988569989167662
9996	9996	0.4333137087175322
9997	9997	0.58579837799305
9998	9998	0.5629256776017224
9999	9999	-0.6340789762110925
10001	10001	1.6226941290665713
10002	10002	0.46381064257263577
10004	10004	1.287227856660432
10006	10006	-1.2211449529218361
10009	10009	-0.5502124081095577
10010	10010	-0.39010350537026406
10011	10011	-0.5120912407906784
10012	10012	0.5781741445292742
10014	10014	-1.1449026182840774
10015	10015	-0.24524306955852213
10018	10018	-1.022914882863663
