5837	5837	-0.44325273426928685
6008	6008	-0.7087598115762461
6009	6009	2.4493770027065334
6016	6016	0.5349312347563528
6040	6040	0.17160576054682952
6042	6042	-0.6388895280744148
6043	6043	2.4493770027065334
6046	6046	2.4493770027065334
6064	6064	2.4493770027065334
6074	6074	0.6746718017600156
6243	6243	-0.6388895280744148
6709	6709	-0.49914896107075196
6897	6897	-0.09390131676012982
6898	6898	-0.6947857548758799
6899	6899	-0.6947857548758799
6900	6900	2.4493770027065334
6901	6901	2.4493770027065334
6903	6903	-0.5131230177711182
6904	6904	-0.12184943016086237
6905	6905	-0.4292786775689206
6906	6906	-0.401330564168188
6907	6907	-0.303512167265624
6908	6908	-0.45722679096965313
6909	6909	-0.5969673579733159
6910	6910	-0.6808116981755136
6911	6911	-0.49914896107075196
6913	6913	2.4493770027065334
6914	6914	0.3392944409512249
6915	6915	-0.401330564168188
6916	6916	-0.6808116981755136
6917	6917	2.1698958686992076
6918	6918	2.4493770027065334
6919	6919	-0.38735650746782174
6920	6920	0.0039170801424341485
6921	6921	0.2554501007490272
6922	6922	-0.5969673579733159
6923	6923	-0.6109414146736822
6924	6924	-0.38735650746782174
6926	6926	-0.4712008476700194
6927	6927	-0.038005089958664695
6928	6928	-0.3314602806663566
6929	6929	-0.4292786775689206
6930	6930	-0.4851749043703857
6931	6931	-0.6249154713740485
6932	6932	-0.6668376414751473
6933	6933	-0.27556405386489147
6936	6936	-0.45722679096965313
6937	6937	-0.4851749043703857
6939	6939	-0.6947857548758799
6940	6940	-0.652863584774781
6942	6942	-0.6388895280744148
6943	6943	-0.5969673579733159
6944	6944	-0.5969673579733159
6945	6945	-0.21966782706342636
6946	6946	-0.5690192445725833
6951	6951	-0.5550451878722171
6956	6956	-0.4712008476700194
6957	6957	-0.27556405386489147
6958	6958	-0.6947857548758799
6959	6959	-0.45722679096965313
6960	6960	-0.6947857548758799
6961	6961	-0.2615899971645252
6962	6962	-0.5829933012729497
6963	6963	-0.34543433736672285
6964	6964	1.8484925645907833
6965	6965	0.08776142034463183
6966	6966	-0.34543433736672285
6967	6967	-0.652863584774781
6968	6968	1.8484925645907833
6969	6969	2.4493770027065334
6970	6970	-0.4292786775689206
6971	6971	0.2554501007490272
6972	6972	-0.5829933012729497
6973	6973	-0.5550451878722171
6974	6974	2.4493770027065334
6975	6975	-0.5270970744714846
6976	6976	-0.14979754356159494
6977	6977	-0.6668376414751473
6978	6978	-0.6808116981755136
6979	6979	-0.6808116981755136
6980	6980	-0.1777456569623275
6981	6981	-0.6808116981755136
6982	6982	-0.6388895280744148
6983	6983	0.07378736364426555
6984	6984	-0.6668376414751473
6985	6985	-0.49914896107075196
6988	6988	-0.05197914665903097
7000	7000	-0.2853458935551479
7014	7014	0.2875904311598696
7033	7033	0.7165939718611145
7062	7062	-0.6277102827141218
7064	7064	-0.401330564168188
7081	7081	-0.34543433736672285
7094	7094	-0.6277102827141218
7123	7123	-0.6249154713740485
7147	7147	-0.401330564168188
7163	7163	-0.6556583961148543
7231	7231	-0.6249154713740485
7255	7255	-0.6249154713740485
7275	7275	-0.6668376414751473
7282	7282	-0.7115546229163194
7296	7296	-0.4153046208685543
7306	7306	-0.1078753734604961
7323	7323	-0.3314602806663566
7346	7346	-0.4460475456093601
7418	7418	-0.49914896107075196
7424	7424	-0.6808116981755136
7438	7438	0.059813306943899275
7460	7460	-0.7185416512665026
7461	7461	-0.4712008476700194
7477	7477	-0.44325273426928685
7514	7514	-0.38735650746782174
7515	7515	-0.20569377036306005
7516	7516	2.4493770027065334
7517	7517	1.8484925645907833
7518	7518	0.5349312347563528
7519	7519	-0.09390131676012982
7520	7520	-0.5829933012729497
7521	7521	-0.34543433736672285
7522	7522	-0.14979754356159494
7523	7523	-0.20569377036306005
7524	7524	-0.024031033258298414
7525	7525	-0.44325273426928685
7526	7526	0.17160576054682952
8213	8213	-0.6668376414751473
8214	8214	-0.45722679096965313
8215	8215	-0.5270970744714846
8222	8222	0.21352793064792835
8230	8230	1.9742590748940798
8231	8231	0.7165939718611145
8233	8233	-0.024031033258298414
8235	8235	-0.23364188376379263
8236	8236	-0.6109414146736822
8239	8239	-0.6388895280744148
8240	8240	2.4493770027065334
8241	8241	-0.44325273426928685
8242	8242	2.4493770027065334
8243	8243	-0.3314602806663566
8245	8245	-0.38735650746782174
8247	8247	0.297372270850126
8249	8249	0.4790350079548877
8254	8254	-0.3733824507674554
8256	8256	-0.6808116981755136
8258	8258	-0.5690192445725833
8259	8259	-0.5829933012729497
8264	8264	0.4650609512545214
8265	8265	-0.6388895280744148
8266	8266	2.4493770027065334
8270	8270	-0.4153046208685543
8271	8271	-0.6388895280744148
8274	8274	0.19955387394756208
8275	8275	-0.3314602806663566
8283	8283	2.4493770027065334
8284	8284	-0.4712008476700194
8285	8285	-0.5270970744714846
8290	8290	-0.652863584774781
8296	8296	-0.652863584774781
8297	8297	2.4074548326054344
8300	8300	-0.4851749043703857
8306	8306	2.4493770027065334
8310	8310	-0.652863584774781
8311	8311	-0.3733824507674554
8312	8312	-0.5550451878722171
8313	8313	-0.6668376414751473
8314	8314	-0.5270970744714846
8323	8323	-0.5410711311718508
8325	8325	-0.6668376414751473
8326	8326	-0.35940839406708913
8329	8329	-0.6808116981755136
8334	8334	-0.3314602806663566
8335	8335	2.4493770027065334
8337	8337	0.04583925024353299
8343	8343	-0.6808116981755136
8351	8351	2.4493770027065334
8353	8353	-0.5270970744714846
8354	8354	-0.6388895280744148
8365	8365	-0.6808116981755136
8369	8369	0.49300906465525396
8374	8374	-0.6249154713740485
8376	8376	2.4493770027065334
8378	8378	-0.4712008476700194
8387	8387	-0.4292786775689206
8388	8388	-0.5690192445725833
8389	8389	-0.5131230177711182
8395	8395	-0.4851749043703857
8420	8420	-0.652863584774781
8422	8422	2.4493770027065334
8423	8423	-0.4292786775689206
8424	8424	-0.16377160026196122
8426	8426	-0.6808116981755136
9057	9057	-0.5131230177711182
9058	9058	2.4493770027065334
100000	100000	-0.6668376414751473
