1	1	-0.5911842141379013
2	2	-0.3931079768984298
23	23	-0.9504530177624791
66	66	-0.09660212996840148
81	81	-0.3195999996513174
91	91	0.03934958617434699
94	94	-0.8768851871780702
96	96	-0.6726184440526018
104	104	-0.2331723305965448
116	116	-0.22710153138514036
126	126	-0.8214898520030107
149	149	-0.12218214912210522
166	166	2.304316598176822
173	173	-0.5867095039210635
178	178	-0.7229604867502928
223	223	2.1180427904488153
242	242	-1.3921735580357937
258	258	-1.7018584612350993
259	259	-0.5875674017556434
260	260	-0.4452057174901445
267	267	-1.435746512586957
281	281	-0.11111791077062859
282	282	0.04362478526686389
321	321	-0.22294603896721538
328	328	1.7826980636460763
357	357	-0.854736759362685
362	362	-0.7867010479540146
366	366	0.2965975798705929
373	373	-0.6320381563662505
374	374	-0.10586510716893949
378	378	-0.3844777742636676
379	379	-0.3411442330616885
380	380	-0.4092597489200875
383	383	1.8812074777863634
386	386	-1.4802771205348613
390	390	-0.5084075986581992
392	392	-0.5208085615426254
641	641	-0.5047109818262131
957	957	-0.3097670692385793
1716	1716	0.09741540239902745
1859	1859	-0.17019287968152114
1867	1867	-0.3188448253951772
1925	1925	-0.17085126639177994
1967	1967	-0.449843004622718
2057	2057	-0.1040724750663306
2150	2150	-0.5197740717124358
2187	2187	-0.71203887420212
2274	2274	-0.10005664043543064
2290	2290	-0.16212130819485662
4802	4802	-0.26146597604151733
4997	4997	-0.49244995172931755
5056	5056	-1.0316224971840176
5116	5116	2.7316065481291822
5122	5122	-0.5494214247865119
5158	5158	-0.8531153332241413
5160	5160	-0.5436099900367245
5202	5202	2.0312214851769443
5207	5207	-0.24073407720881024
5232	5232	1.1394893709068994
5245	5245	0.1674602401307805
5264	5264	-0.9903638716749749
5341	5341	-0.025403095731865825
5380	5380	-0.8615204125900997
5381	5381	-0.6386622006942088
5565	5565	-0.43002050291406246
5606	5606	0.04622947694663075
5628	5628	-0.7958987857857116
5753	5753	-0.9642794136784189
5785	5785	-0.6179303018615017
5805	5805	-0.3024140127999757
5832	5832	-0.9712679640616988
5837	5837	-1.0765464663485116
5887	5887	-0.25989846720771304
5896	5896	0.03714605975798171
5987	5987	-0.03803781093342585
6005	6005	1.212264818026074
6008	6008	-0.8492135442357834
6019	6019	-0.17454815822427208
6020	6020	-1.0969534863502546
6039	6039	2.289073673278204
6042	6042	-0.0014534067655425607
6046	6046	-0.7567350270820378
6074	6074	-0.38558398949626815
6085	6085	-0.2804451449964795
6094	6094	0.14660000557515124
6096	6096	-0.6953287460328701
6098	6098	-0.31153733221348984
6100	6100	-0.18774716560598215
6112	6112	-0.47263014303643563
6119	6119	-0.10125964321391248
6169	6169	-0.4546172565265428
6188	6188	0.2075673621508131
6190	6190	-0.7334094836331599
6194	6194	1.4208466624689233
6202	6202	-1.3959133201094296
6203	6203	1.7674351876350265
6242	6242	-1.2353591893221487
6243	6243	-2.3248882252576175
6318	6318	-0.022778177939160284
6413	6413	-0.8099101277450852
6448	6448	-0.6678876123909319
6449	6449	-1.293128706876627
6709	6709	-0.28666989207528976
6727	6727	0.0721998893006461
6729	6729	0.4931343384360085
6730	6730	0.010254928215811998
6744	6744	-0.5408397534249432
6810	6810	-0.22578233994935637
6847	6847	1.1914843879201742
6897	6897	-0.3875933908198574
6898	6898	-0.25761271832635296
6899	6899	-1.7742866603956133
6903	6903	-0.059556432199313974
6904	6904	0.2375678992161093
6905	6905	-0.5114833129895251
6906	6906	-0.08435835796816642
6907	6907	-0.6167418641639063
6909	6909	2.06991773924635
6910	6910	-0.6601153075907494
6911	6911	-0.38773304860688185
6913	6913	-0.35680047028932904
6914	6914	-0.4311064920337249
6916	6916	2.038885405366637
6918	6918	-0.19590717059070434
6919	6919	-0.5301944884345412
6921	6921	1.63646262055197
6924	6924	-1.130733412713544
6926	6926	-0.4312261987083173
6928	6928	-0.3198170438728039
6932	6932	-0.5241436403355688
6933	6933	-0.49319111090558343
6936	6936	-0.3879924130684988
6937	6937	-0.4313259542704779
6939	6939	-0.5984895643048281
6940	6940	0.22482776742033714
6942	6942	1.0481450991455021
6943	6943	-0.004240901473982601
6944	6944	-0.2023570409383181
6946	6946	-0.8585706159664303
6951	6951	-0.15289284718763818
6953	6953	-0.2581513983620193
6958	6958	-1.254882699344829
6959	6959	-0.37583086353325806
6961	6961	-0.09727804977582592
6962	6962	1.4503284706109865
6967	6967	2.1993397805917576
6968	6968	-0.462597701499376
6970	6970	-0.5059511938137871
6973	6973	-0.46263760372423995
6974	6974	1.6111619169723148
6976	6976	0.020181953158659935
6977	6977	1.9516197895897174
6979	6979	-0.5555550453514915
6980	6980	2.713012111342481
6982	6982	-0.36368926511044875
6983	6983	-0.7351196182702678
6985	6985	-0.12846999255499564
6988	6988	-0.8713706010994977
6989	6989	-0.22755798895581192
6990	6990	-0.1409108576642864
6992	6992	-0.7352193738324283
6994	6994	-0.9085734897527753
6996	6996	0.10045901855229965
6998	6998	-0.3328963445799209
7000	7000	1.9575708821265287
7002	7002	1.9451699192421037
7004	7004	-0.0977169742493318
7008	7008	-0.004899288184241421
7011	7011	1.8893755618184023
7014	7014	-0.6178192242352385
7026	7026	-0.2712706012940003
7031	7031	2.006795662528023
7035	7035	-0.19706433511176497
7062	7062	2.0683815035890802
7064	7064	-0.5130794019840922
7069	7069	0.06259774318876268
7071	7071	-0.25932851399551193
7075	7075	-0.822704451846101
7078	7078	-0.6989342363510259
7080	7080	-0.5875250815155124
7092	7092	-0.2781194938902559
7094	7094	1.944252168070228
7098	7098	-0.4948470532374465
7100	7100	1.838953714670983
7102	7102	-0.7301261791301957
7105	7105	-0.7425271420146219
7110	7110	-0.3525851245341088
7123	7123	-0.16079914874279458
7126	7126	-0.2598871451436103
7128	7128	1.8262933873249392
7135	7135	2.030520228225543
7139	7139	-0.3528644401081576
7141	7141	1.696173057044411
7143	7143	2.1542505414957547
7145	7145	-1.0710229762211039
7147	7147	2.0304005215509506
7150	7150	2.3027428783099544
7151	7151	-0.5139372998186714
7158	7158	1.757898555892491
7163	7163	1.6650010653776721
7164	7164	1.609266561291267
7165	7165	1.5845045377472802
7166	7166	0.2411448093735028
7169	7169	0.556840658446916
7178	7178	-0.6875507802006365
7181	7181	-0.4709030253031738
7186	7186	-0.774297667054322
7188	7188	2.184744195339801
7199	7199	1.0517818626401922
7201	7201	-0.7991993483853347
7205	7205	2.2650611629583057
7206	7206	0.08598313997493703
7224	7224	-0.67562864401458
7227	7227	0.9710259705481843
7229	7229	-0.40328628725557725
7231	7231	-0.7499745679838398
7244	7244	0.816083763386371
7252	7252	-0.12495293573489803
7255	7255	-0.2797355339972545
7258	7258	2.159283882860691
7260	7260	2.0911683670022914
7263	7263	-0.7874368210987355
7270	7270	2.3696413763099957
7275	7275	-0.03231480968169607
7277	7277	1.8743410520929407
7280	7280	2.0847783499919736
7282	7282	-0.43477749672122834
7283	7283	-0.5523971085551712
7284	7284	-1.1095625894073309
7291	7291	-1.1220034545166218
7296	7296	-0.15015388375239186
7300	7300	-0.472100092049099
7306	7306	-0.15025363931455235
7307	7307	-0.21834920406051933
7310	7310	-0.32981821223332863
7316	7316	-1.7227418899199456
7320	7320	-0.0018211558376491474
7330	7330	-0.8809727472113807
7331	7331	0.41284298296198796
7333	7333	-0.8438496630078309
7337	7337	-0.645793376880792
7340	7340	-0.6705953026496438
7343	7343	2.177017453796534
7344	7344	-1.7168306996079976
7346	7346	-0.5654165559249918
7351	7351	-0.5468849404918646
7353	7353	0.016431144021428524
7354	7354	-0.6707349604366684
7355	7355	-0.46025776031277105
7372	7372	2.1333846459080736
7373	7373	-0.5347233909566239
7378	7378	-0.9804996680857027
7379	7379	-0.6028788090398867
7382	7382	-0.39244151114085357
7384	7384	-0.32436589750731915
7390	7390	-0.2687111978706424
7391	7391	-0.23775866844065763
7392	7392	0.1646042630367137
7394	7394	-0.776372582747259
7397	7397	2.281717373822816
7405	7405	2.0835413810211842
7408	7408	1.8173097256984507
7411	7411	-0.9312948387966397
7418	7418	0.0467252867411545
7424	7424	1.3714336930072115
7430	7430	-0.498158937901172
7438	7438	-0.3496666010869734
7446	7446	-0.37450842908068993
7449	7449	-0.20738472127120317
7460	7460	-0.5046487104736509
7472	7472	-0.18905261696239697
7477	7477	-1.2538595315787415
7479	7479	-0.5481618116875177
7482	7482	-0.22629540784053964
7483	7483	-0.31915299613049386
7490	7490	-0.17685116520229227
7492	7492	-1.0559229521262954
7496	7496	-0.3750072068914917
7498	7498	0.429738607175684
7502	7502	-0.28220947193883333
7504	7504	1.971114719451634
7506	7506	0.9434707912637048
7507	7507	-0.0717721740398001
7508	7508	-0.16464971344218646
7514	7514	2.8500667997010454
7515	7515	-0.23280513152544988
7516	7516	2.206234236444928
7518	7518	2.020499108752586
7520	7520	-0.5300092673906011
7521	7521	-0.46810420853063095
7522	7522	-0.7281254068549361
7523	7523	0.002354287692707274
7525	7525	-0.5114776519574746
8213	8213	-0.9950097878558782
8214	8214	-0.0478823384107728
8215	8215	-0.10359689138474551
8222	8222	-0.1841532723524347
8231	8231	-0.22756661800414166
8235	8235	-0.3885596732649275
8236	8236	-0.33905557728938357
8239	8239	-0.2895514813138397
8240	8240	0.24281207376946867
8241	8241	-0.5867157149541264
8242	8242	-0.43816352480263127
8256	8256	1.6417067951053284
8264	8264	-0.8717183990591729
8265	8265	1.6973415436295747
8271	8271	-0.5622529580966203
8274	8274	-0.32086313076760187
8275	8275	-0.7108650015854114
8283	8283	0.1371545003464462
8284	8284	-0.30239136867177124
8296	8296	-0.7729895226821345
8297	8297	-0.9401331816040526
8300	8300	0.08745089324658134
8304	8304	-0.420210491630035
8306	8306	2.099305452858303
8310	8310	1.1273561265319132
8311	8311	-0.9712253688210626
8314	8314	0.0811207295735595
8323	8323	-0.5565811811338574
8325	8325	-1.1385086855300057
8326	8326	-0.14185718899692384
8329	8329	-0.4328309167512137
8335	8335	-1.126227429320172
8343	8343	-0.30296995093230156
8351	8351	0.025047056575809398
8353	8353	-0.19164060054651663
8354	8354	-0.30308965760689405
8365	8365	-0.5817621780389187
8374	8374	-0.5942429453730733
8376	8376	-0.04330787263177393
8378	8378	-1.1638093891096601
8387	8387	-0.6253151814776506
8389	8389	-1.1020040858118498
8412	8412	-0.04366699265555187
8420	8420	-0.4275581620370925
8422	8422	-0.31614900720157907
8430	8430	1.6647330718677251
8610	8610	-0.6894547649300136
8692	8692	2.912601665110512
8796	8796	-0.3198798652263791
9939	9939	-0.009365644353255665
9942	9942	-0.9379814294776666
9943	9943	-0.5851225939758391
9944	9944	-0.6284760862902495
9945	9945	-0.021806509462545868
9946	9946	-0.4365903549367753
9947	9947	-0.13325556652292328
9948	9948	-0.6285159885151135
9949	9949	-0.5789919414271382
9951	9951	1.0614721672496288
9952	9952	1.2162148632871213
9953	9953	1.7795508989128468
9955	9955	1.9590556184943266
9956	9956	-0.2571654398050235
9957	9957	1.5257002553621062
9958	9958	0.7085335272980724
9959	9959	2.0518733045594173
9960	9960	0.42375030542978004
9962	9962	-0.44913097560822607
9963	9963	-0.7834182934520629
9964	9964	-0.560580032668604
9965	9965	-0.6101040797565799
9968	9968	-1.7553875708908844
9969	9969	-1.1672895117211715
9970	9970	-0.251114591706051
9971	9971	-0.4306392623999634
9972	9972	-0.32542061345044737
9973	9973	-0.5482788253463382
9974	9974	-0.26972601158890663
9975	9975	-0.31925005867688205
9976	9976	0.03358882571251345
9978	9978	-1.0621506672213834
9979	9979	-0.8269114435534985
9980	9980	-0.2202618178382267
9981	9981	-0.39359598264614176
9982	9982	-0.2264722748366556
9983	9983	-0.405996945530568
9984	9984	2.150662034273752
9985	9985	0.621607080432498
9986	9986	-0.9879444010391482
9987	9987	2.2001661302492956
9988	9988	-0.12129352811200349
9990	9990	-0.5298868677002361
9993	9993	0.7938614099409008
9995	9995	0.46674467772041367
9996	9996	-0.6661378505294661
9997	9997	1.4633961742534947
9998	9998	-0.43091857797401295
9999	9999	1.067183846437255
10001	10001	-0.33808094079649
10002	10002	-0.400005950768892
10004	10004	2.057604934859476
10005	10005	-0.49907399605727526
10006	10006	-0.38766484122176237
10008	10008	0.906130937839174
10009	10009	1.122798643849067
10010	10010	1.8161153519682989
10013	10013	-0.6662974594289225
10014	10014	-0.27012503383754805
10015	10015	1.1227387905117712
10017	10017	-0.5177652203898588
10018	10018	0.026979346465442703
100000	100000	-1.2544525178982322
