86	86	-0.7173533943472719
96	96	0.0293453531096753
149	149	-0.7199880921712549
204	204	-0.42904159678365394
224	224	-0.14865342148296656
236	236	-0.9042190949377824
262	262	-1.054186651985901
266	266	0.33591496348491384
394	394	-4.035235497007118e-05
461	461	-0.9661425336176449
936	936	-1.413059265992054
1829	1829	-0.4232270390102988
1874	1874	-1.1111126798484634
2057	2057	-0.05906455251243022
2171	2171	-0.9967794341874258
2187	2187	-0.9424576546668001
2290	2290	-1.792544481616434
2320	2320	0.7855413183482736
5723	5723	-3.0559730601812345
5729	5729	-2.467137303631739
5731	5731	-1.7934024178577752
5736	5736	0.1899294505487278
5742	5742	-0.22151997020749162
5745	5745	-1.5876815435313234
5751	5751	-0.16669840795657528
5752	5752	-1.7048467740570963
5837	5837	-0.17210927609367083
6008	6008	-0.6542759178866369
6016	6016	1.3932659751998866
6040	6040	0.923373759427661
6074	6074	0.2795023527762494
6243	6243	-0.31975577309338826
6730	6730	-0.4113072559653342
6897	6897	-0.6565821641995488
6898	6898	0.18338898247194962
6899	6899	-0.05066770943690174
6903	6903	-0.11701261413814193
6904	6904	1.3520744524969894
6906	6906	-0.9429254962389574
6907	6907	0.17195359082200998
6909	6909	1.5565310737984623
6910	6910	0.592679558844235
6911	6911	-0.21411639050767872
6913	6913	0.24144762431478312
6915	6915	-0.11391598116554044
6916	6916	1.2311355006726505
6919	6919	0.5381870443364183
6920	6920	-0.7023283362533278
6922	6922	1.2210491760538313
6923	6923	-2.976977796396776
6924	6924	-1.4150679870423624
6926	6926	-0.22979253288140603
6928	6928	-1.222695202467072
6929	6929	-0.14855936368834352
6930	6930	0.1322045452001343
6931	6931	0.7424195306195915
6932	6932	0.42139315457128107
6936	6936	1.0148476992553788
6937	6937	0.11920087808711748
6938	6938	0.29414675398410256
6939	6939	-0.16505250724816267
6940	6940	-0.006534848092664381
6942	6942	0.9439963731407148
6943	6943	-1.450513417821895
6944	6944	-0.8313212714320981
6945	6945	1.7012917902410076
6946	6946	0.7954348605470004
6951	6951	-0.0099365129329571
6956	6956	0.3549498167844982
6958	6958	1.0420516985642234
6959	6959	-0.11210344675716674
6960	6960	-1.6503950214341965
6961	6961	-1.0290280244609191
6962	6962	-0.27822448581507414
6963	6963	0.01667235036152799
6966	6966	-1.9498516746712717
6967	6967	1.1289099552671518
6968	6968	1.7714842284508023
6969	6969	1.6710542040165668
6970	6970	-0.5450653542418555
6971	6971	-1.104321498395471
6972	6972	1.086823536513197
6973	6973	-0.0971925396964299
6975	6975	1.1722253715393203
6976	6976	0.6562367587730347
6977	6977	-0.4346953395994045
6978	6978	-0.48982547932575915
6979	6979	-1.1672963144416364
6980	6980	0.9426544521258245
6981	6981	-0.2515334214136334
6982	6982	1.8855697747762132
6983	6983	0.4023400997545871
6984	6984	1.634761867288232
6985	6985	-1.1007777177053844
6988	6988	-1.0875649989291865
6990	6990	-0.009284627466385236
6992	6992	-0.5262997545041564
6994	6994	-1.6683843983109419
7000	7000	0.4609440089402266
7002	7002	-0.46574145152780344
7004	7004	1.5749662908470843
7014	7014	-2.1179159478976124
7015	7015	0.7698122275015196
7026	7026	-0.12841899646943036
7028	7028	0.5763325852928048
7031	7031	-0.7179434152607492
7062	7062	-0.583344034687156
7071	7071	-1.2376282073773883
7075	7075	-2.241647246116899
7081	7081	1.2303083087413251
7092	7092	-1.964739117152024
7094	7094	0.16850549331643436
7098	7098	-0.35756006218232933
7102	7102	0.9606920876284419
7123	7123	-0.5567872320937429
7126	7126	-0.3991661524679725
7143	7143	0.7420030450110157
7147	7147	0.8503952516994476
7163	7163	-0.4870810583681976
7164	7164	-1.4359503562533962
7166	7166	0.17442851380639535
7172	7172	-0.24517744878935124
7176	7176	0.27237168075152957
7178	7178	-0.32675748034941254
7181	7181	-0.14391066640697173
7192	7192	0.5351972377303865
7199	7199	0.2879034275647635
7201	7201	0.0496075938817911
7205	7205	0.041507131829458366
7210	7210	1.4122903560784443
7224	7224	0.8638150383521106
7231	7231	0.25889069921078933
7242	7242	1.0169961369791725
7244	7244	0.8647725289020933
7246	7246	0.17349881928672578
7255	7255	0.04576210444076395
7262	7262	0.18159774582238108
7268	7268	1.6823028774960795
7275	7275	1.3144993795507727
7276	7276	0.35577541511036276
7280	7280	0.7160177527378079
7282	7282	2.1862728412060277
7283	7283	0.15239194131635958
7287	7287	2.0562727035358326
7291	7291	-0.6212749134808089
7297	7297	0.28634860897090214
7299	7299	0.4477605296457808
7300	7300	0.658133560276186
7306	7306	-0.8399376868164818
7307	7307	-0.5925508019814748
7309	7309	-0.12666427683961534
7310	7310	-0.28961301844999077
7316	7316	0.3816361321539865
7317	7317	-0.7648867236836853
7320	7320	-1.0192356805929723
7330	7330	0.21052082784113826
7331	7331	0.053786881193885465
7337	7337	0.3321625739216096
7351	7351	0.9843548248891171
7352	7352	-0.3491545419579508
7353	7353	0.6759008286659218
7355	7355	-0.05317429519167189
7372	7372	1.4133318134151605
7378	7378	-1.3600607116665524
7382	7382	2.561283424229067
7384	7384	0.5609496268672196
7404	7404	0.8022356321291385
7418	7418	0.23475462715198236
7424	7424	-0.757114982762054
7438	7438	-0.526473289809058
7477	7477	-0.9766631792932192
7514	7514	0.4241423245607951
7515	7515	-0.09306375236038993
7516	7516	-0.4162020271924447
7519	7519	-0.08671289483699063
7520	7520	0.4315887485735686
7521	7521	-0.8764271494714003
7522	7522	-1.140312796037883
7523	7523	-0.9473349203461734
7524	7524	2.6846344053268365
7525	7525	1.809424771902603
8214	8214	-0.7557175639438066
8233	8233	0.7367777946455298
8236	8236	0.1118256117365847
8240	8240	-0.31282895981391856
8241	8241	-0.1837328688220077
8243	8243	0.8324501680671742
8245	8245	-0.7048111658881879
8249	8249	0.5418220386628271
8256	8256	-0.37165755202523726
8258	8258	0.658022409035375
8259	8259	1.0672103523935597
8265	8265	-2.426082417800854
8270	8270	1.0913553142280799
8271	8271	2.440167217225732
8284	8284	0.9505490804143109
8285	8285	1.4192571826647506
8290	8290	0.5894195232231826
8296	8296	0.5442808863987364
8297	8297	-0.5292447461626907
8300	8300	-0.28896323842777105
8306	8306	-0.30016633632554285
8310	8310	0.7366179595251205
8311	8311	-0.4096303533834377
8312	8312	0.6838996495975113
8313	8313	0.7622793180600964
8314	8314	0.4523633345971473
8323	8323	-0.9052906981604559
8325	8325	0.16088779946126738
8329	8329	-1.1677430018329225
8334	8334	-0.5558355252136457
8337	8337	-0.44435621101688616
8343	8343	-0.57030396453992
8348	8348	0.8712658080634047
8353	8353	-2.3150232422298633
8354	8354	0.05219227945628708
8365	8365	0.8127966308761245
8366	8366	0.6371071254051011
8369	8369	-0.7389375779772432
8374	8374	1.1585803198771407
8378	8378	-0.23558831592193252
8387	8387	0.6902223263894175
8388	8388	0.2506979888842014
8395	8395	-0.43375007619007816
8420	8420	-0.5489236911678929
8430	8430	-0.6687707130798308
9104	9104	0.8286119583561786
9165	9165	1.4732869257646874
9302	9302	-0.36893943542190116
9308	9308	-0.86754786371509
100000	100000	1.8998759644615637
