88	88	-0.7859674474033262
108	108	-0.7857569967238668
139	139	-0.7500455785516944
159	159	-0.2634528084107386
265	265	-1.1605532372470468
410	410	-0.9033486755881354
428	428	-0.8795848223134614
430	430	-0.5880224493385904
763	763	-1.0811924130848678
765	765	-1.0366411422216006
766	766	-0.890783141923625
768	768	-0.320924082264295
772	772	-1.138490795780124
992	992	1.2579116216845663
1066	1066	1.8192899388061292
1435	1435	-0.4316308257691792
5151	5151	1.786615378253564
5165	5165	0.5490956101493046
5253	5253	-0.9137679970093799
5276	5276	-0.2277361124597159
5644	5644	-0.5755435698625312
5726	5726	-0.175273073451335
5768	5768	1.0654325222897914
5772	5772	-0.27105023807969125
5784	5784	0.6697570078862934
5811	5811	-0.44450504011195874
5830	5830	1.3668375864777798
5867	5867	1.1983064956888405
5874	5874	-0.05684012396882677
5890	5890	-0.8755155775031292
5893	5893	0.373703649381495
5907	5907	-0.8853526417356378
5950	5950	-0.19237530853531803
5984	5984	-0.9336567569103679
6009	6009	0.7422866981949137
6023	6023	0.2141351909866666
6025	6025	0.17032697332503377
6034	6034	0.7738943698759545
6035	6035	0.4593020942414205
6040	6040	0.14685204411487915
6043	6043	0.767421733841778
6069	6069	2.4846762819741137
6071	6071	0.7485955668101052
6073	6073	0.8435763207551696
6074	6074	1.671381821300674
6076	6076	0.41258366194698576
6086	6086	0.5111689402668118
6088	6088	2.7961746829094234
6108	6108	0.2842390888242175
6145	6145	2.3689564720575818
6150	6150	-0.11817419163543452
6151	6151	1.150461057115171
6154	6154	1.1523165183213748
6177	6177	1.0230509515453592
6180	6180	-1.0397091568438581
6184	6184	0.6521957863872613
6195	6195	-0.3269917509337383
6209	6209	0.40844446500390597
6216	6216	1.0192133081000085
6241	6241	0.019782224261871935
6242	6242	3.9911252960138746
6243	6243	-0.5567209247539733
6244	6244	0.30021077856487693
6390	6390	-1.069235451651276
6396	6396	0.010815798241972804
6424	6424	-0.355710763668599
6434	6434	-0.8632538464509643
6445	6445	-1.0670452310512415
6898	6898	-0.9623519579146605
6901	6901	0.21603115412634114
6903	6903	-0.5124387381895165
6909	6909	-0.4235287583478112
6911	6911	-1.4560597022160822
6915	6915	0.040122381867524884
6921	6921	1.0909348853635321
6922	6922	-0.7999154423833027
6929	6929	0.13889661043247745
6931	6931	-1.2046083859573367
6932	6932	-0.8498726186897062
6936	6936	-0.5576815751447908
6937	6937	-0.13260327230477986
6938	6938	-0.34940609112738474
6939	6939	0.08244336692742336
6940	6940	-0.4398660282300987
6944	6944	-0.8466424712409253
6945	6945	1.1441915233884083
6951	6951	-0.6140645669147532
6956	6956	-0.7286135658811118
6958	6958	-0.618043426821867
6959	6959	-0.6785717649505248
6961	6961	-1.1549857153948178
6963	6963	0.2883054913328209
6964	6964	1.2188289462770603
6965	6965	1.5842961033571397
6967	6967	-0.8473177121963067
6968	6968	-0.23438974532705972
6970	6970	-1.1776431399472536
6973	6973	0.20013469137966702
6974	6974	1.85779074379092
6975	6975	-0.6469782033910905
6979	6979	-0.8291724273239858
6981	6981	-1.187448920078613
6984	6984	-0.9152014767929488
6987	6987	-1.1044184272697948
7000	7000	0.30973078984739794
7002	7002	0.2611228441606518
7003	7003	-0.555623851721252
7008	7008	2.3587167732739673
7013	7013	-0.5924514923117722
7025	7025	-0.7367077814599096
7028	7028	-0.8334959057849725
7031	7031	-0.260007728647187
7036	7036	-0.7609459420804698
7058	7058	1.133566355098043
7062	7062	-0.41170884866634105
7063	7063	-0.34317223870866764
7064	7064	-0.63595657184733
7071	7071	0.0026190914911568028
7075	7075	1.4200272853519749
7077	7077	-1.5110180427158657
7092	7092	-0.4242296303475703
7096	7096	-0.3622675770204767
7106	7106	0.22309945906734324
7111	7111	-0.39135942326425055
7120	7120	-0.8188631197741576
7125	7125	0.6562942352233067
7126	7126	0.591262566781091
7127	7127	-1.1104991704907208
7143	7143	0.24211693395747744
7164	7164	0.14061513987337815
7165	7165	-0.25550406061997044
7177	7177	-0.9552145495014773
7186	7186	-0.5332292555591508
7192	7192	0.5470575720403574
7199	7199	-1.1770082625210947
7202	7202	-0.9232128458500946
7203	7203	-0.9732078413451791
7206	7206	-0.6914508259948925
7207	7207	-0.33516047540911875
7209	7209	-0.9398814586018531
7213	7213	-0.636510666233351
7217	7217	-1.2659101620346926
7218	7218	-0.8868763211540244
7231	7231	-0.8280210458502486
7236	7236	-0.8969141453980783
7255	7255	-0.4744295928692248
7258	7258	-0.4906142645006288
7268	7268	-0.8799203317160821
7273	7273	-0.8913566887622817
7282	7282	-0.7809518410275553
7287	7287	0.4276468946510561
7288	7288	-0.031181684849977867
7296	7296	-0.15631589813734847
7298	7298	0.0362227169075379
7314	7314	-1.0422864684138489
7316	7316	-0.07123704434148774
7319	7319	-0.48047613237053877
7320	7320	-0.8379426318610962
7322	7322	0.026502799562211066
7323	7323	-0.8839885043037822
7328	7328	-1.3561362402696722
7333	7333	-1.0275000679112103
7344	7344	0.35580377511696254
7346	7346	0.10558841590377561
7347	7347	-0.44766348084871244
7349	7349	-0.5413458193210939
7353	7353	0.20047405896025544
7372	7372	-0.13861288850683312
7373	7373	0.5076736859546033
7378	7378	0.10373887854526317
7382	7382	-0.9187638723005115
7384	7384	1.0806551168178145
7387	7387	-0.9843709065304915
7394	7394	-1.0730969978202374
7396	7396	-0.1593806171338187
7404	7404	-0.22821762995575048
7411	7411	-0.6576017890589689
7413	7413	-1.3355861580665824
7418	7418	-0.6058875124730366
7424	7424	-1.2254510809990316
7427	7427	0.32671659978861733
7460	7460	-1.1655567754653327
7516	7516	2.4319406292674257
7517	7517	2.449847281510739
7518	7518	1.3219767014825605
7520	7520	-0.8570093104642935
8214	8214	-1.05571565224408
8222	8222	1.58368766989517
8230	8230	1.119952590512262
8231	8231	1.8832292312072143
8240	8240	0.8213094186498145
8247	8247	1.0273736717917703
8249	8249	0.22753772406691478
8256	8256	-0.2951256575515
8266	8266	1.7574205211380267
8311	8311	-0.6475931237999836
8312	8312	-0.1630894184418632
8325	8325	0.0200436166397526
8334	8334	0.037319835527956265
8351	8351	0.262918842598473
8353	8353	-1.2736828643632339
8354	8354	-0.446098210133249
8357	8357	-0.6074114754468982
8366	8366	0.0005341368950778598
8369	8369	-0.0069620765985648
8376	8376	1.3315142129701838
8386	8386	-1.0161885128382628
8387	8387	-0.7772999360829067
8422	8422	1.6066638691537318
8424	8424	-0.2518082445115227
9057	9057	0.5697996857691554
9058	9058	1.9567331761871731
9102	9102	0.1960049420309015
9104	9104	-0.1800312517553512
9128	9128	-0.3578442678854655
9130	9130	-0.39304392422464585
9133	9133	-0.36307913813661935
9321	9321	0.7782311220154845
9371	9371	0.5306763388419459
9386	9386	1.450646854642854
9391	9391	0.5070789488603031
9394	9394	1.9642843368966416
9395	9395	0.9426561799991149
9399	9399	0.8972574002971586
9404	9404	1.5889188727072805
9409	9409	-0.6910086711046067
9412	9412	0.6601211892654778
9416	9416	2.236939279305376
9427	9427	0.3103804929396542
9433	9433	1.7021699976004452
9437	9437	0.732284622546346
9442	9442	0.8853016037203992
9453	9453	1.3449613818762614
9470	9470	1.6336495884161608
9481	9481	3.7258764852625745
9506	9506	-0.7073013175609184
9507	9507	-1.5729610294445904
9510	9510	-1.1197075358888127
9512	9512	-1.5671069903758899
9517	9517	-1.2608996065933922
9518	9518	1.62963725291613
9520	9520	2.501600388055769
9521	9521	0.3562337072162952
9522	9522	-1.4897833330505938
9523	9523	-0.16391333674148983
9524	9524	1.192341157722722
9526	9526	-0.9652333629465033
9527	9527	0.8821279833746686
9528	9528	0.730082144144007
9529	9529	0.09237551341944307
9534	9534	-1.1596970446814936
9535	9535	1.365492862475491
9537	9537	-1.3065660203583436
9539	9539	-0.30799793277600246
9542	9542	1.3007544523936696
9544	9544	-1.209293263256388
9546	9546	0.6578329749932547
9547	9547	-0.6310918306605556
9548	9548	2.0809375749666392
9549	9549	0.4502315448276018
9553	9553	0.8152317854215737
9555	9555	-0.25075394076196733
9557	9557	0.06910127839219914
9559	9559	-0.8744928229927683
9560	9560	-1.4300942525698295
9562	9562	-0.46597444599978227
9564	9564	0.7706680027413548
9565	9565	0.5619762060402529
9567	9567	0.7810411658900429
9568	9568	1.3819433069154
9574	9574	0.8459813270599412
9576	9576	2.9234578650369185
9577	9577	2.71486839630388
9579	9579	0.19692480693277323
9581	9581	1.252639977114745
9582	9582	1.987406710370184
9584	9584	1.2138471191082676
9586	9586	0.6992745091916726
9587	9587	1.1249133087538628
9589	9589	1.6578512797909217
9591	9591	-0.4655607646379539
9592	9592	2.000347379904654
9594	9594	0.925704199776042
9595	9595	-1.0378745035036956
9596	9596	-0.8182215763326015
9597	9597	0.1492683277217696
9598	9598	0.18959804527922267
9600	9600	-0.8965893635099511
9602	9602	-0.5561159371748406
9606	9606	-0.938111827176189
9607	9607	-0.34068109463287566
9612	9612	-0.560420699150971
9619	9619	0.6718328856072099
9620	9620	0.9118876629377725
9625	9625	-0.9424578542238371
9628	9628	-0.9196156552593151
9629	9629	-1.0602013140427586
9632	9632	0.06646795723069343
9634	9634	0.6297895409274346
9637	9637	-0.12011441422891266
9640	9640	0.3547488539276399
9643	9643	-0.26427742310802366
9649	9649	1.0039500511698216
9653	9653	-1.1909387950425823
9655	9655	-0.1875665049114976
9657	9657	-1.3095799194667188
9659	9659	-0.7777023552777317
9665	9665	0.0796400195208442
9669	9669	-0.16422014923593808
9697	9697	-0.6002304399724435
9698	9698	0.5560705277813679
9699	9699	-0.32859520152774124
9704	9704	0.637108357557162
9712	9712	0.06759355630889936
9713	9713	-0.28063520763628574
9716	9716	1.9854081347952177
9719	9719	-0.5758798154152822
9721	9721	1.438138588060891
9723	9723	0.1661589558399479
9726	9726	-0.9100561987661385
9727	9727	-1.4623972270752204
9730	9730	0.13951864543970613
9733	9733	0.48534577474618495
9736	9736	0.42988152514429406
9737	9737	0.1533944006963026
9739	9739	0.024237052183496206
9741	9741	0.2900692574453964
9743	9743	0.6027714471061457
9745	9745	-0.012362465383319105
9748	9748	-0.33516544063871895
9749	9749	0.5598874616477518
9757	9757	1.482990297164469
9758	9758	-1.08034447171011
9759	9759	-1.313914537007927
9766	9766	-1.3286552061212036
9768	9768	-0.09848689069656132
9769	9769	-0.7074177117040481
9770	9770	-0.6721658926455716
9774	9774	0.2432436065347707
9775	9775	0.19688408253134154
9776	9776	0.5655231768593799
9778	9778	0.28723987891681113
9779	9779	-0.420300542358574
9781	9781	-0.7760198155000588
9782	9782	-0.9037896546805416
9784	9784	-0.5540224553088732
9785	9785	-0.5215235926579337
9793	9793	-1.2436173130533956
9794	9794	-0.37854889730465857
9796	9796	-0.4293421253497558
9798	9798	-0.8061389513182853
9800	9800	-0.28055119024022557
9801	9801	-0.1657970739902478
9803	9803	-0.12825328660388038
9804	9804	-0.3096743473907144
9811	9811	0.09371019499914762
9813	9813	-0.36372728158258805
9814	9814	-0.7297391478183435
9815	9815	0.12357468359513309
9816	9816	-0.8058341692998587
9908	9908	-0.7959764377937663
9909	9909	0.2363302395876102
9910	9910	-0.3261881711292252
9914	9914	0.13295591662827347
9917	9917	-0.18255594381732246
9920	9920	-0.29192950193071565
9925	9925	0.04688917780439006
9926	9926	-0.44226002966482864
9929	9929	-0.3913954621621906
9930	9930	-1.1376248633119437
9932	9932	-0.8141067790190297
9933	9933	-1.1658821089645928
9939	9939	-0.45814220686843865
9941	9941	-0.8284465997071667
9942	9942	0.41643541204927764
9943	9943	-1.3743908028632796
9944	9944	-1.1249053431600025
9945	9945	-0.9678301557805544
9946	9946	-1.541464996198134
9947	9947	-0.5213642975743693
9948	9948	1.6571615689358292
9951	9951	-1.0968026002298643
9958	9958	-0.6782276358261664
9959	9959	-0.6628740346569868
9960	9960	-0.9840627550342086
9965	9965	-0.9583780911368174
9966	9966	2.367788901845608
9968	9968	-0.8452518088811303
9970	9970	-0.22150679583449373
9971	9971	-0.7991950630433208
9972	9972	-0.8196798403234895
9973	9973	-0.6697961960179397
9974	9974	-0.6298298616398237
9975	9975	-0.7457829735247846
9976	9976	-0.4377713340960941
9978	9978	-0.4399946003058877
9979	9979	-0.5808327574898896
9980	9980	-0.8093955208491613
9983	9983	-0.5426702693804477
9985	9985	-0.07393624811321017
9986	9986	2.6728492568676723
9987	9987	1.8099830810064441
9988	9988	1.7667968399997882
9993	9993	0.849672427941719
9995	9995	-0.015702186326364276
9996	9996	-0.2348123917830178
9997	9997	-0.6170994914336595
9998	9998	-0.07485084234791221
9999	9999	-0.4683642012140684
10001	10001	0.022436143221311166
10002	10002	-1.0643164611051412
10004	10004	-0.7085169895401444
10006	10006	3.1781419896071403
10009	10009	-0.1642572309980335
10010	10010	0.1276442591897939
10011	10011	-0.25725275653404195
10012	10012	2.084001261492949
10014	10014	1.697683194468186
10015	10015	-0.838251977025636
10018	10018	1.4699945102808893
