1	1	0.14809854400902198
2	2	0.1531111266304636
23	23	4.693504604050042
66	66	-0.011939528132460245
81	81	-1.2249572934012574
91	91	0.6086381981465498
94	94	-0.6020197347422154
96	96	-2.3280320680575612
116	116	-0.43635162983424886
126	126	0.7034593596217269
149	149	0.20514055095482964
166	166	-0.3344527697025605
173	173	2.3375131501202655
178	178	0.04459843086385569
223	223	1.335088746797471
242	242	1.32915248580756
258	258	0.5534431700672442
259	259	-0.380716812095639
260	260	-0.21559511364445574
267	267	0.03695554548481057
281	281	0.014644666478980313
282	282	-0.6232373517787789
321	321	-0.6127312026358049
328	328	-0.2088606229234733
357	357	-0.04592976822260816
362	362	0.04066109300561457
366	366	0.00933640451973373
373	373	0.40588732113523673
374	374	0.3726495477488995
378	378	0.66030804097194
379	379	-0.29641071396407576
380	380	0.5251747128094995
383	383	-1.0122181926129523
386	386	-0.5807178488171686
390	390	-0.3934035056604741
392	392	-0.5163559691118534
641	641	0.44416812388161375
957	957	0.27084831238595414
1716	1716	-1.104762081707181
1859	1859	-0.5339969154147701
1867	1867	-1.0942472390907763
1925	1925	0.4109262415847246
1967	1967	-0.046689545672598795
2057	2057	-0.161047223609706
2150	2150	-2.239083046935471
2187	2187	-0.16168824789654784
2274	2274	-0.9090009811049627
2290	2290	0.4306858435386287
4802	4802	0.9416147070746157
4997	4997	1.2095961604949472
5056	5056	-0.4595047421422392
5116	5116	-1.4819380060924825
5122	5122	-0.7092720970848716
5158	5158	-0.5516108771618308
5160	5160	-1.1048907792748395
5202	5202	-0.8577981400003898
5207	5207	2.718964061483985
5232	5232	-0.9103206636990869
5245	5245	-1.3115554143995654
5264	5264	-0.48426738726136226
5341	5341	2.533184542843407
5380	5380	-0.9042127779083889
5381	5381	-0.9242612563783451
5565	5565	0.1679023710934275
5606	5606	-0.6311465394658644
5628	5628	0.5623830858250756
5729	5729	0.08917159314921196
5742	5742	-0.3766259683681264
5753	5753	1.3749255425771847
5785	5785	-0.758246056839597
5805	5805	-0.17075024869165042
5832	5832	0.7499570906830699
5837	5837	-0.4684506688875943
5887	5887	-0.6087988441199789
5896	5896	0.0752998575788643
5987	5987	0.6001558447924565
6005	6005	0.11072264154087534
6008	6008	-0.6769984224489397
6019	6019	-0.546753550019644
6020	6020	1.7668904796010554
6039	6039	-0.42391252192097456
6042	6042	-0.4593424815098324
6046	6046	0.23001222126570517
6074	6074	1.520422203817449
6076	6076	1.4048606926958094
6085	6085	-0.41493972660675904
6094	6094	-0.12060442704412845
6096	6096	-0.588584753222348
6098	6098	-1.7715609159068557
6100	6100	-1.974902702609246
6109	6109	-0.42792531030183995
6112	6112	1.083128911493384
6119	6119	-0.7203520281699975
6124	6124	0.5993401960723304
6169	6169	1.4118441248760585
6188	6188	-0.9923591546179582
6190	6190	-1.0896119840951266
6194	6194	2.215476427040296
6202	6202	-0.3043055538915078
6203	6203	-0.19765905153181737
6242	6242	-0.5685625154402636
6243	6243	0.18657377759878832
6318	6318	-0.8618881961593613
6413	6413	0.6333226107809832
6448	6448	0.3826084927977163
6449	6449	-0.18130509175918105
6709	6709	-0.06288107967404598
6727	6727	-0.7227641377135142
6729	6729	-1.0465688793040764
6730	6730	-0.6323943959831446
6744	6744	-1.0665626141982354
6810	6810	-0.18685408991366395
6847	6847	-0.6228118378869936
6897	6897	1.8037308175850486
6898	6898	-0.6850628603431259
6899	6899	0.7201221258882473
6903	6903	-0.6224513319655541
6904	6904	0.5244358119231503
6905	6905	2.2231248113728186
6906	6906	-0.11125020822310476
6907	6907	-0.5808148368694593
6909	6909	0.41646155046898164
6910	6910	-0.8140047417521777
6911	6911	2.332488851655158
6913	6913	-0.8750779730945907
6914	6914	-0.4021241539377762
6916	6916	-0.08101425208997663
6917	6917	2.186209647576371
6919	6919	-0.8467722146337998
6921	6921	0.8395171732954084
6924	6924	-0.6413629834675583
6926	6926	0.3021130712396063
6928	6928	0.9066450563652613
6932	6932	-2.136695413761004
6933	6933	-1.8631203803450649
6936	6936	0.5851776727054971
6937	6937	-0.183300419448588
6939	6939	-0.8414162418083415
6940	6940	0.5320489833691812
6942	6942	-0.638156527438084
6943	6943	2.8112795458495725
6944	6944	-0.30721094282595635
6946	6946	-0.10256661846715766
6951	6951	-0.8522781385861817
6953	6953	-0.39148855156929835
6958	6958	0.3323773813259972
6959	6959	0.6849842300661337
6961	6961	0.7238486046645911
6962	6962	-1.982589584402191
6967	6967	-0.3886577611486746
6968	6968	2.683324958779411
6970	6970	0.31072840695392073
6973	6973	-0.5182019412313498
6974	6974	4.408818655502593
6976	6976	0.4775924185729734
6977	6977	0.7337014649300025
6979	6979	-0.2178366375440763
6980	6980	-2.1405344130606143
6982	6982	-0.055512845909203766
6983	6983	-0.7080005864236275
6985	6985	-2.019802461782506
6988	6988	-1.8063471470432966
6989	6989	0.07695934463909679
6990	6990	0.06205316828514106
6992	6992	1.3670936169840637
6994	6994	0.5174278995603723
6996	6996	-0.6321635942187747
7000	7000	-0.653412446116775
7002	7002	-0.2950010851626965
7004	7004	-0.19785207544019393
7008	7008	-0.08427164513602067
7011	7011	-1.3354544471796626
7014	7014	1.0011548659780691
7026	7026	1.0276213691026361
7031	7031	0.19970807129179458
7035	7035	-0.8383940891964401
7062	7062	-0.01850962927314432
7069	7069	0.7338661091896573
7071	7071	0.22364812452476002
7075	7075	-0.08477811013175857
7078	7078	-0.6273267887205223
7080	7080	-0.21503309745532365
7092	7092	0.24600339908600463
7094	7094	-0.09490779773878286
7098	7098	-0.70499394962906
7100	7100	-0.22031321836758624
7102	7102	-0.5515986201941275
7105	7105	0.023429370521968702
7110	7110	-0.6271041150835056
7123	7123	-0.2702676182895949
7126	7126	2.095498634876733
7128	7128	-0.40116788159544003
7135	7135	0.789336340006287
7139	7139	-0.39873329428957616
7141	7141	0.1189452648101417
7143	7143	0.6094935669478356
7145	7145	0.978427646612848
7147	7147	-0.6083232118074006
7150	7150	1.3117250552974071
7151	7151	-0.21786259486712753
7158	7158	-0.5792293608501832
7163	7163	0.3594780338753321
7165	7165	-1.0341205355858352
7166	7166	-0.6739708197933039
7169	7169	-0.1551365764365666
7178	7178	-0.3559760451768079
7181	7181	1.6452661373021908
7186	7186	0.010096774244569685
7188	7188	0.5586505485368258
7199	7199	0.3655612923192474
7201	7201	0.6816642106441969
7205	7205	-2.0342115897774327
7206	7206	0.2687103671718629
7224	7224	0.8419271843479644
7227	7227	0.04112398493287721
7229	7229	-2.0131500469326578
7231	7231	0.6868123170093478
7244	7244	-0.2165433543272341
7252	7252	0.5021256549831749
7255	7255	-0.9643176692105768
7258	7258	-0.2569116953682149
7260	7260	0.00019769903051658675
7263	7263	0.39924166529151744
7270	7270	-0.19038432394404822
7275	7275	0.8711220657933556
7277	7277	0.38486573552233794
7280	7280	-0.011812450867325937
7282	7282	3.0430877315748806
7284	7284	0.3907704230073051
7291	7291	-0.17728423912522015
7296	7296	-0.15719705211693036
7300	7300	-0.08869476872313561
7306	7306	-0.092071690186175
7307	7307	2.5553383862802903
7310	7310	0.08869867294676965
7316	7316	-0.9811786265977572
7320	7320	0.5457046323188762
7330	7330	0.09559392867158704
7331	7331	-0.10297851832714927
7333	7333	-0.46556092632468177
7337	7337	-0.3488451914451337
7340	7340	0.37513087378822
7343	7343	-0.4107711362849546
7344	7344	0.5398972771499563
7346	7346	-0.0743498557070114
7351	7351	1.4038663600751182
7354	7354	1.089832512567609
7355	7355	0.0108088315355365
7372	7372	0.5007797013635036
7373	7373	1.452055213012841
7378	7378	-2.149397545363735
7379	7379	-0.664023452327304
7382	7382	0.7307796324713942
7384	7384	-0.4576347231458538
7390	7390	-0.5041231423518956
7391	7391	-1.0702833408329773
7392	7392	-1.1229695339724242
7394	7394	0.02242638553978257
7397	7397	-0.5207688841661225
7405	7405	-0.16264826831326357
7408	7408	-0.3613278371556599
7411	7411	-0.00242128394418334
7418	7418	0.6938837440351906
7424	7424	0.03916233195143947
7430	7430	-0.681758530553071
7438	7438	-0.09439847871245731
7446	7446	-0.6855979411195076
7449	7449	-1.9541713203694606
7460	7460	-0.3413757736767888
7472	7472	-1.9025812412317085
7477	7477	0.19066709025248965
7479	7479	-0.6375970933306303
7482	7482	-0.48864180355825554
7483	7483	-0.3113379005644676
7490	7490	0.9634677839322315
7492	7492	-0.20713761111158718
7498	7498	0.5172504135406003
7502	7502	0.10227974801027101
7504	7504	-0.47537848155034373
7506	7506	-1.8700198764801461
7507	7507	0.9336639487206271
7508	7508	0.9490004745495809
7514	7514	-1.0937994416489711
7515	7515	0.1194543048576356
7516	7516	1.8116326409078485
7518	7518	-1.4968514811748654
7520	7520	-0.6446654061481524
7521	7521	-0.38847036540920793
7522	7522	-0.016593406591523866
7523	7523	-0.18324074293230008
7525	7525	1.6949427694432648
8213	8213	0.7181141376733672
8214	8214	-0.20009204721259097
8215	8215	-0.6583827309584033
8222	8222	1.2012150353433981
8231	8231	0.2935456623553476
8234	8234	0.4979319153473712
8235	8235	0.5583230301197639
8236	8236	-0.32372882068670905
8239	8239	-0.04453846298897569
8240	8240	0.2147563643934535
8241	8241	-0.20052616593185274
8242	8242	2.3154931601160085
8244	8244	0.8800398286459941
8246	8246	0.19398856807203563
8256	8256	0.7194327879140318
8264	8264	0.21045552113842483
8265	8265	-1.0565293320050304
8271	8271	0.11933060336264902
8274	8274	0.1890383595553288
8275	8275	0.055794818363357576
8283	8283	-0.47415993370046705
8284	8284	0.2521106907579948
8296	8296	-0.18879874986742867
8297	8297	0.5765818497942322
8300	8300	-1.673650165273757
8304	8304	-0.5595165730057113
8306	8306	-0.6951946237873938
8310	8310	-1.118669285137352
8311	8311	-0.19854401189003484
8314	8314	-2.038995648510786
8323	8323	-0.6397924369206044
8325	8325	1.3298218187136368
8326	8326	0.16449919989416595
8329	8329	0.5887564074620275
8335	8335	0.31583843109010856
8343	8343	-0.35631825512357895
8351	8351	0.6063256676935267
8353	8353	0.9989006176093785
8354	8354	-1.0924635190486929
8365	8365	-0.5414400024833822
8374	8374	-0.5941877545660226
8376	8376	1.5187818576478345
8378	8378	-0.23524264851103377
8387	8387	0.4001164687985595
8389	8389	0.04582218923502823
8412	8412	-0.11605205858631974
8419	8419	-1.6765588589205
8420	8420	0.11692314408481398
8422	8422	0.09917467083062392
8424	8424	-0.2974643304291181
8430	8430	-0.4196390814657324
8610	8610	0.16772013956689757
8692	8692	2.7821257288051187
8796	8796	1.78456654990706
