5837	5837	-0.3642934539457883
6009	6009	1.995559671588324
6043	6043	1.994858256067566
6046	6046	2.0397516776844684
6897	6897	-0.7814659914933918
6898	6898	1.9195494211029556
6899	6899	1.5235890464815016
6901	6901	2.004398072807553
6903	6903	0.13472126474767954
6904	6904	-0.7673245495426255
6905	6905	2.0397516776844684
6906	6906	-0.12872531392992467
6907	6907	-0.7885367124687749
6908	6908	-0.7461123866164762
6909	6909	1.7286399547676117
6910	6910	-0.4986371524780674
6911	6911	-0.7885367124687749
6913	6913	2.0397516776844684
6914	6914	-0.2511619183396586
6915	6915	0.46298090017403537
6916	6916	0.0869231909540897
6917	6917	2.0397516776844684
6918	6918	2.0397516776844684
6919	6919	-0.7885367124687744
6920	6920	-0.7743952705180086
6921	6921	-0.7885367124687749
6922	6922	-0.7107587817395606
6923	6923	-0.7885367124687749
6924	6924	-0.7743952705180086
6926	6926	-0.7814659914933918
6927	6927	0.07409124652796438
6928	6928	0.4276272952971198
6929	6929	-0.5976272461334309
6930	6930	-0.7885367124687749
6931	6931	-0.7814659914933918
6932	6932	2.0397516776844684
6933	6933	-0.7885367124687747
6936	6936	-0.7885367124687749
6937	6937	0.10237413042949682
6939	6939	0.6114660406570807
6940	6940	-0.28651552321657414
6942	6942	0.48217366518961535
6943	6943	-0.5481321993057492
6944	6944	-0.73197094466571
6945	6945	-0.7673245495426255
6946	6946	0.30742503871560695
6951	6951	0.13065701433102925
6956	6956	-0.6329808510103465
6958	6958	-0.7885367124687749
6959	6959	-0.03904028907816535
6960	6960	-0.6541930139364958
6961	6961	-0.7743952705180086
6962	6962	-0.2299497554135093
6963	6963	-0.7885367124687749
6964	6964	1.9690444679306374
6965	6965	-0.5202857203028174
6966	6966	-0.7814659914933918
6967	6967	-0.634909178034753
6968	6968	2.0397516776844684
6969	6969	1.4544091124583534
6970	6970	-0.7743952705180086
6971	6971	-0.7885367124687749
6973	6973	-0.746404548807179
6974	6974	-0.7885367124687749
6975	6975	-0.7885367124687749
6976	6976	-0.7814659914933918
6977	6977	-0.7814659914933918
6978	6978	-0.46328354760115187
6979	6979	-0.7743952705180086
6980	6980	-0.7885367124687749
6981	6981	1.346821022096924
6982	6982	-0.7814659914933918
6983	6983	0.8597727915821946
6984	6984	-0.3964341232114898
6985	6985	1.283184533318476
6988	6988	-0.7885367124687752
7000	7000	-0.7673245495426255
7275	7275	1.8912665372014232
7418	7418	-0.576496255084079
7438	7438	-0.05318173102893157
7514	7514	-0.7249002236903269
7515	7515	-0.13803038273352888
7516	7516	-0.6748813778527888
7517	7517	0.33686752085710214
7518	7518	-0.7885367124687749
7519	7519	-0.7885367124687749
7520	7520	0.418200610092739
7521	7521	2.0256102357337022
7522	7522	-0.7885367124687749
7523	7523	-0.6259101300349633
7524	7524	0.1589398982325617
7525	7525	-0.6541930139364958
7526	7526	-0.35298030038517536
8213	8213	-0.7814659914933918
8214	8214	-0.2299497554135093
8215	8215	-0.69199421958625
8254	8254	-0.6754051768626451
8264	8264	-0.7075237854789034
8265	8265	-0.7885367124687755
8270	8270	-0.7107587817395606
8274	8274	-0.47035426857653495
8296	8296	-0.7885367124687749
8297	8297	0.7458097391893597
8314	8314	-0.7259639429538636
8329	8329	1.9902566308567866
8354	8354	1.0993457879585151
8387	8387	0.7293123330095957
8388	8388	0.7811633440662752
8412	8412	0.8235876699185739
8424	8424	-0.7885367124687745
