1	1	-0.0843627003083128
2	2	-1.1768713425878108
23	23	0.6285879230490665
66	66	0.5208758033877074
81	81	-0.1561707800825519
91	91	1.2704916322778133
94	94	0.9414659849225376
96	96	-0.14078333441664345
104	104	0.5465215461642215
116	116	-0.5613735159514738
126	126	-0.9152847662673674
149	149	-0.44416221316569404
166	166	0.09952753369640369
173	173	0.4952300606111935
178	178	-0.07923355175301
223	223	-0.981963697486304
242	242	0.018220270797743424
258	258	0.6388462201596721
259	259	-0.04845866042119313
260	260	-1.115321559924177
267	267	-1.561557484235521
281	281	1.5056727363377307
282	282	-0.10487929452952377
321	321	0.3413566297818203
328	328	0.9004327964801152
357	357	0.8696579051482983
362	362	-1.3153583535809863
366	366	0.9649472270087139
373	373	-1.5564283356802184
374	374	-0.07410440319770718
378	378	0.41316470955605966
379	379	0.054124310684863106
380	380	-1.4076830275764367
383	383	-0.7819269038294944
386	386	-0.8588641321590366
390	390	-1.2794543136938665
392	392	-0.6844730812787412
641	641	-0.012554620534073446
957	957	0.16696557890152497
1716	1716	-1.1358381541453884
1859	1859	0.9722408762543544
1867	1867	-1.931615294203508
1925	1925	-0.5665026645067766
1967	1967	-1.6641404553415773
2057	2057	-1.12045070847948
2150	2150	-1.2281628281408383
2187	2187	-1.428199621797648
2274	2274	1.9519082503171907
2290	2290	-0.66395648705753
4802	4802	-1.1050632628135713
4997	4997	0.3867598527933607
5056	5056	-0.6280524471704103
5116	5116	-1.433328770352951
5122	5122	-1.2179045310302328
5158	5158	-1.0178677373734237
5160	5160	-1.8187740259868461
5202	5202	-1.1519847137974812
5207	5207	-0.33056183096284747
5232	5232	-1.798257431765635
5245	5245	-0.09386188343273343
5264	5264	1.1004695901369248
5341	5341	1.3364104236808538
5380	5380	0.6644919629361861
5381	5381	-0.18694567141436877
5565	5565	-0.35620757373936157
5606	5606	-1.2281628281408383
5628	5628	-1.3248575367054074
5729	5729	-0.5408569217302625
5742	5742	-0.5972775558385934
5753	5753	0.8593996080376929
5785	5785	-0.8442358004793128
5805	5805	-1.7367076491020013
5832	5832	-1.264066868027958
5837	5837	1.3620565767892523
5887	5887	0.5978130317172496
5896	5896	-0.899897320601459
5987	5987	0.5567798432748271
6005	6005	0.8747870537036012
6008	6008	1.1415027785793472
6009	6009	2.3879525564491484
6016	6016	-1.1768713425878108
6020	6020	-1.6231072668991549
6039	6039	0.18748217312273607
6040	6040	-1.269196016583261
6042	6042	0.7311708941551226
6046	6046	-0.8544940975899185
6074	6074	-2.064973156641381
6076	6076	-1.377667250230805
6085	6085	-2.001905146005378
6094	6094	-1.5197651818069136
6100	6100	-1.0801766340232422
6109	6109	-1.253049456931168
6119	6119	-1.6590113067862746
6169	6169	-0.9870928460416069
6188	6188	0.4644551692793767
6190	6190	0.6234587744937636
6194	6194	-1.9506136604523499
6202	6202	-1.9103395859961119
6203	6203	-1.962390185535325
6242	6242	-1.2743251651385636
6243	6243	1.700579971107353
6318	6318	1.397960616676372
6413	6413	-1.9521318884247192
6448	6448	0.3464857783371231
6449	6449	0.5003592091664962
6709	6709	1.0242925016232785
6727	6727	-0.6280524471704103
6729	6729	-0.35620757373936157
6730	6730	0.22851536156515856
6744	6744	1.397960616676372
6810	6810	0.03873686501895467
6830	6830	0.9106910935907209
6847	6847	0.20799876734394732
6897	6897	0.5106175062771018
6898	6898	0.018979384783928143
6899	6899	0.9824991733649601
6900	6900	-1.9257270316620203
6903	6903	1.2646023439066145
6904	6904	0.19774047023334168
6905	6905	0.746558339821031
6906	6906	0.22851536156515856
6907	6907	-0.7562811610529803
6909	6909	0.10541579623789123
6910	6910	0.9671117276990516
6911	6911	-0.41186909386150744
6913	6913	-1.829032323097452
6914	6914	-0.4485322477348119
6915	6915	0.5157466548324047
6916	6916	-0.5767609616173822
6917	6917	-1.982906779756536
6919	6919	-0.31517438529693903
6921	6921	-1.433328770352951
6922	6922	1.834697973361122
6923	6923	1.249214898240706
6924	6924	-0.18181652285906594
6926	6926	0.772204082597545
6928	6928	-0.9717054003756984
6929	6929	-0.17668737430376313
6930	6930	0.5721672889407355
6931	6931	1.2081817097982837
6932	6932	0.38751896677954556
6933	6933	-0.05871695753179875
6936	6936	-0.36133672229466435
6937	6937	0.21825706445455292
6938	6938	0.8234955681505732
6939	6939	0.6696211114914888
6940	6940	1.4800269935612167
6942	6942	-0.0836035863221278
6943	6943	0.5318942403142091
6944	6944	1.0550673929550953
6946	6946	0.38751896677954556
6951	6951	0.6850085571573973
6953	6953	-0.04332951186589032
6956	6956	0.7516874883763338
6957	6957	-0.6126650015045019
6958	6958	-0.8837507609493659
6959	6959	0.5926838831619469
6960	6960	0.6593628143808832
6961	6961	0.5311341004983131
6962	6962	0.5772964374960384
6963	6963	0.4439385750581654
6964	6964	-1.6590113067862746
6965	6965	-1.1922587882537192
6966	6966	0.35674407544772874
6967	6967	0.34724489232330796
6968	6968	-1.838531506221873
6970	6970	-0.04332951186589032
6971	6971	-0.5349686591887749
6973	6973	2.2750446093012675
6975	6975	0.5003592091664962
6976	6976	-0.23310800841209406
6977	6977	1.5210601820036391
6979	6979	0.9055619450354181
6980	6980	0.6960269940838989
6981	6981	1.2902480866831285
6982	6982	-0.7921852009400999
6983	6983	-1.8487898033324786
6984	6984	0.772204082597545
6985	6985	0.6029421802725524
6987	6987	-0.6793439327234384
6988	6988	-0.14591248297194626
6989	6989	1.372314873899858
6990	6990	-0.25362460263330533
6992	6992	-0.18181652285906594
6994	6994	-0.0843627003083128
6996	6996	1.1722776699111639
6998	6998	-1.6436238611203662
7000	7000	1.1055987386922275
7002	7002	-0.07410440319770718
7004	7004	1.1722776699111639
7008	7008	-1.9257270316620203
7011	7011	0.9260785392566293
7013	7013	0.8850453508142068
7014	7014	-1.202517085364325
7015	7015	1.5774804057800857
7017	7017	-1.1358381541453884
7024	7024	-0.2946577910757278
7025	7025	-0.21259141419088282
7026	7026	0.6132004773831581
7028	7028	0.6285879230490665
7029	7029	-1.3102292050256834
7030	7030	0.3105817384500034
7031	7031	1.223569155464192
7032	7032	0.8747870537036012
7035	7035	-1.3922955819105283
7062	7062	1.2851189381278256
7064	7064	-0.009107832704909929
7069	7069	-1.1820004911431137
7071	7071	-0.4485322477348119
7073	7073	1.0491781045838966
7075	7075	-0.6024067043938962
7078	7078	-0.5665026645067766
7079	7079	0.4285521552219681
7080	7080	-0.02794206619998188
7081	7081	0.6337170716043693
7092	7092	-0.09462099741891844
7094	7094	1.064565550249805
7098	7098	0.6285879230490665
7100	7100	-0.7460228639423747
7102	7102	-0.7408937153870718
7104	7104	1.5415767762248505
7105	7105	1.5364476276695476
7106	7106	-0.5657435505205918
7109	7109	2.403273323183838
7110	7110	0.3464857783371231
7113	7113	1.074064733374226
7116	7116	0.2900651442287923
7117	7117	1.0337906589179882
7121	7121	0.8593996080376929
7123	7123	0.5729274287566315
7126	7126	-1.346133244912803
7128	7128	0.9927574704755657
7135	7135	-0.21259141419088282
7139	7139	0.5567798432748271
7141	7141	1.7115984080338547
7143	7143	0.9722408762543544
7145	7145	0.5516506947195243
7147	7147	0.6132004773831581
7149	7149	0.8029789739293619
7150	7150	-1.0391434455808197
7151	7151	1.885229319098254
7152	7152	0.2028696187886445
7158	7158	0.08489920201667997
7163	7163	0.49010091205589074
7164	7164	0.22145765315306196
7165	7165	0.44906772361346825
7166	7166	-0.9101556177120647
7168	7168	-0.9050264691567618
7169	7169	-1.4794911073506762
7172	7172	0.7268018854157158
7176	7176	1.4338646565634918
7178	7178	0.9217095305172225
7181	7181	-1.3615206905787114
7186	7186	0.4336802779475598
7188	7188	1.331281275125551
7192	7192	1.197923412687678
7195	7195	-0.3459492766287559
7199	7199	1.6287718913331137
7201	7201	0.03873686501895467
7205	7205	0.7883516680793493
7206	7206	1.7108382682179588
7210	7210	-0.3921116136264812
7223	7223	-0.8280892408272197
7224	7224	0.9055619450354181
7227	7227	-1.843660654777176
7228	7228	0.41316470955605966
7229	7229	-0.6485690413916215
7231	7231	0.3618732240030315
7238	7238	0.22338621300985576
7239	7239	-0.9255430633779731
7242	7242	0.6080713288278552
7244	7244	0.5318942403142091
7245	7245	1.0286615103626853
7246	7246	0.5465215461642215
7252	7252	-0.8837507609493659
7255	7255	1.0081449161414742
7256	7256	0.8901744993695097
7258	7258	0.45932602072407386
7260	7260	-0.09386188343273343
7262	7262	1.2646023439066145
7263	7263	0.36700237255833434
7265	7265	0.9730010160702504
7268	7268	0.7260417455998198
7270	7270	-0.20746226563558
7275	7275	1.1312444814687417
7276	7276	0.23364451012046136
7277	7277	1.5723512572247829
7280	7280	0.3516149268924259
7281	7281	1.3158938294596425
7282	7282	-1.4787319933644911
7283	7283	-0.14078333441664345
7284	7284	-0.9870928460416069
7287	7287	1.1363736300240443
7291	7291	0.013091122242440613
7292	7292	0.56190899183013
7296	7296	-0.1664290771931575
7297	7297	0.3003234413393979
7298	7298	-0.581890110172685
7299	7299	1.7570006052156841
7300	7300	1.423606359452886
7301	7301	-0.012554620534073446
7303	7303	-1.9095804720099274
7305	7305	0.45932602072407386
7306	7306	0.7568166369316367
7307	7307	1.2440857496854034
7309	7309	0.5216359432036034
7310	7310	0.4798426149452851
7316	7316	-0.9973511431522124
7320	7320	0.4388094265028626
7323	7323	1.3466687207914594
7327	7327	1.300506383793734
7328	7328	0.44982786342936404
7330	7330	-0.07410440319770718
7331	7331	-0.7614103096082832
7333	7333	0.1361906875697081
7337	7337	0.06951175635077154
7340	7340	0.2849359956734895
7343	7343	1.5056727363377307
7344	7344	-0.32030353385224186
7346	7346	-0.17668737430376313
7351	7351	-1.2281628281408383
7352	7352	-0.864752394700524
7353	7353	-1.0281260344840293
7354	7354	-1.2281628281408383
7355	7355	-1.0383843315946348
7372	7372	1.1363736300240443
7373	7373	0.8696579051482983
7376	7376	1.279989789572523
7378	7378	0.18748217312273607
7379	7379	1.1825359670217697
7381	7381	0.22851536156515856
7382	7382	0.4388094265028626
7384	7384	-1.8487898033324786
7386	7386	1.3466687207914594
7390	7390	-1.54104089001431
7391	7391	-0.71087793804144
7392	7392	1.254344046796009
7394	7394	-0.02281291764467907
7397	7397	1.7159674167732615
7403	7403	0.6644919629361861
7404	7404	0.9312076878119321
7405	7405	-0.11000844308482659
7406	7406	0.5670381403854328
7408	7408	0.9158202421460236
7411	7411	0.8593996080376929
7413	7413	0.16696557890152497
7418	7418	0.5721672889407355
7423	7423	1.3628163062732637
7424	7424	1.8031629422134094
7425	7425	-0.4280156535136006
7430	7430	1.1363736300240443
7438	7438	-0.66395648705753
7446	7446	-0.8691224292696421
7449	7449	0.07977005346137717
7457	7457	0.7106542999339114
7460	7460	0.7978498253740591
7461	7461	0.8909346391854056
7463	7463	0.4644551692793767
7472	7472	-0.01768376908937626
7477	7477	1.1158570358028332
7479	7479	-0.4946945847325372
7482	7482	-0.01768376908937626
7483	7483	-0.07410440319770718
7490	7490	0.0951574991272856
7492	7492	-0.8845098749355506
7496	7496	-0.32711504313368395
7498	7498	-0.817830943716614
7502	7502	-1.3615206905787114
7504	7504	-1.4435870674635565
7506	7506	-0.9665762518203955
7507	7507	0.40803556100075683
7508	7508	-0.13052503730603782
7514	7514	-1.146096451255994
7515	7515	-1.402553879021134
7516	7516	0.18159391058124855
7517	7517	-1.377667250230805
7519	7519	-1.264066868027958
7520	7520	1.4954144392271251
7521	7521	0.3003234413393979
7522	7522	-0.6126650015045019
7523	7523	-0.6434398928363187
7524	7524	-0.06384610608710156
7525	7525	0.8191265594111662
8213	8213	1.4492521022294
8214	8214	-0.13052503730603782
8215	8215	-0.5152111789537485
8222	8222	-1.1614838969219023
8231	8231	-2.013681671088353
8234	8234	-0.7101188240552553
8235	8235	-0.9870928460416069
8236	8236	0.5413923976089187
8237	8237	-1.058900925815846
8239	8239	-0.9050264691567618
8241	8241	-0.9973511431522124
8242	8242	-1.289712610804472
8243	8243	0.1361906875697081
8244	8244	-0.7819269038294944
8246	8246	-1.007609440262818
8247	8247	-0.8588641321590366
8249	8249	-0.8639932807143393
8254	8254	0.8645287565929956
8256	8256	1.0337906589179882
8258	8258	0.08489920201667997
8259	8259	0.2849359956734895
8264	8264	0.27980684711818665
8265	8265	0.3926481153348484
8270	8270	0.8491413109270872
8271	8271	-0.19720396852497438
8274	8274	-1.2794543136938665
8275	8275	-1.3410040963575003
8283	8283	-1.377667250230805
8284	8284	0.10541579623789123
8285	8285	0.6285879230490665
8296	8296	1.1876651155770723
8297	8297	-1.4948785530165847
8300	8300	0.06438260779546873
8304	8304	1.1927942641323752
8306	8306	-1.428199621797648
8310	8310	1.5979970000012969
8311	8311	-0.04845866042119313
8312	8312	1.7108382682179588
8313	8313	2.490469874453696
8314	8314	-0.13052503730603782
8323	8323	-0.7511520124976775
8325	8325	-0.4485322477348119
8326	8326	-0.49982373328783997
8329	8329	0.5003592091664962
8334	8334	-0.03307121475528469
8335	8335	-1.484620255905979
8337	8337	0.6542336658255805
8343	8343	0.7157834484892142
8353	8353	-1.5564283356802184
8354	8354	0.02386233420857646
8357	8357	0.17722387601213044
8365	8365	1.1004695901369248
8369	8369	-0.9614471032650928
8374	8374	0.5003592091664962
8376	8376	-2.0429383344478005
8378	8378	0.018979384783928143
8387	8387	-0.0022963234234678227
8388	8388	1.0337906589179882
8389	8389	0.5721672889407355
8395	8395	0.23364451012046136
8412	8412	0.7560575229454518
8419	8419	-0.3818533165158756
8420	8420	-0.39724076218178406
8423	8423	1.1722776699111639
8424	8424	-0.7416528293732568
8426	8426	1.2594731953513119
8430	8430	-1.9359853287726259
8692	8692	-1.756465129337028
8796	8796	0.4747134663899823
9057	9057	-1.0640300743711486
9058	9058	-1.5197651818069136
