,herbavore_resistance_G2P
1,-3788.421993499218
2,-6328.776016107848
4,-6756.912365246749
6,-7525.798296528014
7,-5903.316636350559
8,-7415.730975750145
9,10156.96980366733
12,-6880.573732324161
23,-6920.154599988496
32,-5940.083410441028
45,-7128.733862609195
51,-6410.856503840489
60,-5668.997013854138
62,-4929.778374889106
66,-8650.304392010978
69,-7666.341441595548
74,-6874.082447585434
79,-8342.129983380855
80,-6403.433008287864
81,-7944.391855039515
83,-5244.880170818926
84,-7370.31135020394
85,-583.8113027466474
86,-6843.91033121333
87,-7765.274777912808
88,-8156.872082163964
89,-1924.4164040710632
91,-6356.283774727905
94,4778.466367479416
96,-9356.734739336787
104,-7243.566410283062
106,-4467.714988392424
116,-5385.746415255706
121,-8339.637824503567
122,-7021.905878703025
126,-9138.764248148367
137,-7599.672336960176
146,-5419.699145489357
148,-6855.234781432315
149,-6566.639949452621
151,-7420.436905406932
153,-6164.246544711134
157,-7091.2908026430105
159,4058.029709212672
160,1991.0393735524367
163,-6867.251587964426
165,-5135.733076440303
166,-6735.695508211879
167,-7696.071786359641
169,-4630.080452476109
170,-4671.819539524341
173,-5061.537084590277
174,-1431.544114655357
175,-2889.844942832746
178,-7442.137803651242
179,-5452.065000947338
183,-7693.408102514282
184,-2021.8590579459783
185,-8026.543514002557
187,-5956.269402858476
188,-5763.294841938272
190,-5026.398841149548
191,-6364.137749823876
194,-8773.641935155654
196,-6102.652577936352
198,-7904.528898069665
200,-5677.919659019902
202,-5208.046728455856
203,-4214.434744036935
204,-94.54471621187987
205,-2374.0865425473407
206,-2937.568630878795
207,-6071.509230498848
208,-5098.6447450037
210,-7254.292677266392
212,-1153.3863450528663
213,-6796.093553293741
214,2561.939146819215
215,-4890.561502399409
216,-6609.44305971264
217,-6665.018366494447
219,-286.02758613540806
222,-6413.0019044601095
223,-7367.229957134433
224,-6275.597304075227
230,-4607.791947433754
231,-5547.594226196097
236,-6722.576744005571
252,-5693.0124632628
262,-5651.420265781842
263,-5638.971629350216
267,-6218.512972089754
269,-5408.811017265403
273,-4803.5936502528375
282,-6920.195487443985
287,-4716.778130886706
288,-3320.1068486289323
295,-2051.903953114526
296,-5625.555928375037
314,-2253.493363715561
318,-5905.281225245103
320,-5174.012600794801
321,-4376.764873406708
323,-5517.580207628495
326,-3241.9580084852614
327,-6925.032902445183
328,-3875.531569048624
332,-6585.772293187214
334,-4560.36957014737
338,-5528.093703359992
339,-4090.41555813626
340,-5322.968955621492
341,-5341.325227414807
346,-725.5974648923686
347,-4129.157815576612
348,-8251.053125871062
349,-4260.797182327454
355,-1395.174667736191
357,-8097.123103356688
359,-5745.6424445865
361,-3647.6327553517503
363,-4088.627074134633
364,-7225.997683788098
366,-1770.946756622095
367,2265.300679740789
368,-6207.957026063234
369,-6577.586090749932
371,-5725.688482646182
372,-5839.901866039556
374,-8773.04743594688
375,-6694.252750728694
377,-7164.057882291964
378,-6964.208590207365
379,-8152.05587732097
380,-5294.064503498174
383,-8125.293809693281
385,-3450.438962901708
386,-7431.006420840246
387,-7895.190685244369
389,-6082.79695256712
390,-7662.913469413177
391,-7057.566158623599
392,-5660.523647456019
393,-5742.577427582443
396,-7137.763307223201
397,-5725.475346151716
466,12154.440530184354
992,-135.68619692380392
996,4473.968263747548
998,1031.9996810452114
1026,-7314.259823214954
1061,1003.2922561007758
1062,-9176.101252801294
1063,-926.8005658659592
1064,-2740.5490781692124
1068,1014.449486252468
1070,-1707.616291620438
1072,8020.4172855539155
1073,-577.3102053595595
1075,2299.717652848308
1158,9521.409556687517
1163,15633.375546344325
1166,17484.748493169867
1169,6092.881429540434
1247,5068.32936233807
1254,6761.388276708573
1256,11419.6860985674
1257,4615.943485148962
1312,8211.229067834265
1313,14579.731958034976
1317,5773.372575524061
1318,12839.6657494405
1360,7515.471154294288
1362,19565.798792290057
1363,4393.887348726258
1366,23710.61490494465
1374,14222.791250674072
1391,22771.338762007905
1404,15906.06216787189
1435,-8380.781015468316
1552,6254.736146466776
1585,5704.325377311178
4632,-11215.93637321109
4675,-9432.419734224111
4757,-4803.336728603605
4820,13657.000985399338
4827,-7928.029246474299
4879,-8518.073160802345
4927,-5794.854543043769
4935,-6712.910609562002
5106,732.9697410860114
5141,23434.9054875904
5145,6810.70847699913
5146,6163.56316077325
5175,-8609.843123025863
5282,-9611.356341049535
5292,1523.1860685720562
5310,-8376.218050568998
5322,-7006.11505094744
5335,-6978.68454930311
5337,-8512.203911130948
5350,-7057.378105145086
5364,6609.727017132751
5373,-4536.093312848025
5377,-2386.939330845676
5394,-5089.439366702345
5398,-4920.855143375331
5444,1139.174989340778
5450,1324.7388713940204
5466,-6115.403550835767
5536,-2868.793095335606
5582,-6997.605742180254
5645,-7771.038878210826
5678,-7035.545144237233
5708,19100.470250713883
5709,-8602.848544636321
5710,-4654.185294075447
5711,-5469.588509184611
5713,-6557.65196100286
5715,-11627.486984286452
5716,-7575.717436448281
5717,-5921.956062586196
5720,-5374.922882818521
5721,-10061.441552863977
5722,6560.24986439898
5723,-9994.100570206889
5724,-9989.330018629922
5733,164.6888056131713
5735,6223.709275352891
5737,-6877.844338427141
5738,18100.1894256708
5741,-1275.286687015694
5742,3666.561430027935
5744,-6389.738626983109
5746,-7536.286563682722
5749,-3784.4751250360073
5751,-5649.951534600971
5756,-2893.516600875772
5759,609.4148134792096
5762,6469.987512451568
5767,-8106.478355439875
5769,-8865.890633794761
5770,-7119.872449748749
5772,-10088.290572782604
5774,-8581.158931646234
5777,7879.050294004488
5780,-8646.930804629817
5781,-1810.711180118025
5782,-7122.919522930929
5784,-1979.6640720363296
5787,-7336.955966505354
5788,-9049.513875181994
5789,-5887.814662834322
5792,-9934.327891242052
5793,-11268.158713515402
5795,-8146.578214758319
5798,-7064.16855995534
5799,-11679.33028338202
5802,-9461.862809144824
5804,-8565.63400443869
5812,-7209.363960609909
5816,-3246.885382828481
5817,7089.359797245257
5819,-10115.087127051833
5821,6207.569982981851
5826,7651.507358567352
5831,4988.779009229866
5832,8281.726343920009
5835,-8874.916209088893
5836,-6992.3826155400775
5856,5524.792026534344
5860,15598.145460383535
5867,17736.81283749363
5870,3596.348032916516
6008,-8917.044590879264
6010,11137.850135724466
6011,-2281.252778397587
6012,14193.562727125158
6013,17336.78998068853
6016,-38.85826953427471
6017,-2252.826286884982
6019,5587.981275624044
6020,11657.393450349266
6021,15899.520626361726
6022,17588.550849466577
6024,-8927.314398155508
6025,15546.208116440634
6030,15965.249312195025
6034,4118.330907093367
6036,6795.001976950629
6038,17670.60939096269
6039,-9943.215469843475
6040,-5523.003597439515
6041,9383.319824077164
6042,-9269.54849552904
6043,19731.31445420645
6046,21628.86339204141
6064,19823.01218643356
6069,2232.9352600404704
6074,28635.796668291263
6076,7421.373694281762
6077,-6197.006399840055
6085,10740.308333498322
6086,10043.51220892075
6087,-1745.5805419663054
6090,-1903.3149368693048
6091,-10172.12340737555
6092,-153.787691931168
6093,4489.012171181694
6094,-926.845001506464
6095,-3380.349916488208
6096,-2809.579903560177
6097,-1348.961023304228
6098,-1444.6394336755154
6099,1749.816658230632
6100,165.1423367982058
6101,-4360.903937590688
6102,-3825.8059884868007
6103,-6883.84517139571
6104,-5006.288531342332
6106,3650.846009455838
6107,-3968.330570712952
6108,-9297.38060179088
6109,2380.244216881055
6111,-3417.863623696756
6112,-2093.229395387252
6114,5603.767846943053
6115,-307.41820969482285
6116,1120.748586302887
6118,-9682.986418604578
6119,-3356.1206064749936
6120,3866.585762058138
6121,1482.173433139018
6122,-7209.253263092637
6123,-820.9737437863354
6124,-916.0277007328136
6125,-6242.770249114159
6126,-3692.138247258281
6127,-1922.557069026181
6128,-8261.033101345138
6129,-4093.0505985526393
6131,-5216.230169126145
6132,-519.3978630735381
6133,-7211.792490744451
6134,-2627.865401710968
6136,-1382.3742158062375
6137,-6948.413333299845
6138,1174.7326961119215
6140,-11160.951809231556
6141,4834.218215094687
6142,-7214.331718396265
6143,-9138.891659021498
6144,-10043.016509555173
6147,7163.692922512936
6151,4855.115952296925
6154,-5649.7900923340585
6163,23709.98768281964
6166,-2061.6698358090275
6169,15456.997398626329
6170,3203.6777586894377
6171,3745.325730657463
6172,18708.470719775407
6173,15779.46003217516
6174,12792.35120666174
6177,21425.20949674243
6180,-10219.30161909703
6184,14729.438568174384
6189,-11160.041476223834
6191,7926.0242648304275
6192,-7185.253599305609
6193,-8981.703287108785
6194,6357.01290240649
6195,4028.753364001087
6197,-10233.038041214422
6198,-7228.551393246428
6199,4941.059156586911
6200,1501.7409176273122
6201,4656.32466050435
6202,4136.958550843255
6203,7017.328688970588
6207,-2421.494005678437
6209,9918.798249960892
6210,-4890.642212239578
6212,28256.03226453421
6214,26686.528887146866
6215,29122.0811141053
6216,15051.478905286249
6217,17085.10048516277
6218,22737.4461371368
6220,4956.154980449035
6221,1017.2626284370714
6226,15730.217384672564
6237,-890.1652893810103
6241,-6469.441522831846
6242,-4314.856180572412
6243,-11012.63061474856
6244,6939.126161073221
6252,-2055.5009861224544
6255,1101.3540100965963
6258,7170.006259444733
6268,-1751.8976605890157
6276,2657.2447588369446
6284,662.8400613683247
6411,2847.3079828402792
6412,-11260.87886498837
6413,18406.69623326804
6898,-8650.546174686908
6901,15580.379839931797
6903,-6971.622979659926
6905,-2471.723166727544
6906,-6348.4110523096215
6907,27693.81299818669
6913,-3297.833508015099
6914,8227.829896649568
6916,-9181.766006431344
6917,27204.309725101262
6918,19416.78904224381
6919,25538.335844321125
6921,46640.22174871327
6922,-7405.162563783666
6930,36311.00095633766
6937,32225.97405575841
6940,-7412.701643392461
6942,-7417.469930541462
6946,-9222.82108896462
6951,44337.46751760265
6956,22278.277105385136
6958,-11316.974646653462
6959,-7405.112154693731
6960,-10625.60044496166
6962,11221.891683190266
6964,12340.332650702032
6965,-284.3377203708641
6969,41300.44527252741
6972,-4531.2696954680105
6973,-10538.270921541092
6975,-7425.595459027271
6976,34724.66461840118
6977,377.0943670614297
6979,-7199.376438615065
6980,14850.807211062564
6982,-9242.802019805087
6985,-7037.184615193621
6988,9863.073142585094
7033,11396.880959064958
7071,9270.469633870382
7081,-5612.3066170788725
7092,-10321.549753791378
7192,1818.877857808205
7296,-8122.4310524320545
7320,-7388.011080114364
7430,-10698.309775035515
7508,2001.4860815207385
7516,-617.3226395148371
7519,16122.94261547947
7520,-9387.354889470273
7525,29175.27569812412
8213,-7025.036536863415
8214,-6042.547389935457
8218,13798.780082482868
8222,-7210.939632105665
8225,-9693.908992354363
8227,2592.943970644078
8230,2401.2635883685107
8231,14130.300791532673
8233,8969.324832543274
8236,-7746.045988686318
8237,14491.1619861052
8238,-6679.487784385324
8239,-9634.179981031435
8240,-4538.55703738324
8241,20696.664222646363
8242,7579.573374450374
8247,-9844.739470411874
8249,22387.487982602262
8256,18400.75541834893
8258,5123.187231011554
8259,12277.670962187884
8265,4345.360996420192
8266,23291.562680626623
8271,-7754.679362702486
8275,-9281.60140812587
8283,1333.9908103356709
8284,-7758.234281415029
8285,-9652.5083112535
8290,-9663.385426055049
8296,6484.999749948333
8300,-9479.456413942837
8304,9041.486010712984
8306,391.82588812550034
8307,5704.440918549421
8310,14765.102649934057
8311,3533.7818485860766
8313,-9658.797203033457
8314,-7742.294561374947
8323,-7212.73795317028
8325,-9674.13674363508
8326,21500.40421979309
8329,-7769.406883083016
8334,-9654.018569889948
8337,-7241.749966838322
8343,-5971.771849277643
8351,-4510.312580906171
8354,-11624.45699929831
8357,-7769.04397022498
8365,-10979.39664339041
8374,-7781.087330281364
8376,11962.986411618978
8378,-8676.536438135743
8386,-12832.005064094014
8387,-9173.53200992911
8388,-9685.317942142376
8389,-9427.909165194593
8395,-8500.631842289937
8412,-9218.554382209037
8420,-7747.635126258459
8422,4125.745747627668
8423,4168.262087327075
8426,1034.923484644267
8427,405.20858840682666
8430,3703.9922644703606
9057,-10982.965133303182
9058,7814.976862193603
9302,-9824.667956947322
9308,-7617.685184749159
9309,-6389.909798974244
9321,10416.667615860404
9323,11520.6154762774
9332,-2081.7737292170773
9336,9716.316513486516
9339,21956.115502030538
9342,1482.8321863064916
9343,6360.865471323693
9344,11941.504564538973
9349,-4388.528449937191
9351,7097.618106004279
9352,26316.239001146736
9353,7436.314702416691
9354,3559.191622965411
9355,8553.67854819919
9356,-544.3788922577811
9363,10848.532697399629
9367,7698.761467070398
9369,10563.674763531568
9371,30059.03528083809
9378,8341.971263259507
9380,-11398.160915548702
9381,1895.6788764441048
9382,1645.1636131099322
9383,12311.510236926166
9384,1299.4326034070882
9385,866.8432155378548
9386,17734.206174225073
9388,16734.48694496807
9390,-9773.55939018336
9391,-11360.08205603073
9392,-9027.51792125025
9399,11494.6221643951
9402,5938.831589464856
9404,-6117.66234550057
9405,-3167.8178392385
9407,15029.579463262387
9408,15825.271649039494
9409,2043.4460153901248
9410,3559.052253407173
9411,946.6411611347304
9412,5081.253421541946
9413,613.0605302009427
9416,7583.301857142924
9418,30440.21031714508
9419,878.6226345218852
9421,-3075.24284315806
9427,5018.211166535132
9433,-5316.614074416737
9434,2332.2989759257644
9436,7807.273006679167
9437,7947.634791630726
9442,116.2874216690862
9450,-4214.939910001617
9451,7082.279105972552
9452,-5750.991198501075
9453,-2121.6220010595966
9454,4060.869684768295
9469,2193.150743269836
9470,-1020.2597525229502
9471,-11424.973835643608
9472,-8059.894526450645
9476,-6806.300223415028
9481,17987.09679666494
9482,-5305.573243687028
9490,-12453.241437860288
9496,-11373.251222308214
9499,-9742.505136571626
9504,-9988.061498597395
100000,-47601.81395288335
