,herbavore_resistance_G3B
1,33544.27943906505
2,37325.75685451688
4,11865.3820505846
6,12804.66694847694
7,-1079.1768943290676
8,19323.31464577327
9,-8737.072008278936
12,10499.57234113404
23,13301.0273401687
32,9123.926611724226
45,-4749.448685233532
51,-2994.523708514512
60,-4737.670108154549
62,9621.910785206155
66,-2088.970040940077
69,2576.183147588053
74,-5105.730394580542
79,11467.62533743425
80,22988.734887754337
81,6159.956896887918
83,7884.78278305196
84,8832.457355742237
85,31001.91978813542
86,9456.577594446364
87,4966.268729406277
88,500.0546495470245
89,-7225.431343160154
91,18335.229773559025
94,30628.145275934552
96,-10295.925630885476
104,6991.831230271598
106,14033.973303493114
116,-1946.9010566703369
121,-4365.816450911123
122,220.4773705048952
126,-3094.9581991113623
137,-1729.551558755471
146,1724.8020335764663
148,8742.13487715742
149,805.8221909086301
151,323.04276641015167
153,4220.069588939663
157,-6611.596197948887
159,-7476.351242858589
160,11008.598769739016
163,7429.596114557761
165,27603.714408130843
166,17654.31405132483
167,9124.682310887809
169,10499.366612809252
170,31189.580146216347
173,5171.857868991421
174,-1990.559766321976
175,29070.4148461015
178,22366.49539751869
179,-580.5251764085511
183,11301.969793583894
184,13655.302887931302
185,3115.082510837364
187,20783.0816927371
188,15967.006145096202
190,-2066.583095529086
191,10304.120002170215
194,1496.7774207236596
196,11842.491174002856
198,3617.142443499769
200,16839.819225660627
202,10011.805434067654
203,12158.322098409575
204,-5961.568263004477
205,37007.441411365646
206,25890.17922070026
207,10786.011176296992
208,1520.268518055192
210,9530.844882405165
212,4113.202214558748
213,-2748.590101181376
214,13305.962218572278
215,-6024.347968653789
216,-4204.377359529035
217,-3375.0100961759035
219,-1796.2135533619546
222,3984.5055178799566
223,-3462.104015200286
224,1991.4505220280075
230,-553.5885161824519
231,-6327.7999558040165
236,-6423.663068604547
252,-5208.035652500282
262,3390.1857452923327
263,-563.4290427639176
267,21533.42503842321
269,10438.207463133838
273,-2245.0401866127486
282,-4237.446744618638
287,-4218.744876856749
288,-1152.1561421087736
295,1769.9562916271525
296,1239.183437659915
314,-1581.3968694500045
318,-1019.3162183274056
320,-3276.2025013427424
321,6617.461585065271
323,-3648.556798216897
326,2375.7908466273807
327,-6536.684481854884
328,-3584.7684360032285
332,1612.38808226629
334,-3996.185822026062
338,-2826.798630919726
339,-784.5429322931736
340,-1138.852061784953
341,-232.58893201019904
346,6724.564577484823
347,-2765.7534056293043
348,-2789.33453752736
349,-1866.6769509054127
355,940.980579799588
357,14027.1835502764
359,-3376.2241603391712
361,4327.885283133613
363,11261.310193878122
364,1587.1456785662872
366,-1071.3867317028185
367,-3629.659766919974
368,-4229.357726400902
369,-2595.4744644527423
371,410.0092762662731
372,-2577.4451609050548
374,-6801.777772860202
375,-5016.388609104886
377,4924.881166618595
378,7716.929093373341
379,3670.14729292112
380,-2593.1318429036583
383,4804.096761511905
385,5651.134341374497
386,4724.065150369842
387,7626.2913834925985
389,-5563.968835443528
390,13858.609273258768
391,4631.932032622727
392,4030.563207149624
393,-4315.5596153298975
396,-6391.9897851408505
397,554.7289558608317
466,-7399.483857077266
992,-6189.670625851252
996,-5780.346167244903
998,-7432.267182926143
1026,-7650.700809228048
1061,-7796.427049300897
1062,-9207.197693347714
1063,-7361.3905239413025
1064,-8151.309580552013
1068,-8108.832687822859
1070,5158.96211478844
1072,-6966.546021634355
1073,-5509.619047745643
1075,-7399.724924162381
1158,-5414.181740845438
1163,-4880.977438708339
1166,-4116.11810355391
1169,-7135.189813676666
1247,-7753.094099222641
1254,-7790.410283005413
1256,-8275.228290234807
1257,-7766.403400240245
1312,-6601.491535990816
1313,-7552.617024746902
1317,-7552.807092254927
1318,-8232.885830382531
1360,-8449.161063230302
1362,-7422.747047624275
1363,-7403.203538797999
1366,-6266.870308279067
1374,-5449.769222469541
1391,-7500.336699687989
1404,-8173.901553323049
1435,-4814.55200438999
1552,-8243.706150470505
1585,-7734.232409914242
4632,-2504.800073951738
4675,952.7381664448576
4757,-3413.688935416033
4820,3835.768875248984
4827,4583.643358277192
4879,-4173.4900242189005
4927,6307.261865171791
4935,-3395.080165022662
5106,-5836.630687518991
5141,-6425.451435041143
5145,-5586.185231685369
5146,-4109.303121335351
5175,-1817.697883780459
5282,24820.65269188116
5292,-4657.243256729829
5310,2589.7477054745927
5322,-4064.620312154033
5335,-1616.3605038879386
5337,7048.200850680844
5350,-135.9381926958237
5364,24465.793025515737
5373,11294.262285086808
5377,9495.297191318366
5394,17906.910318368235
5398,30316.02166506
5444,17859.51240089408
5450,18169.17795556323
5466,13273.709986218622
5536,29960.677229460653
5582,674.0128794505216
5645,27380.175135849327
5678,-4542.433275280081
5708,-3356.353733769313
5709,22661.864421910275
5710,12132.297401746751
5711,20294.82518358949
5713,44513.35405942832
5715,1728.4912091063284
5716,8840.179918322836
5717,10172.86907702715
5720,19800.079722421004
5721,7562.004346582008
5722,-4582.355107731817
5723,279.42793244905965
5724,6285.400845178737
5733,12333.415838696415
5735,-5338.052238117303
5737,23960.65583848222
5738,-5249.224706384335
5741,8888.59893420628
5742,-5571.477904718425
5744,1115.1882292178918
5746,19324.470660684576
5749,16238.102513874646
5751,8898.25632834545
5756,-4603.453631389797
5759,-5427.908291079624
5762,-4238.916577588749
5767,6317.106488198266
5769,-1854.6275402213369
5770,-36.661858958356994
5772,-6297.012370682933
5774,19998.496216327883
5777,-4229.678329330545
5780,15686.68850366211
5781,-5519.640189910871
5782,3531.832718659555
5784,-5683.913194733504
5787,3739.864386509135
5788,7623.825545092613
5789,4729.94223906235
5792,5817.859250639579
5793,20040.75494031857
5795,4233.534527556481
5798,4016.489185701532
5799,1771.6474319858978
5802,2959.686784791939
5804,16971.05360588965
5812,4944.894220333184
5816,-6206.999329907629
5817,-6548.94751555754
5819,-6274.816315904708
5821,-6735.965648597889
5826,-4535.895708755467
5831,-6039.947634687057
5832,-3812.6600764860814
5835,-5572.811735320993
5836,-5478.515072862424
5856,-5212.182452666216
5860,-3961.410348294279
5867,-4526.50906088511
5870,-4571.291125015073
6008,-5165.139107408378
6010,5400.16262584531
6011,-5331.125613923449
6012,-4172.949266142604
6013,-3465.003264225499
6016,-4342.381384586137
6017,-4485.236767570117
6019,-3584.0263286226946
6020,-5364.755169754077
6021,-4599.590637567652
6022,-4457.571786891881
6024,-5502.026377850548
6025,-4590.417907205976
6030,-3601.542544503121
6034,-6204.039131775125
6036,-5735.738665250962
6038,-3838.979613203169
6039,-6155.867504821224
6040,-5320.324998384041
6041,-4862.201670354709
6042,-6145.280429114109
6043,-3834.684656750137
6046,-2444.766536014324
6064,-4259.464622268935
6069,-5412.370575518992
6074,-4763.413725283791
6076,-3967.0989671832617
6077,8453.988699736936
6085,-1669.0327822730362
6086,-5833.144320371496
6087,-4454.186762604832
6090,-6118.049439475887
6091,168.13606033877255
6092,-5417.037278169327
6093,-3924.195413428946
6094,427.2427084511927
6095,-5834.363049570273
6096,-4972.547294288839
6097,-6530.31777365565
6098,-5498.612361937618
6099,-6495.967547861838
6100,-6955.782387435111
6101,-6255.461231564305
6102,-7146.799443078238
6103,-6332.109422654943
6104,-5839.817498854145
6106,-5791.650288624932
6107,-6559.812771007815
6108,392.59164942974064
6109,-6027.132787251321
6111,-6303.009311810783
6112,-6897.087096496124
6114,-5468.63177677003
6115,-5731.912242089057
6116,-6180.133509890188
6118,-6446.932620832657
6119,-6028.003363685176
6120,-5336.331671958318
6121,-5804.394534715718
6122,-4482.35126103327
6123,-6711.689077272907
6124,-6413.633032866803
6125,-6482.158315440678
6126,-5544.290129845934
6127,-4973.645924126983
6128,-6928.837724402941
6129,-2050.465524045492
6131,-2611.807008890115
6132,-6331.193509901016
6133,-4478.821901351452
6134,-5914.418526225563
6136,-4146.484022566001
6137,-6309.43976340799
6138,-4926.0314375757525
6140,-6602.738184860376
6141,-5422.679557265847
6142,-4459.705968278931
6143,-5269.6097619380735
6144,-6021.656563347941
6147,-5543.184982336885
6151,-5830.200422451615
6154,-6286.926392205868
6163,-5138.526004537131
6166,-6061.905620887843
6169,-3552.4605792077846
6170,-5025.032078807863
6171,-5271.276934540351
6172,-4864.3888782974645
6173,-3910.347929803226
6174,-5279.098624449074
6177,-2070.921500416136
6180,-6089.670147136202
6184,-4269.362806632536
6189,-6579.435061523259
6191,-5342.155492873784
6192,-4409.339393542166
6193,-5422.036931544394
6194,-5590.349685398951
6195,-5732.199434622975
6197,-6037.56623669524
6198,-4455.528127451456
6199,-5879.656620389696
6200,-5844.58700788162
6201,-4834.082538309939
6202,-5259.457096903813
6203,-5058.397778534882
6207,-4796.975614599528
6209,-4727.940345351289
6210,-4255.625921995788
6212,-4225.86690432992
6214,-4351.844432749152
6215,-1281.5391877673742
6216,-4704.395820432187
6217,-3845.588227694891
6218,-3164.694390746208
6220,-5145.108560994369
6221,-6490.247217216034
6226,-2768.328137043065
6237,-4865.277984447524
6241,-4342.885517282237
6242,-6680.112981643232
6243,-6306.891798964476
6244,-6886.172900962097
6252,-4895.127423121055
6255,-5646.589509672489
6258,-5538.578057942169
6268,-5106.654833896818
6276,-3564.85522327982
6284,-6785.818664429943
6411,-5094.802784176712
6412,-6433.459213473216
6413,-5647.704157277978
6898,21011.05626596956
6901,-3508.217276091242
6903,-4058.2374081465023
6905,35924.55403813991
6906,-3047.707251615884
6907,-1852.4063108437108
6913,-4823.14719781762
6914,-5229.214959141908
6916,-5118.549468529072
6917,3215.5983222943787
6918,-1705.334608400722
6919,-2473.3440165879497
6921,-1927.626347583593
6922,-4200.002486487866
6930,-4155.112812104388
6937,-3192.3089071303752
6940,-4193.6496390605935
6942,-4177.661545972776
6946,-5105.652263058619
6951,-3729.656937062566
6956,-3412.534061040635
6958,-6178.446320410199
6959,-3883.9727287404544
6960,13132.072317654758
6962,37768.85037595318
6964,-3163.924511527726
6965,-3574.9082191922275
6969,5327.306418147653
6972,-4182.355688078777
6973,-5717.984854729253
6975,-4177.793496600736
6976,2929.244488971655
6977,-4803.182472712992
6979,-4180.238072269687
6980,2355.9561472492805
6982,-5086.059228205857
6985,-4840.327733477952
6988,-976.912283398858
7033,-2965.4954159139697
7071,-6549.587804540602
7081,24563.231664219267
7092,15647.46026273765
7192,-4071.643436233242
7296,-4672.286883587164
7320,12419.757480238206
7430,-5491.312887764189
7508,6913.844548799089
7516,-4243.240129357362
7519,-1130.88633118605
7520,-4848.765406244446
7525,-4419.360641710303
8213,-2127.500159474904
8214,-251.1097365847689
8218,-4227.171944613104
8222,-4458.840290978812
8225,14812.43851152856
8227,-4431.092922880048
8230,-4513.396655442964
8231,-4490.460966748938
8233,-2420.3140127279416
8236,-3608.922983188106
8237,-4430.460622896361
8238,-3735.538752360675
8239,-4363.031651069951
8240,-4884.893173236771
8241,-4635.339530086973
8242,-640.9092897032044
8247,-5046.772998180302
8249,-1260.944725990309
8256,-4385.4239758773965
8258,-4507.275410457731
8259,-3283.4841515613434
8265,-3821.781842721674
8266,-1533.5425737166918
8271,-3724.2448013788585
8275,-3626.952246924508
8283,-4061.6283198229753
8284,-3719.303697824314
8285,-3871.017962719595
8290,-4527.857457982316
8296,-3423.0680401272257
8300,-4399.753408197408
8304,-2380.8415540618457
8306,-3332.496329128268
8307,-4758.464826430683
8310,-3833.303992737561
8311,-3991.934176691049
8313,-4500.028564761899
8314,-3649.546660462775
8323,3180.830601903817
8325,-4402.440734924311
8326,-3435.541524098988
8329,-3409.979042019416
8334,-4288.529259502796
8337,35428.507055977345
8343,-4996.079374685759
8351,-4012.4702160550046
8354,4833.830046328404
8357,-3693.892308115228
8365,-5046.31293622299
8374,-3687.539460687956
8376,-3925.954122490786
8378,-4430.863657814296
8386,-4901.3800232392405
8387,-4454.720499298227
8388,-4438.436578060757
8389,-4485.726586778836
8395,-4392.264771083051
8412,-4449.640855533589
8420,-3649.9116681045366
8422,-5288.382415371882
8423,-4157.772335977947
8426,-5495.553693690827
8427,-5158.102195336088
8430,-2955.2132824065416
9057,-4679.502168339198
9058,-3780.190367949021
9302,-3137.419282710197
9308,34742.29977365078
9309,37902.55859406277
9321,-1349.9030074735606
9323,-3101.6082681344947
9332,5198.707338384638
9336,-4584.41800244933
9339,-4260.691540655985
9342,-4748.472905217217
9343,-4588.414412386012
9344,-4106.332449833384
9349,-4977.1121909828125
9351,-4921.015694919558
9352,-4213.723345859863
9353,-4477.149404827612
9354,-3132.8178919157613
9355,-3602.5977947309166
9356,-4135.445774249593
9363,-3704.5906891481495
9367,-4501.546261358949
9369,-3889.879147389313
9371,-3045.1661433550435
9378,-3920.531686940407
9380,-4443.8073473594
9381,-1022.0401866739694
9382,-4629.035823129168
9383,-3890.014382689124
9384,-4046.478209173914
9385,-4484.37816563667
9386,-3704.80546968218
9388,-4433.673715630987
9390,-4843.592936644338
9391,-4508.460425826371
9392,5829.820294701763
9399,-4306.256605030718
9402,-3831.8700594212673
9404,8090.911448285553
9405,-4412.365485143969
9407,-3374.939814874233
9408,-3194.121144677066
9409,-4114.822986633155
9410,-3928.6534662669096
9411,-4768.857842794389
9412,-4146.748028923454
9413,-4014.7291896975
9416,-3785.3166258939295
9418,-3561.515429437834
9419,-1228.6944074939015
9421,1795.2619027338012
9427,-3885.441049309453
9433,-4322.85925802963
9434,-4332.068238199232
9436,-3754.4576199990975
9437,-2851.3975865680554
9442,-3453.817691652159
9450,-4850.057925665042
9451,-3929.873735637585
9452,-4766.477967915493
9453,-2976.778152182238
9454,-3494.9769069584445
9469,-3120.565122473374
9470,-4725.196544257013
9471,-4485.460325670035
9472,-3300.0157676243884
9476,-4134.320851763152
9481,-3382.9673023532173
9482,-1787.6441357810988
9490,6253.458800175619
9496,4401.576269867964
9499,4566.2154481097605
9504,2791.639739964769
100000,42277.07664627588
