,herbavore_resistance_G5MSP
1,4.638615001759718
2,23.61269047341144
4,20.46145079164846
6,-11.374949423815476
7,-14.665065606460866
8,-11.30471622018978
9,-16.459447396750107
12,-14.2173126358166
23,16.360493343870843
32,10.12129653588844
45,1.8623142509645063
51,0.0125219661693055
60,-11.170148169160816
62,32.61365105511274
66,-4.638142485820713
69,-8.164842734023692
74,-13.022774486205424
79,-3.543090645468326
80,14.89130442706643
81,-16.45175224704049
83,-6.178272684684832
84,-16.261678246069422
85,19.503851749425912
86,3.046990837256805
87,11.600139133622788
88,-13.823650191284235
89,-8.248388856664622
91,1.7695646627421984
94,68.66882991811835
96,-19.529316935714945
104,-9.930286686270696
106,22.59113569772876
116,-8.498557800713936
121,-18.1660727094922
122,-12.54622254509824
126,3.095795747096222
137,-16.44576713059968
146,14.226354665968238
148,51.01279458755797
149,1.6055020759418557
151,-3.974939613182981
153,-13.36510953492311
157,-14.20401848465297
159,-14.20383384366459
160,-11.162892542515646
163,-4.870173669533903
165,-11.73275189205776
166,-15.074337395446593
167,-13.360720045962063
169,-0.1694508020336203
170,17.898328475541792
173,-11.162021867318224
174,-16.441705801586266
175,-14.202356715757515
178,-12.42997055227594
179,-11.161586529719514
183,-12.13706163758887
184,-14.2014335108156
185,-18.158517851470577
187,2.5746483658285384
188,-16.440209522476067
190,-14.20087958785045
191,-16.439995768317463
194,-19.516882368063744
196,2.7888988614688888
198,-8.758265108674344
200,-5.920189038813116
202,-16.438713243365864
203,-11.159845179324677
204,-11.15970006679177
205,13.089735424235547
206,25.71217012678981
207,-14.19940245994338
208,-19.02148509358806
210,5.461450943404918
212,-13.325531199472453
213,-14.198848536978224
214,1.2189738214901435
215,-11.158974504127254
216,-5.853088947147701
217,-14.198479255001455
219,-14.198294614013074
222,-16.43657570177986
223,-16.43657570177986
224,-4.758879221720766
230,-11.157813603864026
231,-11.157813603864026
236,-14.196632845117618
252,-5.292714828344934
262,-11.155491803337569
263,-1.700554757312548
267,23.04207820156561
269,-3.3638354290873056
273,-14.193309307326713
282,-14.192386102384791
287,-11.153750452942727
288,-11.153605340409827
295,-11.153170002811116
296,-11.153024890278212
314,-14.189431846570653
318,-11.84892821576677
320,-11.151283539883371
321,14.197898144681949
323,-9.31209875080933
326,-11.15084820228466
327,-16.425460485532632
328,-14.188139359651965
332,19.397844092156983
334,-18.140811152982387
338,-0.4486757139358503
339,-11.14997752708724
340,14.369066640430884
341,-11.149832414554336
346,-5.137805785931874
347,-11.149397076955625
348,-9.368968309059523
349,1.9488479942357453
355,-19.49658103312301
357,3.987604950646925
359,-11.148526401758206
361,-11.148381289225304
363,19.25324723924704
364,1.108508134837782
366,22.029809413242354
367,-16.42118540236062
368,53.14468634613573
369,-8.682181537087468
371,37.578356650668674
372,-18.136325456032043
374,-19.49404336625544
375,-14.183892616919142
377,3.16859519717479
378,-7.338702777227077
379,48.14745603243794
380,-14.183338693953988
383,-12.801317720120007
385,-11.146639938830464
386,-11.31680137686826
387,-11.474727425926568
389,-18.13443674152664
390,176.67746519782335
391,-14.182415489012069
392,110.41100560723427
393,-4.436268372729899
396,27.59125750035248
397,198.76660689198977
466,-14.175399131453483
992,-11.102525728827818
996,-11.102235503762012
998,-14.1262846285434
1026,-14.12369965470602
1061,-16.34701270932626
1062,-18.0548746429864
1063,-14.120376116915116
1064,-16.34658520100906
1068,-16.34615769269186
1070,-11.096866340044585
1072,-14.119452911973193
1073,-11.09672122751168
1075,-14.119268270984811
1158,-11.090481388596835
1163,-11.090191163531026
1166,-11.08990093846522
1169,-14.110590144530772
1247,-16.32713357257642
1254,-16.326278555942018
1256,-18.031973979608345
1257,-16.326064801783417
1312,-14.097295993367142
1313,-16.320079685342606
1317,-16.319652177025404
1318,-19.374265490105152
1360,-15.860938419708411
1362,-10.264696573697805
1363,-16.31473583137759
1366,-16.31430832306039
1374,-11.074809235043263
1391,-18.016155995625567
1404,-18.01450337043333
1435,147.7995134926831
1552,-17.997032761258325
1585,-16.291009119772934
4632,-14.961035000788575
4675,14.091526749624984
4757,-10.829423941903558
4820,-13.773435699741968
4827,-13.13459735784946
4879,-13.768081111078844
4927,-9.718348850387043
4935,-10.816508926475157
5106,-4.2848722387745495
5141,-17.57348853342094
5145,-13.743523859623798
5146,-10.801126997987392
5175,-0.5476306823393904
5282,1.2133175252688468
5292,-10.790533783085442
5310,-13.72819865758794
5322,-10.788357095091888
5335,10.551910756770706
5337,-5.877567480072799
5350,-8.804662468660416
5364,-8.682705425751072
5373,-13.72247478694804
5377,-13.722105504971273
5394,16.028494767317238
5398,0.6726333580976047
5444,-13.715827711366224
5450,-13.715273788401076
5466,-17.535005975373284
5536,0.0245947300878743
5582,-10.769492465814444
5645,33.91074765498504
5678,-10.762527064235078
5708,-13.691455100899564
5709,90.33653942020204
5710,3.5271288153343394
5711,56.70836205760229
5713,81.88967001468801
5715,-11.979110297801158
5716,-3.691132547322423
5717,23.38136762388216
5720,-13.690347254969264
5721,44.108187231543184
5722,-10.759334588511203
5723,5.064162157782548
5724,24.251285278456223
5733,-10.758609025846685
5735,-13.689054768050578
5737,-0.5093771305053929
5738,-13.688685486073812
5741,-10.758028575715072
5742,-17.50242565015503
5744,-10.757738350649266
5746,-15.84618671572537
5749,-5.31737298583388
5751,-0.0773140473747545
5756,-10.756867675451844
5759,-13.686839076189973
5762,-10.756432337853134
5767,-9.632826385442293
5769,-13.68591587124805
5770,6.219196781108906
5772,-15.843407911663563
5774,0.4204696362299208
5777,-15.842980403346363
5780,61.08458980624309
5781,-13.684808025317754
5782,8.681301071430763
5784,-15.84212538671196
5787,33.224119066624475
5788,15.051404329030277
5789,-10.75454587492539
5792,89.7004893592157
5793,24.08965474623057
5795,-13.683515538399062
5798,-10.753820312260869
5799,-2.9822547674592097
5802,-8.38998604373385
5804,44.01999609987749
5812,-1.1422894097975496
5816,-15.838705320174356
5817,-17.49369034556751
5819,-15.838491566015753
5821,-18.803036678210503
5826,-13.680561282584923
5831,-15.837209041064153
5832,-10.751353399201514
5835,98.0991020250929
5836,229.10850572428504
5856,-5.979151565700335
5860,-7.748784254892505
5867,-13.676868462817248
5870,-10.748596261076347
6008,-13.663758952642002
6010,-3.1524492162040048
6011,-15.817971166790116
6012,-13.663389670665232
6013,-13.663389670665232
6016,-10.7380030461744
6017,-6.016358479036864
6019,-10.737857933641497
6020,-15.816902395997108
6021,-13.662651106711696
6022,-13.66246646572331
6024,368.20649265574383
6025,-13.662281824734928
6030,-13.661727901769778
6034,-18.775883642727287
6036,-15.81519236272831
6038,-10.73640680831246
6039,14.696614570297568
6040,264.17771861729267
6041,-13.660804696827858
6042,70.39290571482023
6043,-15.814551100252505
6046,-17.466540074552302
6064,-15.812199804507896
6069,-17.463943092107364
6074,-17.46323482416784
6076,2.957610971918318
6077,45.45560044683133
6085,-10.73306922005568
6086,-17.039780079585245
6087,-10.732924107522775
6090,23.07650740986961
6091,36.40951424239648
6092,-17.461110020349256
6093,-10.732488769924066
6094,33.90532235875151
6095,-15.808993492128891
6096,-13.655634749153114
6097,-19.828498646556348
6098,-11.458043401478196
6099,-18.767763108751
6100,-19.82796243514538
6101,-17.460165663096557
6102,-20.70514848519529
6103,157.50100759341066
6104,286.2269563769401
6106,-15.807710967177286
6107,-18.76674804200396
6108,-10.869047161589474
6109,-19.82689001232343
6111,-18.76624050863044
6112,-19.826353800912468
6114,-17.458513037904325
6115,-17.458513037904325
6116,-17.45827694859115
6118,59.53131251299341
6119,-15.80642844222569
6120,-15.806214688067088
6121,-17.457804769964795
6122,28.90704387931237
6123,-18.76471790850989
6124,-18.764464141823133
6125,77.67105886047848
6126,-18.76421037513637
6127,-13.652865134327351
6128,-6.216434674600764
6129,9.282389411472373
6131,4.510531163498041
6132,-17.45638823408574
6133,-10.729586519266
6134,-15.804718408956882
6136,324.0397028241572
6137,69.61920241527821
6138,-13.651757288397054
6140,182.44800119109584
6141,-15.80407714648108
6142,162.4484087116991
6143,93.44606188586135
6144,145.47698254675154
6147,-17.454735608893508
6151,-17.454263430267158
6154,-17.453791251640805
6163,-17.45284689438811
6166,-17.45237471576176
6169,-17.452138626448573
6170,-17.451902537135393
6171,-15.800870834102074
6172,-17.45166644782222
6173,-10.72668426860793
6174,-15.800443325784872
6177,-10.726394043542124
6180,0.0747958143322084
6184,-17.45024991194317
6189,-17.44977773331682
6191,-17.449541644003645
6192,-10.725233143278896
6193,-13.646771981710687
6194,-18.75558230778656
6195,-15.798305784198869
6197,-15.798092030040268
6198,-10.724797805680184
6199,-18.75507477441304
6200,-17.448361197437762
6201,-15.797664521723068
6202,-15.797450767564468
6203,-13.645848776768773
6207,-13.645479494792006
6209,-13.64529485380362
6210,-10.723927130482766
6212,-18.753298407605723
6214,-15.79616824261286
6215,-10.723636905416958
6216,-17.446472482932357
6217,-15.795954488454262
6218,-7.132614551889935
6220,-15.795526980137058
6221,-18.752283340858693
6226,-13.643633084908169
6237,-13.642709879966244
6241,-10.721750442489212
6242,-18.74949190730434
6243,-17.443403321861066
6244,-19.808658824350456
6252,-13.641232752059176
6255,-17.44198678598202
6258,-15.791465651123652
6268,-13.639755624152109
6276,-10.719138416896952
6284,-18.7441628068824
6411,-13.626646113976856
6412,-17.423335730241128
6413,-17.423335730241128
6898,-15.723064320371504
6901,-10.67386330663108
6903,-10.673718194098177
6905,-8.374995237317275
6906,-10.673427969032373
6907,-10.673427969032373
6913,-13.580301225892525
6914,-15.7213542871027
6916,96.34294585269008
6917,-10.672702406367854
6918,-15.720926778785495
6919,-10.672557293834949
6921,-10.672412181302048
6922,-10.672267068769145
6930,-10.671686618637532
6937,-13.57808553403192
6940,-10.670961055973011
6942,-10.67081594344011
6946,-13.57716232909
6951,-10.670235493308496
6956,-10.669800155709789
6958,-17.358883347744136
6959,-10.669655043176885
6960,66.27253157898619
6962,-10.669364818111074
6964,-10.669219705578172
6965,-13.575500560194545
6969,18.54842660239187
6972,-10.66863925544656
6973,-15.715155416503286
6975,-10.668494142913657
6976,-10.668349030380751
6977,-13.574392714264244
6979,-10.668203917847846
6980,-10.668058805314946
6982,88.66877944234221
6985,-13.573654150310707
6988,-10.66747835518333
7033,5.478205798935624
7071,-19.69793116798517
7081,2.442720987233233
7092,-9.246292922872644
7192,-10.65267687682718
7296,4.254253727601071
7320,6.468726004468748
7430,-15.666205714183778
7508,-15.657869301998364
7516,-13.524539647400616
7519,-10.629023533963922
7520,-13.52417036542385
7525,-13.52380108344708
8213,-10.578669485046431
8214,-10.578524372513527
8218,-18.49877042078639
8222,-13.459361378501145
8225,-17.20943881250386
8227,-15.581131559060797
8230,-17.208730544564325
8231,-19.54242985880388
8233,-10.577218359717396
8236,-10.576928134651588
8237,-15.580062788267792
8238,-10.576783022118686
8239,-13.457884250594066
8240,-15.579635279950592
8241,-15.579635279950592
8242,2.58648279309442
8247,213.6207913816168
8249,-15.578780263316196
8256,-20.40362031391741
8258,-19.53867637892708
8259,-20.403340343470543
8265,-13.455483917745084
8266,-10.57475144665804
8271,344.9223723333234
8275,9.564790137158235
8283,-13.453822148849628
8284,-4.492986540375019
8285,-13.453637507861242
8290,-0.1169636793214763
8296,-10.572574758664484
8300,-13.452160379954172
8304,-13.451791097977404
8306,29.28112998410312
8307,-15.57258139271678
8310,-13.451237175012256
8311,-13.451237175012256
8313,12.131315372637273
8314,-10.571268745868355
8323,66.30032558620884
8325,-13.449944688093565
8326,-18.4850670197014
8329,-10.570252958138036
8334,-13.449021483151649
8337,15.442497685288718
8343,73.25206042853841
8351,-1.5700185848736994
8354,-11.328862708095988
8357,75.9266570007055
8365,-15.566382522117362
8374,-10.566915369881254
8376,-18.478722852532428
8378,10.805726049883422
8386,-17.66245390374734
8387,-13.44422081745367
8388,-13.444036176465284
8389,-13.444036176465284
8395,-13.443482253500138
8412,-13.441820484604678
8420,96.42016104796272
8422,-19.51669171107732
8423,-12.822613949952409
8426,-19.516155499666343
8427,-17.185593791873103
8430,-10.562852218959955
9057,-1.2642049049467246
9058,-15.492209829083002
9302,0.7303892383558356
9308,44.64745593536727
9309,1.3666438026216194
9321,-13.35799347587844
9323,-15.46399428014774
9332,-9.72491841637126
9336,-19.394167403670693
9339,-17.077937065064937
9342,-18.35615354282779
9343,-19.393363086554228
9344,-15.461642984403136
9349,-19.392558769437777
9351,-18.355138476080764
9352,-15.460787967768736
9353,-15.460787967768736
9354,-10.495810228758574
9355,-15.460574213610132
9356,-17.07581226124636
9363,-15.459719196975731
9367,-18.353108342586683
9369,-15.459077934499929
9371,-15.45886418034133
9378,-15.458009163706928
9380,124.56941395343482
9381,-17.07297918948824
9382,-20.24599695233018
9383,-18.351078209092613
9384,6.34054879664825
9385,-17.072507010861887
9386,-18.35057067571909
9388,-18.350316909032337
9390,-17.07179874292236
9391,-15.456726638755324
9392,-13.351346400296622
9399,-18.349048075598542
9402,-17.07038220704331
9404,-18.348286775538263
9405,-15.45523035964512
9407,-13.350053913377934
9408,-17.06967393910378
9409,-15.45480285132792
9410,-13.349684631401168
9411,-17.069437849790603
9412,-15.45437534301072
9413,-13.34949999041278
9416,-17.068729581851084
9418,-4.860797419462029
9419,-17.068493492537907
9421,-18.3462566420442
9427,-15.452879063900516
9433,-17.066840867345665
9434,-19.38103022410192
9436,-17.066368688719322
9437,-15.45181029310752
9442,-13.346730375587027
9450,-18.3424501417428
9451,-15.450314013997309
9452,-17.06447997421391
9453,-10.488699714646302
9454,-13.345622529656724
9469,-10.487538814383075
9470,-19.37620432140319
9471,68.40044168248734
9472,95.6976709588062
9476,-15.447535209935502
9481,-9.063704176349775
9482,-10.920796932969251
9490,18.46453796635694
9496,-15.445397668349496
9499,1.416048248351488
9504,8.308784760060899
100000,-6.375772409492725
