,herbavore_resistance_G3HP
1,-7.013278088124384
2,33.18313647891552
4,-10.755298270933508
6,-9.09242251101086
7,-22.429299575232044
8,-14.602343351245793
9,-22.444427065000507
12,-20.83857124403286
23,-20.90870244158636
32,-23.74451714982914
45,-20.96802716114528
51,-21.10506979473612
60,-18.48400553645604
62,-22.367194214977783
66,-24.3462178393646
69,-24.84925575174576
74,-21.27338466886449
79,-24.10965015377861
80,18.520062681307955
81,-16.6740094278718
83,6.65792777938668
84,-14.00012758166467
85,-21.00578411895492
86,-21.35754210592868
87,-16.910712993318505
88,-24.189026893767632
89,-21.37156834543938
91,-7.2723662855583555
94,-21.413647063971467
96,442.45973833170746
104,-21.556398469669222
106,-18.76560876864795
116,-18.82682686260271
121,-24.443032461732493
122,18.94218581888364
126,-25.32533135425018
137,-23.41258641018204
146,2.176979185396302
148,-21.792355530760304
149,-21.792355530760304
151,-23.518478838561258
153,-21.820408009781705
157,-21.84846048880309
159,-21.8624867283138
160,-19.09618647600368
163,-23.60924377717204
165,-25.637242955891047
166,-24.80816546568196
167,-20.98742049984467
169,-19.14516095116748
170,9.708029900106135
173,-19.169648188749377
174,-23.7000087157828
175,-21.97469664439938
178,-5.3342202611587375
179,-19.206379045122247
183,-20.61917699757549
184,-8.594936977440206
185,-24.9510435976622
187,-15.208544615567575
188,53.39581447148469
190,-22.086906560484955
191,-23.82102863393048
194,-25.883488957186422
196,-20.44818554973499
198,-25.0621710336468
200,-22.15703775803845
202,-23.91179357254126
203,-19.35330247061368
204,-19.365546089404624
205,0.7043152506252803
206,-8.81997794137214
207,-22.19911647657054
208,-21.109451549211563
210,-25.157423121633627
212,-23.98743102138357
213,-22.24119519510264
214,-19.4267641833594
215,-19.4267641833594
216,-22.269247674124028
217,-22.269247674124028
219,-22.283273913634726
222,-24.063068470225858
223,-24.063068470225858
224,-22.325352632166823
230,-19.52471313368701
231,-19.52471313368701
236,-22.40951006923101
252,-19.659392940387484
262,-19.72061103434225
263,-19.72061103434225
267,-3.898790416194857
269,-19.757341890715107
273,-16.389382774719813
282,-22.732113577977053
287,-19.86753445983368
288,-19.87977807862464
295,-19.91650893499749
296,-19.92875255378845
314,-22.956533410148225
318,-22.98458588916961
320,-20.075675979279872
321,-20.075675979279872
323,-23.012638368191013
326,-20.11240683565274
327,-24.84969793818586
328,-23.054717086723112
332,-23.0827695657445
334,-26.14169469749747
338,-20.18586854839846
339,-20.18586854839846
340,-20.1981121671894
341,-20.1981121671894
346,-20.56700060048394
347,-20.234843023562256
348,-26.25282213348208
349,-20.247086642353207
355,-27.19680096409523
357,-22.87767987167281
359,-20.30830473630797
361,-20.320548355098925
363,-20.332791973889883
364,-25.137120243786622
366,-20.357279211471788
367,-22.027137859975536
368,-23.33524187693706
369,-18.2655115084294
371,-3.9569500166987006
372,-26.443326309455728
374,-27.36096496495883
375,-23.37732059546916
377,-26.475077005451343
378,-18.309096917721018
379,-25.243012672165847
380,-23.419399314001247
383,-25.27326765170277
385,-20.46747178059036
386,-25.303522631239712
387,-27.45946336547697
389,-26.57032909343815
390,-21.47045915803127
391,-23.489530511554737
392,-20.516446255754165
393,-20.516446255754165
396,-23.531609230086826
397,-20.54093349333608
466,-24.022527612961248
992,-24.18953189303994
996,-24.21401913062185
998,-27.753507322806847
1026,391.7259489175093
1061,-30.40148668321118
1062,-31.920321368697945
1063,-28.202346987149163
1064,-30.431741662748088
1068,-30.46199664228501
1070,-11.9495916300513
1072,-28.27247818470266
1073,-24.67927664467805
1075,-28.28650442421336
1158,-25.205752252689017
1163,-25.23023949027092
1166,-25.25472672785282
1169,-28.945737681216144
1247,-31.80834323167805
1254,-31.86885319075192
1256,-33.46023012448492
1257,-31.883980680520377
1312,-29.95562692598638
1313,-32.30755039403728
1317,-32.33780537357422
1318,-35.10950580572069
1360,-35.45425020753424
1362,-34.30162356836852
1363,-32.68573763824883
1366,-32.715992617785744
1374,-26.52806308211189
1391,-34.52387844033773
1404,-34.63500587632237
1435,-33.23032726991343
1552,-35.80978162815986
1585,-20.286229435293112
4632,-62.31148074881894
4675,-57.73686069482076
4757,-47.23202245761273
4820,-54.55765102775018
4827,-55.64449976413927
4879,-54.96441197356041
4927,-46.20913550048335
4935,-48.3217045300075
5106,-56.563403277779976
5141,-64.29015593621946
5145,-56.82990182848322
5146,-49.61952812184848
5175,-57.04029542114368
5282,-38.328439184289074
5292,-50.51331229358802
5310,-57.99407970787114
5322,-50.69696657545231
5335,-50.77042828819802
5337,-58.17642082151022
5350,-58.274604498085054
5364,-54.78421888891607
5373,-58.42889313270275
5377,-58.45694561172413
5394,-51.13773685192661
5398,-51.162224089508506
5444,-58.93383775508783
5450,-58.97591647361997
5466,-66.87783765986138
5536,28.562835003790024
5582,-52.28863701827613
5645,-40.52725208098622
5678,-52.87633072024188
5708,-60.785301370499965
5709,-57.52152471410958
5710,-60.79932761001064
5711,-47.08854921856745
5713,-34.54050477149561
5715,-71.19275319553961
5716,-60.84140632854279
5717,-53.10895947726998
5720,-60.869458807564165
5721,-65.64853784372605
5722,-53.14569033364281
5723,-65.66366533349446
5724,-65.67879282326297
5733,-38.24934369454471
5735,-60.96764248413902
5737,-53.2313956651795
5738,-60.99569496316042
5741,-53.2558829027614
5742,-69.06863568355837
5744,-53.2803701403433
5746,-63.280042228089584
5749,-53.30485737792521
5751,-61.07985240022464
5756,-53.35383185308901
5759,-61.13595735826741
5762,-53.39056270946189
5767,-65.99647010840064
5769,-61.20608855582091
5770,-53.4395371846257
5772,-66.04185257770602
5774,-57.049722114443966
5777,-66.07210755724297
5780,-56.62033421122769
5781,-61.29024599288509
5782,-53.51299889737141
5784,-66.13261751631683
5787,-61.33232471141719
5788,-63.730810998112304
5789,-53.54972975374427
5792,-66.19312747539063
5793,-71.83299279890764
5795,-44.12379429752484
5798,-53.61094784769902
5799,-71.88224199916667
5802,-66.26876492423297
5804,-61.45856086701344
5812,-61.51466582505624
5816,-66.37465735261215
5817,-69.656023559477
5819,263.0528398008596
5821,-72.0628224001166
5826,-61.61284950163114
5831,-66.4805497809914
5832,-53.8190893671452
5835,-61.668954459673934
5836,-61.682980699184654
5856,-66.67720714798142
5860,-61.851295573312974
5867,-61.89337429184507
5870,-54.05171812417334
6008,144.95289883299293
6010,-68.71532562213656
6011,-67.84202386015295
6012,-62.917289776126005
6013,-62.917289776126005
6016,-43.56688372235713
6017,-54.94550229591284
6019,-51.00016204030237
6020,-67.91766130899522
6021,-62.97339473416881
6022,-62.98742097367951
6024,-63.00144721319019
6025,-63.00144721319019
6030,-63.04352593172226
6034,-73.81937720935714
6036,-68.03868122714292
6038,-55.080182102613335
6039,-68.05380871691138
6040,-63.113657129275786
6041,-63.113657129275786
6042,264.27752331972533
6043,-68.0840636964483
6046,-71.48168857922444
6064,-68.25046608390137
6069,-71.65631740720029
6074,-71.70394345119372
6076,-55.312810859641424
6077,-49.80362113890893
6085,-55.36178533480525
6086,-76.09873347141558
6087,-55.37402895359621
6090,-74.27903641177528
6091,-68.4471234508914
6092,-71.84682158317392
6093,-55.41075980996904
6094,-71.86269693117171
6095,-68.4773784304283
6096,-63.50639183557533
6097,44.66240231314999
6098,36.52519296370264
6099,-74.34470201212068
6100,-76.21651553107311
6101,-71.91032297516517
6102,144.00890607619135
6103,-71.92619832316294
6104,-68.55301587927065
6106,-68.56814336903905
6107,-65.09767234340354
6108,-74.4267840125525
6109,-76.28381956516307
6111,-74.44320041263883
6112,-76.31747158220794
6114,-72.02145041114977
6115,-72.02145041114977
6116,-72.03732575914756
6118,-72.05320110714537
6119,-68.65890830764982
6120,-68.6740357974183
6121,-72.06907645514316
6122,-55.59441409183336
6123,-74.54169881315707
6124,-74.5581152132434
6125,-74.5581152132434
6126,-74.5745316133297
6127,-63.71678542823577
6128,-76.45207965038796
6129,-68.80083988739985
6131,-68.74967324626063
6132,-72.16432854313003
6133,112.00333991208788
6134,-68.77992822579752
6136,-55.68011942336999
6137,-72.19607923912555
6138,-63.80094286529999
6140,66.65183313847146
6141,-68.8253106951029
6142,-55.71685027974288
6143,-68.8404381848714
6144,-68.85556567463979
6147,-72.27545597911464
6151,-72.30720667511021
6154,-72.33895737110588
6163,-66.40910127843321
6166,-72.43420945909266
6169,-72.45008480709046
6170,-72.46596015508825
6171,-69.05222304162982
6172,-72.48183550308609
6173,-55.90050456160717
6174,-69.08247802116675
6177,-55.924991799189065
6180,-69.12786049047214
6184,-72.57708759107288
6189,322.73477007566544
6191,-72.62471363506634
6192,1872.1308371089324
6193,-39.81334988693571
6194,-75.13268921626597
6195,-69.2337529188514
6197,189.08925978891543
6198,-56.05967160588956
6199,-75.16552201643866
6200,-72.7040903750553
6201,-69.27913538815675
6202,-69.29426287792522
6203,-64.24978252964232
6207,-64.2778350086637
6209,-64.29186124817436
6210,-56.13313331863526
6212,-75.28043681704314
6214,-69.38502781653597
6215,-56.15762055621716
6216,-72.83109315903776
6217,-69.40015530630447
6218,-64.36199244572789
6220,-69.43041028584138
6221,-75.34610241738864
6226,-64.41809740377069
6237,-64.48822860132417
6241,-56.316787600499545
6242,-75.52668281833854
6243,763.7688101627876
6244,-77.42798814469302
6252,-64.60043851740976
6255,-73.13272477099602
6258,-69.71783259144215
6268,-64.7126484334953
6276,-56.53717273873668
6284,89.50445823163533
6411,-65.70851143875488
6412,287.423024764983
6413,-74.38687726282244
6898,-65.84669253386105
6901,-60.35718180151389
6903,478.96268409977336
6905,-70.69768121513411
6906,-60.393912657886766
6907,-49.99586603778116
6913,-69.22909755593994
6914,243.4433430660019
6916,-69.25715003496137
6917,-60.4551307518415
6918,-74.70990421503438
6919,-60.46737437063249
6921,-60.479617989423424
6922,-60.49186160821439
6930,-60.5408360833782
6937,-69.39741243006834
6940,-60.60205417733297
6942,498.1398133010768
6946,-69.46754362762182
6951,-60.663272271287696
6956,-60.70000312766057
6958,948.2791922189784
6959,-60.71224674645154
6960,-59.175580779047614
6962,-60.73673398403344
6964,-60.7489776028244
6965,-69.59377978321815
6969,-60.7734648404063
6972,87.41397254709076
6973,551.214653528674
6975,1015.6846849401228
6976,-60.82243931557011
6977,-69.67793722028232
6979,648.3198475722887
6980,-60.84692655315201
6982,48.66429845388439
6985,202.15300436132003
6988,-60.89590102831581
7033,-61.16526064171679
7071,-84.37712966448504
7081,76.75558749268313
7092,-82.50365285504152
7192,-62.14475014499301
7296,1437.181434733397
7320,-72.09045041612232
7430,1427.6351377455087
7508,-73.08329474955478
7516,-73.46502188817071
7519,-64.14046000791824
7520,643.7459967655824
7525,-67.10755421737312
8213,-68.38899572837882
8214,-68.40123934716976
8218,-91.7460861036621
8222,-78.41628443544697
8225,-79.0087105381309
8227,-84.60328252360806
8230,-88.81756859282598
8231,-94.1362146075346
8233,-42.82508712885026
8236,228.65533651893892
8237,-84.67891997245036
8238,1075.7001915998044
8239,64.538877065121
8240,-84.70917495198726
8241,-84.70917495198726
8242,-88.80824749210069
8247,-84.75455742129272
8249,-84.76968491106116
8256,-96.15432510790086
8258,-94.37177872684936
8259,-96.17147199258628
8265,-78.71083546517164
8266,-50.53529646131703
8271,-31.906147043206627
8275,-84.96634227805112
8283,-71.03648049265833
8284,575.0862840646756
8285,658.0864909846963
8290,721.7675340315283
8296,-68.90322771759881
8300,823.755465469577
8304,-78.99136025538563
8306,-29.254976899861443
8307,-85.2083821143465
8310,-79.03343897391771
8311,43.90226450329878
8313,1499.6482339698175
8314,460.9066718489006
8323,6.756205416530027
8325,590.4408143140175
8326,-83.08482124692107
8329,-34.62207835721977
8334,514.6011121114817
8337,-40.39183969783288
8343,-95.0784710847943
8351,-79.31396376413161
8354,-89.80184016868982
8357,-69.27053628132738
8365,1053.976046965789
8374,418.53965758461806
8376,-93.04298171048448
8378,917.9000814576152
8386,477.65756537983697
8387,765.842376931199
8388,545.0690865428501
8389,944.7529377952048
8395,1073.625163730837
8412,179.6304116497432
8420,-69.66233208263786
8422,-95.75151142569436
8423,-90.34160200061518
8426,-95.78516344273936
8427,-90.37335269661077
8430,-28.381160398849
9057,858.3640159709743
9058,-90.89631826728797
9302,-85.99045377122374
9308,-75.09849882582081
9309,-92.7872544883456
9321,-86.11668992682003
9323,-92.89314691672487
9332,-86.20084736388418
9336,-103.4409973204764
9339,-97.6125113836092
9342,-100.97210295219634
9343,-103.49147534604396
9344,-93.05954930417792
9349,-103.54195337161134
9351,-101.03776855254182
9352,-93.12005926325182
9353,-93.12005926325182
9354,-75.38010205801272
9355,-90.767317367361
9356,-97.75538951558944
9363,-93.19569671209412
9367,-101.16909975323264
9369,-93.24107918139948
9371,-93.25620667116792
9378,-93.31671663024176
9380,-93.33184412001027
9381,-97.94589369156294
9382,-105.80802118568072
9383,-101.30043095392354
9384,-103.84482152501634
9385,-97.9776443875586
9386,-101.33326375409628
9388,-101.34968015418268
9390,262.29872523838344
9391,172.98768951494586
9392,341.5548450481134
9399,-101.4317621546145
9402,-98.12052251953888
9404,-90.7760103554839
9405,-93.51337399723177
9407,-86.71981822578005
9408,-98.16814856353228
9409,-93.54362897676872
9410,278.3354297342267
9411,-98.18402391153006
9412,-93.57388395630568
9413,-86.76189694431213
9416,-98.23164995552344
9418,-93.61926642561102
9419,-98.24752530352126
9421,-101.6123425555644
9427,-93.67977638468489
9433,-98.35865273950591
9434,-104.26547173807886
9436,-98.39040343550158
9437,-93.75541383352716
9442,-86.97229053697255
9450,-101.85858855685986
9451,-93.86130626190642
9452,-98.51740621948396
9453,-75.9800393787694
9454,-87.05644797403679
9469,-76.07798832909701
9470,-104.56833989148396
9471,-94.01258115959102
9472,-76.10247556667892
9476,-94.05796362889642
9481,-87.23878908767591
9482,-98.755536439451
9490,-98.81903783144212
9496,-94.20923852658102
9499,-87.3650252432721
9504,-78.01026249315403
100000,-359.4909407823611
