,herbavore_resistance_G4P
1,1014.6813747198728
2,845.3448294042367
4,64.37540893750969
6,269.7725307895295
7,-52.05174316815626
8,132.8474901921525
9,-191.8654368205953
12,318.0302761006416
23,627.7289182211583
32,382.0788329545376
45,21.788146168126826
51,120.11602013657212
60,-73.8736202139179
62,555.2018941256699
66,28.69401477188732
69,213.7118444077936
74,38.39972516486578
79,260.21720136138504
80,705.2505680089131
81,780.3817544582635
83,184.12005989918512
84,279.5146312319633
85,658.5207844584195
86,392.7063564504373
87,685.6836445590577
88,-1.754033033899733
89,-161.75527380193873
91,494.2455056693643
94,861.1582640548858
96,-233.59898686664715
104,543.7746687175693
106,341.61578137189167
116,-5.3026487499781645
121,37.21085157465561
122,86.85463753616574
126,141.3127904968049
137,94.35020572685308
146,-3.863406590291909
148,513.7536757175294
149,72.54262425011527
151,310.09868044521244
153,407.0165533425906
157,-161.26056336536462
159,-155.5688461413022
160,24.908993193028856
163,-57.596667295373045
165,339.2740056725997
166,88.47043872849257
167,43.2771075625499
169,-65.28220413513752
170,674.4746418078513
173,-78.52485482261466
174,-179.9781171159847
175,203.0674589768734
178,116.035739131342
179,-77.14033934523755
183,-85.71248275556175
184,162.2782047985272
185,-149.2234212754582
187,234.00423585433376
188,65.6140646568827
190,-130.43301120563487
191,-81.36318041295588
194,30.48044955564957
196,-103.7943213264192
198,-207.8088334317967
200,81.63992206882975
202,-54.30051798746268
203,14.575681773593084
204,-109.94518247347116
205,203.8136482870873
206,132.7801689511655
207,94.41961171950152
208,-163.8375018883798
210,119.95646649220352
212,-151.00914523311093
213,-69.30073524468368
214,-25.87878115305361
215,-76.09411108704585
216,-121.6985573645102
217,-157.0440859582897
219,-94.15153797269342
222,-64.75955331163526
223,-125.89950869714252
224,-101.92471909530488
230,-120.29187810071744
231,-117.9236730744874
236,-131.18274358057624
252,-122.7726501201969
262,215.162538750642
263,26.491587762974355
267,956.4941967757084
269,147.34777889328285
273,-126.92882245669855
282,-135.6868913413273
287,-122.58351179632028
288,-49.63830644547423
295,-120.71977578787278
296,-122.52788287753307
314,-160.11108911567754
318,43.67579991160186
320,-92.32529972782406
321,-51.867534175782254
323,-80.02560108579915
326,-77.56484150570255
327,-189.13112685534563
328,-129.2721497936504
332,-36.630518188722576
334,-113.05034658749116
338,-122.29424141862664
339,-48.95983744799958
340,-113.23498070835502
341,7.992806431584676
346,414.6168224914506
347,-78.95952496402106
348,21.522841365169228
349,-75.25372815531709
355,-9.986059537724898
357,420.247144309898
359,-122.18298358105218
361,-35.02808407815679
363,166.68674989582186
364,277.2810291573203
366,-101.8448455139551
367,-76.61721059719491
368,-110.76763551471656
369,-93.03071191131488
371,-19.19519410901179
372,-57.568786564668656
374,-201.82406441131465
375,-98.04575661597222
377,108.73322902239944
378,42.502404500716246
379,459.9054789458385
380,-147.09110095551918
383,554.6948664783484
385,67.38142575032873
386,196.70672237732373
387,-53.26442157247769
389,-149.37187366427054
390,455.5616460728915
391,117.6553716332678
392,-121.99384525717556
393,-51.23312971086717
396,-156.14668782799367
397,-73.81839258251837
466,-142.26049371536834
992,-118.6561101299414
996,-118.63385856242648
998,-155.13488413601974
1026,-154.93117983860688
1061,-182.8198579418448
1062,-205.1971144757263
1063,-154.6692743133617
1064,-178.14801498860973
1068,-182.75107026976312
1070,171.59351241703524
1072,-148.81811048985406
1073,-94.02103803146578
1075,-154.5819724716133
1158,-105.85281159565366
1163,-90.29750037229812
1166,-110.15983819531355
1169,-149.2637928733326
1247,-171.05333124113127
1254,-181.1517568938624
1256,-203.324660760978
1257,-171.19791791823425
1312,-149.3846012875285
1313,-170.85052645568538
1317,-163.7189678355119
1318,-209.54716678122784
1360,-206.8949803392028
1362,-177.5844670538391
1363,-180.22312332075867
1366,-161.42083141940688
1374,-110.44964351067657
1391,-150.63966764913027
1404,-196.89541850525944
1435,-96.68084608211102
1552,-200.46772107249583
1585,-175.3528311949706
4632,1.1894671070489902
4675,-10.016237798640049
4757,-97.71738509842538
4820,84.9590803556121
4827,253.9888184094333
4879,-110.15518191916206
4927,233.80058832853112
4935,-96.72719034401258
5106,-124.52389921186702
5141,-165.8369791729234
5145,-119.18749813571368
5146,-95.54785726572314
5175,138.45531972086778
5282,1084.8291437013531
5292,-89.03576843849821
5310,-53.37784380800627
5322,-89.75003706077602
5335,-94.50203359252308
5337,188.48299972099292
5350,-37.041614174005375
5364,353.4781563057626
5373,242.8062855132669
5377,177.21019411891456
5394,411.45432248252
5398,1412.715457276058
5444,78.19165231964296
5450,269.0138768856052
5466,304.4223667164089
5536,344.9910311292793
5582,159.3203426152057
5645,1586.8254850986243
5678,-92.58839878624212
5708,-65.10282111842314
5709,1048.5594554846252
5710,216.81214385012365
5711,181.6494996746668
5713,1368.1081686298032
5715,35.9529500415312
5716,587.0795587830175
5717,270.8046383398012
5720,439.19511765709336
5721,152.34901014358803
5722,-92.34363154357828
5723,119.73887294141969
5724,87.55312878829888
5733,193.46486878171564
5735,-120.67975725932466
5737,634.1705306547426
5738,-120.65065664540852
5741,63.317027899596205
5742,-160.02658156324037
5744,97.09959221008502
5746,220.3559779864966
5749,293.7559516191116
5751,301.7393212566925
5756,-92.15449321970168
5759,-119.42031241996608
5762,-92.12111586842934
5767,196.88038812036697
5769,-115.20172359440376
5770,-63.02229312210736
5772,-142.3039190856927
5774,838.6993342240077
5777,-123.51997741381282
5780,577.0392121926997
5781,-115.07117489524222
5782,51.39469656910431
5784,-131.67017639434937
5787,-43.190544808870605
5788,217.84316166832983
5789,62.91507111603157
5792,128.20689240805552
5793,918.634724673514
5795,15.240306200882426
5798,35.55779149983583
5799,362.95381183441305
5802,24.79358143613025
5804,539.0836907558032
5812,167.09988426905366
5816,-141.92558688924308
5817,-159.3123466411199
5819,-141.90838997122262
5821,-172.18786753561673
5826,-117.73856564617614
5831,-141.80520846310003
5832,-91.73171343691872
5835,-119.95224191142144
5836,-119.93769160446342
5856,-141.58164852883434
5860,-110.2140689960422
5867,-112.45489353371217
5870,-91.52032354552718
6008,-118.68636520606992
6010,-2.0880608404538594
6011,-140.25748584126055
6012,-113.26854220864364
6013,-118.65726459215378
6016,-90.70814133123352
6017,-90.70814133123352
6019,-90.69701554747608
6020,-140.1715012511584
6021,-118.59906336432154
6022,-108.18219996171766
6024,-118.5699627504054
6025,-112.8447669711153
6030,-108.4802814251164
6034,-171.18942257785486
6036,-137.01263543901345
6038,-80.01162952974279
6039,-140.01672898897445
6040,-115.08216134132836
6041,-118.4535602947409
6042,-139.9823351529336
6043,-139.9823351529336
6046,-138.0359179417697
6064,-109.40567395309024
6069,-119.66623661244456
6074,-120.34116319905898
6076,-90.37436781851012
6077,94.00411637346892
6085,-64.11089559055218
6086,-129.5468506359214
6087,-90.31873889972286
6090,-159.32341399951366
6091,79.95699888817433
6092,-131.98013879515923
6093,-90.28536154845052
6094,36.70249655442889
6095,-130.86677932409356
6096,-114.18074060152206
6097,-171.09484205273102
6098,-94.2422500326549
6099,-170.51676981354316
6100,-174.19438302440423
6101,-155.0791541795077
6102,-191.4578741838163
6103,-156.55192518535688
6104,-131.4159766283973
6106,-128.10881182894994
6107,-167.4866322589101
6108,216.31759384807071
6109,-135.7451762570597
6111,-157.4459785293804
6112,-179.64034445267473
6114,-139.78629593052415
6115,-156.43610330609408
6116,-151.8443703505093
6118,-156.39749601300645
6119,-139.32885226815694
6120,-130.3934420895581
6121,-147.09022323875476
6122,-90.1184747920888
6123,-168.63868978763566
6124,-145.26953838199688
6125,-170.24350462804156
6126,-164.3658308654991
6127,-91.88210738490714
6128,-181.7468126538908
6129,-103.16169463588736
6131,11.185522343647053
6132,-156.26237048719992
6133,-90.06284587330158
6134,-139.19127692399343
6136,-90.04059430578668
6137,-151.54483315177515
6138,-111.78344664483076
6140,-156.18515590102473
6141,-136.98089907720626
6142,-90.00721695451435
6143,-139.1224892519117
6144,-139.1052923338912
6147,-138.52961830352135
6151,-143.95930585451708
6154,-145.31702159445615
6163,-126.76886339146388
6166,-155.45752767087143
6169,-80.44284256370963
6170,-146.687688368974
6171,-133.9613765051384
6172,-140.18702796309563
6173,-89.84033019815263
6174,-126.3540473953831
6177,-62.734015199332376
6180,-138.79574780952336
6184,-79.23460141002207
6189,-155.72186838397351
6191,-144.79410566279947
6192,-89.72907236057816
6193,-117.34773696592804
6194,-132.4062056110092
6195,-138.67536938338029
6197,-138.65817246535988
6198,-89.69569500930582
6199,-169.46574986930614
6200,-151.64892548015663
6201,-138.62377862931896
6202,-133.79342101549744
6203,-117.27498543113776
6207,-117.2458848172216
6209,-117.23133451026352
6210,-89.62894030676112
6212,-117.76606091487896
6214,-121.34212410079792
6215,-82.15730131462261
6216,-122.50060540405192
6217,-124.00375406902852
6218,-111.12878048247508
6220,-121.05935547167437
6221,-158.30116277701228
6226,-80.82233469045667
6237,-117.02763021285064
6241,-89.46205355039942
6242,-169.0033010938419
6243,-147.7814290802442
6244,-177.1675750243325
6252,-116.91122775718613
6255,-126.73692290040036
6258,-138.12506800672628
6268,-112.76061365980652
6276,-76.83865698151651
6284,-168.56187271726236
6411,-115.7617535074991
6412,-153.55985997106825
6413,-153.55985997106825
6898,151.40579926796752
6901,-42.44045797120751
6903,-85.77941912668433
6905,1876.4290719721507
6906,-85.75716755916943
6907,-85.75716755916943
6913,-110.7435823495195
6914,-132.4844788960226
6916,-108.9661528455031
6917,-71.31267058129372
6918,-90.35197398793484
6919,-85.69041285662476
6921,-79.36342329126342
6922,-83.129718791381
6930,-85.62365815408008
6937,-16.389181711413425
6940,-82.0025910079593
6942,-85.5569034515354
6946,-111.862271242738
6951,-85.51240031650562
6956,-85.47902296523326
6958,-148.2899644646116
6959,-85.4678971814758
6960,422.01178525374735
6962,-85.4456456139609
6964,-10.234982656267952
6965,-107.51748498493096
6969,-26.555446027257187
6972,-85.39001669517368
6973,-131.98576827342987
6975,-85.37889091141622
6976,-27.2688585822091
6977,-91.54218105411964
6979,-85.35663934390134
6980,54.89043791802449
6982,-111.60036571749283
6985,-107.28245829825406
6988,-2.159304183503594
7033,164.84772895253786
7071,-166.68244730195022
7081,999.1320128281484
7092,1014.2134824303864
7192,-84.16618048185444
7296,-109.31596752507684
7320,350.3567078489072
7430,-128.0476740467495
7508,39.934789910852096
7516,-104.04170347924136
7519,-22.85807023550685
7520,-107.68633314577367
7525,-107.65723253185756
8213,-73.53598038122092
8214,-23.21308774241145
8218,-139.51283696303372
8222,-98.86659044197194
8225,762.3527158263428
8227,-113.7501585803109
8230,-32.690096480142394
8231,-78.86052183512011
8233,-34.551798347543034
8236,-78.35852136046691
8237,-121.117316084513
8238,-78.34739557670947
8239,-46.31637092865582
8240,-121.08292224847212
8241,-121.08292224847212
8242,-54.31378549484808
8247,-116.6300066689944
8249,-92.24284922761598
8256,-127.4469497368167
8258,-84.02457226240142
8259,6.795124535869839
8265,-41.91105742364871
8266,-65.833213491055
8271,-78.16938303659033
8275,-116.63617668570151
8283,-102.14266619475136
8284,-78.09150255028818
8285,-102.1281158877933
8290,-102.0844649669191
8296,-78.02474784774351
8300,-102.0117134321288
8304,13.066721831777414
8306,-55.19698164055587
8307,-120.51542395379768
8310,-9.211845801144712
8311,-74.4579416232323
8313,-101.9244115903804
8314,-77.92461579392649
8323,137.1776170683675
8325,-101.83710974863205
8326,-66.12759759543644
8329,-77.84673530762434
8334,-101.76435821384172
8337,1624.051897650389
8343,-123.85167415608886
8351,-101.6479557581772
8354,212.4519073738889
8357,-77.69097433502007
8365,-120.01671333120495
8374,-77.59084228120307
8376,-125.25946335532048
8378,-97.36516848655246
8386,-137.77581006683403
8387,-101.38605023293208
8388,-101.371499925974
8389,-101.371499925974
8395,-98.06380703299048
8412,-101.19689624247724
8420,-77.33494925478178
8422,-153.44988879775966
8423,-46.40712355550172
8426,-144.23064319674498
8427,-134.12108790146428
8430,-63.561614851452624
9057,-114.0665796961334
9058,-114.04938277811296
9302,-94.72200964613884
9308,434.629583733281
9309,1003.0532001680508
9321,-58.552535147220745
9323,-100.82090632329982
9332,60.41022987232991
9336,-138.23621236817505
9339,-112.26646990245226
9342,-125.1922331708747
9343,-135.55156994800328
9344,-106.69266314651423
9349,-141.63163715521816
9351,-125.15200321375212
9352,-111.52143582910855
9353,-111.52143582910855
9354,-72.13920824005383
9355,-111.50423891108812
9356,-122.45408593513872
9363,-111.43545123900635
9367,-136.1694380358784
9369,-111.38386048494505
9371,-100.08586245340156
9378,-111.29787589484285
9380,-111.28067897682244
9381,-53.26316562382357
9382,-112.98926279121667
9383,-89.61289127446756
9384,-109.73847322130274
9385,-122.13618921778856
9386,-100.09006829401956
9388,-125.96630924735985
9390,-124.81673026735392
9391,-111.19469438672022
9392,-43.87192717449995
9399,-130.49360341281104
9402,-84.34507152435032
9404,120.97649865160685
9405,-111.07431596057717
9407,-84.23750957152976
9408,-74.88010664162624
9409,-111.03992212453628
9410,-93.93629307040338
9411,-124.62369380191598
9412,-111.0055282884954
9413,-93.92174276344532
9416,-124.56578286228458
9418,-86.8677102434063
9419,-60.22589613050545
9421,96.95609637731155
9427,-106.76950338477351
9433,-106.34121694683098
9434,-144.64310419509596
9436,-71.38489603766725
9437,-74.47912502860146
9442,-90.90963419437166
9450,-131.5093607015796
9451,-103.11163091845675
9452,-124.2183172244962
9453,-71.5940448359389
9454,-93.616186317326
9469,-71.50503856587933
9470,-132.7232750922316
9471,-110.50681766590267
9472,-71.48278699836445
9476,-84.9519289644919
9481,-93.42703232687114
9482,-119.74797930819813
9490,327.12060174675184
9496,321.847370825653
9499,441.8043913752518
9504,46.67647178098117
100000,749.7349763993868
