,herbavore_resistance_G2H3B
1,11762.7352344213
2,24272.98750940267
4,8553.424728613843
6,19712.17143351112
7,1013.7643774852407
8,21007.37294924293
9,-5072.171387617852
12,3455.694244242117
23,18526.777240090323
32,15337.197528619405
45,514.391201575295
51,1619.9742756783312
60,-1328.3793445439103
62,14379.247593467551
66,6485.641942173708
69,8022.735325826905
74,-3380.283532947812
79,13673.359494604189
80,12388.342994126277
81,4719.478096355563
83,17271.020459357118
84,5546.205339289098
85,23359.592693851093
86,7385.580505418651
87,4690.492625936034
88,497.9206264871443
89,-4662.670621227776
91,3398.0430293972368
94,21998.371268307583
96,-5437.119897635076
104,14202.044801374115
106,10376.3754893341
116,1454.517562196762
121,-1032.8090909719142
122,7194.078187450328
126,1442.3805771294196
137,-832.7796795564201
146,-785.000048277787
148,11722.769262796275
149,963.5676069123916
151,1899.7977650833648
153,5071.4664971391
157,-1619.0910443192136
159,-4692.618433445345
160,-1177.87933364498
163,-1022.6370836091756
165,-65.92363882851106
166,745.4311174402974
167,-2008.6109344557503
169,-1414.4217635311377
170,-770.6641108036459
173,-1322.3091777214945
174,-3992.452113396659
175,2150.6956798733404
178,-1909.0063712155577
179,-2943.624546658347
183,-1560.5258950182024
184,-169.24627934854095
185,-2240.8352190786945
187,1721.933352445061
188,336.1818869559607
190,-3868.105552024672
191,-1150.0205189716266
194,-3735.2708631980745
196,-1031.461207141695
198,-2713.557666212844
200,-1348.301259267148
202,-2407.5591871905644
203,60.66093190176108
204,-3638.516390766403
205,2679.71192086224
206,2145.056754973063
207,-3408.4792325439694
208,-3677.600517275428
210,-1110.0102727154224
212,-2697.805894285192
213,-2650.789165585234
214,-328.7232857234812
215,-3814.372841898049
216,-1982.418626630528
217,-2873.7265785532963
219,-3694.397516955204
222,-2766.157058709832
223,-2577.3076179039376
224,-2506.2277770223723
230,158.20088445678962
231,-3640.674020569242
236,-3542.174290360248
252,-1893.468140093756
262,5503.694353348451
263,6601.582961925859
267,863.9177124263302
269,6877.343554657378
273,248.94977549136348
282,-253.8409834664965
287,-587.7912963380628
288,744.510655493382
295,965.1491880196354
296,4001.667119667016
314,1204.2724183144112
318,1171.9580587300825
320,-1170.17770969612
321,8044.616220050243
323,1014.3264414946666
326,838.4913590577985
327,-2324.078389508328
328,3819.037597052096
332,2791.673531040047
334,-1392.394813077571
338,-1547.1549453920968
339,1551.107523929791
340,-559.5901025379851
341,1273.8361575131937
346,10391.89507831479
347,-845.1213356782215
348,861.6706499160562
349,-1119.769616170088
355,3656.2344058802105
357,22133.109976632048
359,-1178.7693717352474
361,924.9158133622489
363,872.424925039144
364,-430.10181508861984
366,1163.0630675753275
367,-1028.7426017034409
368,-2154.918948696163
369,668.7081513566509
371,1991.7055242767767
372,400.7522802310599
374,-1143.743932196444
375,-1641.10199942572
377,8367.71881781343
378,214.9847684902481
379,3875.855530097941
380,-1551.6795673103786
383,6056.919783751594
385,683.3620464528233
386,5625.397825342516
387,2820.140017909345
389,-836.3446637123509
390,3245.1307892455247
391,5787.663300153349
392,7727.677136880639
393,1144.9743820553074
396,1097.2043462054353
397,5961.152187455247
466,-4599.94226594332
992,-3955.576193503096
996,-3954.7245617763215
998,-4489.566978787616
1026,-4478.813585776681
1061,-4783.799827716
1062,-5000.397885202149
1063,-4450.084015848187
1064,-4798.375713586726
1068,-4797.338608760849
1070,-1890.8304378053049
1072,-4471.679112543958
1073,-3937.1566921610697
1075,-4471.195656699535
1158,-3920.233476841963
1163,-3919.381845115189
1166,-3491.2459508809293
1169,-4448.473232011647
1247,-4745.926858207531
1254,-4749.113234357638
1256,-4964.849181467608
1257,-4748.594681944703
1312,-4403.101352736247
1313,-4734.075214382443
1317,-4730.458126316806
1318,-5085.155467871034
1360,-5088.111227318912
1362,-4936.11429486343
1363,-4247.782683662419
1366,-4543.1991068833895
1374,-3874.245363596153
1391,-4928.523947458558
1404,-4924.728773756113
1435,-3374.460745724543
1552,-4884.608366044632
1585,-4663.552086222915
4632,2855.339512818292
4675,7868.393474944341
4757,9122.487395656788
4820,-3151.23534800118
4827,11363.055764678564
4879,-1173.2055801548845
4927,21775.80885403795
4935,2630.931569911075
5106,-3496.5486743424417
5141,-3864.940490422464
5145,-3475.6056405270924
5146,-2409.256437482687
5175,3217.863562780022
5282,16470.40986715702
5292,-3040.072087220768
5310,10780.072729371826
5322,-369.6788957928088
5335,1115.9290795413303
5337,11437.674777548147
5350,6664.579478603142
5364,-1303.6761656872573
5373,-1988.48098079132
5377,-57.57365518488678
5394,10026.37195288856
5398,13744.684944690553
5444,-1268.3293325097477
5450,-625.3740641673236
5466,-2412.596835810032
5536,26553.252371662853
5582,13985.897845869433
5645,21098.49544078772
5678,-2654.820257463272
5708,-2669.5936754609074
5709,17499.657492258408
5710,24884.071227119373
5711,11660.470436397807
5713,19876.19064068949
5715,5727.012782355154
5716,11456.185902127596
5717,13165.352144218828
5720,-2160.45447418831
5721,15761.840736520267
5722,-2948.521676592537
5723,5469.263673483756
5724,19197.478940172983
5733,725.8710419083108
5735,-3344.743539193568
5737,30228.560456855223
5738,-3324.059910838246
5741,5375.576844417586
5742,-3671.972880627008
5744,1341.724847215495
5746,-2441.826376040276
5749,32231.368542186254
5751,23634.970585029423
5756,-2941.282806914956
5759,-3324.498522921943
5762,-2902.998669571145
5767,4038.971097111315
5769,7702.31521269843
5770,2600.93371002098
5772,-3577.7033335312835
5774,8508.501230665073
5777,-2566.0417254884105
5780,16706.45117461436
5781,-3333.624054771833
5782,5826.241146530543
5784,-3394.66995286824
5787,4439.044263182708
5788,6230.523696092359
5789,9635.640368297063
5792,7945.305048257866
5793,15388.69633819601
5795,1781.988577154995
5798,2470.8124931661587
5799,6120.885430599012
5802,2677.7698146711145
5804,22192.152211676457
5812,13316.511503490354
5816,-3566.295180446653
5817,-3716.136121630601
5819,-3565.776628033716
5821,-3820.166578303641
5826,-3305.2668285201025
5831,-3548.3508687984986
5832,-2908.572124048813
5835,-3320.5707469724093
5836,-3320.087291127986
5856,-3555.924132187898
5860,-3301.7574204324933
5867,-3312.8354534616387
5870,-2917.011302701889
6008,-3258.6994578642407
6010,-2610.101098627284
6011,-3515.995596391691
6012,-3277.543176818748
6013,-3228.865261522982
6016,-2885.9267446746285
6017,-2885.9267446746285
6019,-2885.5009288112424
6020,-3513.402834327004
6021,-3257.9301874521625
6022,-3275.1258975966325
6024,-3274.6424417522094
6025,-3239.1996984522266
6030,-3265.704997091954
6034,-3784.510201706042
6036,-3504.3590194904004
6038,-2690.3900384790377
6039,-3508.7358626105624
6040,-3270.7747949968248
6041,-3270.7747949968248
6042,-3363.968346260104
6043,-3507.698757784688
6046,-3464.1024234107936
6064,-3490.3525948283136
6069,-3656.123431734469
6074,-3361.286445626002
6076,-2873.1522687730144
6077,-915.6325634365318
6085,-1821.854867621238
6086,-3846.817714016141
6087,-2867.891619138501
6090,-3555.721935680436
6091,-1128.517117348057
6092,-3646.142965025503
6093,-2869.7457418659187
6094,-1688.0841551821795
6095,-3436.625434117141
6096,-3257.238031352977
6097,-3853.357397695244
6098,-3493.1792902224306
6099,-3766.61760828679
6100,-3852.213527866491
6101,-3639.8846851430594
6102,-3918.879930652216
6103,-3651.176912752245
6104,-3491.6236329836192
6106,-3463.65348012239
6107,-3734.626001677696
6108,5926.954938568232
6109,-3831.064025733356
6111,-3763.26274702068
6112,-3848.781918380226
6114,-3633.1285730787263
6115,-3647.923906721583
6116,-3647.381739049807
6118,-3608.162376104997
6119,-3487.9937660930555
6120,-3487.4752136801167
6121,-3646.297403706252
6122,-2863.3585039151126
6123,-3759.907885754568
6124,-3718.517618148045
6125,-3735.511945668288
6126,-3757.197817787532
6127,-3232.607288665203
6128,-3828.48517460172
6129,-2749.2114792469024
6131,-1018.220645325492
6132,-3638.0584381622
6133,-2861.229424598176
6134,-3483.8453467895506
6136,-2860.377792871402
6137,-3638.815856618847
6138,-3247.0854586200903
6140,-3640.875726988483
6141,-3476.5235134315267
6142,-2835.5887596192943
6143,-3340.434628781511
6144,-3466.6938989753985
6147,-3639.249223973156
6151,-3598.635237672647
6154,-3625.853307626209
6163,-3631.265414650942
6166,-3600.537407571758
6169,-3558.348300003338
6170,-3632.743211911832
6171,-3474.5114033566715
6172,-3632.201044240053
6173,-2852.713107330432
6174,-3465.772057985844
6177,-2837.0561308185474
6180,-3471.918641291984
6184,-3592.8038593990414
6189,-3618.448527390051
6191,-3618.2392142758968
6192,-2833.433499614024
6193,-3234.032150820664
6194,-3732.806085938539
6195,-3468.2887744014192
6197,-3396.630178868564
6198,-2847.1775011064
6199,-3726.646694773807
6200,-3624.610696835181
6201,-3466.733117162606
6202,-3411.8794746335625
6203,-3139.755266124933
6207,-3146.08233163882
6209,-3230.1645040652784
6210,-2798.410790080608
6212,-3727.632997838947
6214,-3463.103250272044
6215,-2781.0919885685653
6216,-3600.907589935602
6217,-3435.0866990337227
6218,-3227.747224843162
6220,-3372.769375090679
6221,-3666.27496101982
6226,-2430.034982049484
6237,-3223.3961222433536
6241,-2838.2353679752705
6242,-3723.129656802147
6243,-2699.710520872482
6244,-3783.6048349854727
6252,-3219.528475487969
6255,-3609.972169697205
6258,-3451.6950971874103
6268,-3215.660828732582
6276,-2830.570682434302
6284,-3704.23699252677
6411,-3181.335463778539
6412,-3543.0639851567453
6413,-3561.038103604237
6898,8585.475481889454
6901,-2153.7732995247893
6903,5077.419347287309
6905,806.6829091897242
6906,-2645.0734050556766
6907,-1818.3713261872592
6913,-3059.9880468283263
6914,-2711.914266152366
6916,-3059.02113513948
6917,-2694.3096061504225
6918,-3280.5728009179584
6919,-2302.2544525704334
6921,-2693.457974423646
6922,-2693.03215856026
6930,-2686.326288128414
6937,-2758.347558737089
6940,-2637.225631937305
6942,-2688.773999926388
6946,-3047.162741103414
6951,-2585.544795787473
6956,-2652.319723823932
6958,-3419.129149231745
6959,2757.2056191326897
6960,9721.268120531226
6962,-2646.1402611113926
6964,-2098.983914937158
6965,-2848.107184981141
6969,-2436.0567531782744
6972,-2663.879731384769
6973,-3266.5718857686384
6975,-2657.355959336841
6976,-1994.1668427945765
6977,-3044.5174598067847
6979,-2681.1093143854205
6980,-2597.0288442736914
6982,-3022.405446486576
6985,-3042.583636429092
6988,-1343.6137452596026
7033,-2439.592576172545
7071,-3495.237991675112
7081,5764.903711523217
7092,10680.354098396296
7192,-2635.5470170029976
7296,-2786.901557171354
7320,11530.20493651961
7430,-3124.2326392782807
7508,116.81183497589876
7516,-2913.9843818125305
7519,1391.5694373584515
7520,-2795.0050022088003
7525,-2282.4074647924785
8213,1882.90814168522
8214,20537.94592286452
8218,-3163.439569310093
8222,-2743.324468731153
8225,-736.3716817190253
8227,-2941.439522856675
8230,-1976.0057742619283
8231,-3132.2900700618115
8233,-2030.7324182719924
8236,-2413.2711363149174
8237,-2938.8467607919856
8238,-2412.84532045153
8239,-686.4216605534383
8240,-2930.4974479135826
8241,-2904.264703449792
8242,244.1881324585873
8247,-2929.018868333219
8249,-2502.5525820269445
8256,-3292.152934598776
8258,-3229.8673975247275
8259,-2799.724330271762
8265,-2665.6208128146604
8266,-2406.8838983641094
8271,-2406.032266637336
8275,-1442.6358863937592
8283,-2728.820793398459
8284,-2327.5863729714174
8285,-2525.404658257214
8290,-2726.886970020768
8296,-2371.473526498172
8300,-2706.717317805648
8304,-1715.0492652152057
8306,-2411.541302652498
8307,-2920.6974263391653
8310,-2557.6374266572616
8311,-2665.18868875236
8313,-2658.7598257386194
8314,-2396.664317642819
8323,6519.951079164866
8325,-2701.6838811588027
8326,-3143.7316998790047
8329,-2393.6836065991097
8334,-2228.10851971832
8337,14581.833763780143
8343,-1955.8270085070144
8351,-2691.877721185561
8354,5283.274002175329
8357,-2387.722184511689
8365,-2769.861269619857
8374,-2383.8898417412056
8376,-3126.638659542919
8378,-2664.5094651548507
8386,-1941.475647912963
8387,-2699.045728607196
8388,-2703.197633644031
8389,-2703.197633644031
8395,-2503.5520917296944
8412,-2697.3961635109554
8420,-2374.096076883302
8422,-3165.7785252714325
8423,-2709.22330463194
8426,-3184.60134356412
8427,-2949.0824585579394
8430,-2371.966997566365
9057,-2703.743406663636
9058,-2725.7217190745746
9302,1128.0566736401313
9308,31330.626100385245
9309,29118.68271857969
9321,-1803.178209680456
9323,-2657.272800566793
9332,-1170.910010587524
9336,-2926.822836404689
9339,-2760.832646403069
9342,-2859.6867793483443
9343,-2925.10703166156
9344,-2651.56872402448
9349,-2923.39122691843
9351,-2822.7938645517584
9352,-2629.628499872436
9353,-2649.494514372726
9354,-2175.240068681512
9355,-2648.975961959789
9356,-2769.070110771276
9363,-2646.9017523080383
9367,-2852.977056816123
9369,-2645.346095069224
9371,-2644.8275426562864
9378,-2642.7533330045376
9380,-2642.234780591599
9381,-2045.6935808448693
9382,-2951.73312357548
9383,-2841.536896521606
9384,-2913.096398459643
9385,-2761.479763366398
9386,-2839.1098755613425
9388,-2735.700549347292
9390,-2759.853260351067
9391,-2639.64201852691
9392,-807.6035035748954
9399,-2811.7543611824626
9402,-2756.6002543204067
9404,2698.0219882674623
9405,-2636.012151636345
9407,-2457.118608832642
9408,-2741.357866584414
9409,-2609.3460657454407
9410,-2439.5863665210563
9411,-2734.626888228758
9412,-2624.9905839253547
9413,-2455.668241299373
9416,-2746.7684376738443
9418,-2622.553683016561
9419,27.955337758575546
9421,-864.1489212469728
9427,-2595.76391426892
9433,-2741.7961248319875
9434,-2894.5796066144862
9436,-2747.3834039001986
9437,-2623.4089816840365
9442,-2448.416403633026
9450,-2777.8108265781943
9451,-2599.0508123880954
9452,-2727.3434939376343
9453,-2121.644179196688
9454,-2428.670474627628
9469,-2150.968564468447
9470,-2867.216107752217
9471,-2618.8999220094
9472,-2129.6297064165706
9476,-2601.6119395710025
9481,-2420.861870597846
9482,-2028.6997755194725
9490,4551.392740932592
9496,5386.900946832807
9499,4834.790453238715
9504,9294.983765051888
100000,21803.05310950012
