,herbavore_resistance_G4MSB
1,-60.99472460027863
2,-83.09907926123525
4,400.8374070736929
6,-102.81788220432074
7,-102.81788220432074
8,-102.82904179881884
9,-102.82904179881884
12,-94.0452647220862
23,-88.37883567045063
32,230.9225532503532
45,-84.65440029498065
51,-94.23914288922884
60,-80.50461202794104
62,-89.12437974610263
66,-117.27093590749196
69,-113.8217305887803
74,50.32678259651252
79,23.93960205922866
80,-94.39220460013088
81,-67.48789373477584
83,24.42007607876203
84,-109.39939075108732
85,58.10410397675331
86,-94.4228169423113
87,-18.892324579407955
88,-109.42303852076328
89,-94.43302105637146
91,-83.5715795310004
94,-94.46363339855188
96,-113.99410554889232
104,-114.04335553749576
106,-80.70499347715355
116,-80.748554661765
121,-97.0617398377415
122,-103.46513868520758
126,-114.1787930061552
137,-103.54325584669384
146,-80.87923821559924
148,-94.73914447817556
149,-94.73914447817556
151,-103.6213730081802
153,-94.75955270629584
157,-94.7799609344161
159,-94.79016504847624
160,-80.94022387405523
163,-103.68833057516856
165,-71.8464370527264
166,-109.88417002944426
167,-109.88417002944426
169,-80.97507282174436
170,-80.98378505866664
173,-80.99249729558892
174,-103.7552881421568
175,-74.69673874870413
178,-114.4989179320774
179,-81.01863400635578
183,-107.9380046626012
184,-94.922818531258
185,-109.9905849929861
187,-103.82224570914508
188,-103.83340530364312
190,-94.95343087343846
191,-103.8445648981412
194,-114.59741790928418
196,-97.45171070065184
198,-110.07335218685202
200,-95.00445144373916
202,-103.91152246512948
203,-81.12318084942316
204,-81.13189308634546
205,-70.02033886096011
206,-48.56216680202882
207,-95.0350637859195
208,-114.68360538934016
210,174.74638981412758
212,-103.96732043761972
213,-95.06567612809992
214,-81.17545427095688
215,-81.17545427095688
216,-95.08608435622024
217,-82.27825838211544
219,-95.09628847028034
222,-104.02311841010996
223,-104.02311841010996
224,-62.0948532155262
230,-81.24515216633515
231,-61.553919381012776
236,-95.18812549682156
252,75.45303578869539
262,-22.00052971176221
263,-81.38454795709167
267,-95.34118720772368
269,28.33211986501374
273,-95.37179954990404
282,-95.42282012020472
287,-81.48909480015907
288,-81.49780703708136
295,-81.52394374784821
296,-81.5326559847705
314,18.960573106186647
318,-95.60649417328725
320,-81.6372028278379
321,-71.09778443730488
323,-95.62690240140752
326,-81.66333953860473
327,-104.60341732400845
328,-95.65751474358794
332,-95.6779229717082
334,-110.87737635583434
338,-42.94715596444401
339,-81.71561296013847
340,184.0683154663324
341,-81.72432519706071
346,-68.0913221096111
347,-81.75046190782756
348,-99.94212754033046
349,-81.75917414474985
355,-97.2222204861295
357,-82.90393748814745
359,-81.80273532936127
361,-81.81144756628355
363,-81.82015980320584
364,-96.89513183308148
366,-81.83758427705041
367,-104.82660921396943
368,425.2011007814248
369,-95.8615970247907
371,16.84385205790832
372,-111.10203016775586
374,-115.70554265286096
375,-95.89220936697106
377,-111.1256779374318
378,-104.89356678095766
379,-104.89356678095766
380,-95.92282170915148
383,-104.91588596995372
385,-81.91599440935096
386,-104.93820515894988
387,-115.77941763576608
389,-111.1966212464596
390,50.33029855109533
391,-95.9738422794522
392,-25.95200877404262
393,-81.95084335704007
396,-96.0044546216326
397,77.23442265102017
466,-96.36159861373744
992,-84.56451443372508
996,-84.58193890756966
998,-99.07589295373404
1026,-99.21875055057598
1061,-108.69898850479198
1062,-115.18127043685764
1063,-99.40242460365845
1064,-108.72130769378812
1068,-108.74362688278426
1070,-84.90429167369416
1072,-99.45344517395915
1073,-84.91300391061642
1075,-99.46364928801924
1158,-85.28763009827458
1163,-85.30505457211916
1166,-85.32247904596372
1169,-99.94324264884575
1247,-109.73683079311051
1254,-109.78146917110264
1256,-116.32818726614126
1257,-109.79262876560072
1312,-100.67793886117568
1313,-110.10509741154608
1317,-110.12741660054223
1318,-121.51704130806417
1360,-121.7756037482319
1362,194.01599188301225
1363,-110.38408727399724
1366,-49.84986973135943
1374,-0.9335492438166352
1391,-104.99618905436448
1404,-117.20315474415156
1435,2988.8427597130985
1552,-118.07812222216172
1585,-111.6228022632806
4632,-141.91884908702886
4675,-98.7027790206613
4757,-100.96094432146222
4820,-118.57595492265712
4827,-143.11316131066187
4879,979.3225650990768
4927,-119.11677296784435
4935,-101.73633340754546
5106,2951.8465636780747
5141,-139.29017162149083
5145,-120.2290214003994
5146,-102.65983052130748
5175,-120.38208311130144
5282,-132.25689249017125
5292,-103.29582381663415
5310,-121.0759628673908
5322,-103.4265073704684
5335,-103.47878079200208
5337,-108.3035784088057
5350,-121.2800451485936
5364,-132.71443586459122
5373,-121.39229040325505
5377,-121.41269863137536
5394,-103.74014789967062
5398,-103.7575723735152
5444,-106.63463555194328
5450,-121.79025085160042
5466,-141.21746485008094
5536,-104.35871672115272
5582,-104.55909817036525
5645,-134.27677909431793
5678,-104.97728554263482
5708,-123.10658156535824
5709,-103.5767707155934
5710,-102.51403528436424
5711,511.490672246442
5713,-88.5940669314904
5715,-148.5799100456408
5716,-123.14739802159876
5717,-74.80921614225961
5720,-123.167806249719
5721,605.1462222603536
5722,-105.16895475492504
5723,-127.68889866544431
5724,-102.80068810712363
5733,-105.21251593953647
5735,-123.23923504814
5737,-25.47915952225412
5738,-100.5102031555776
5741,-93.46340458356572
5742,-142.84916095772155
5744,-105.2647893610702
5746,-134.84591841371835
5749,168.7203721711129
5751,-100.34998637107324
5756,-105.31706278260388
5759,-123.36168441686162
5762,-105.34319949337072
5767,-134.9575143586988
5769,-123.41270498716236
5770,-83.04332798463638
5772,292.5810132343457
5774,-123.44331732934272
5777,-135.01331233118913
5780,-82.50268448395656
5781,-123.47392967152317
5782,-105.43032186259356
5784,-135.05795070918128
5787,407.9385635957527
5788,-135.0802698981773
5789,-105.4564585733604
5792,264.28788864456646
5793,-66.14826730674419
5795,-123.5453584699441
5798,-105.5000197579718
5799,-149.09703492597677
5802,-135.1583870596637
5804,-123.5963790402448
5812,-123.6371954964854
5816,-134.45725321013745
5817,-21.646601672286057
5819,-135.24766381564817
5821,-149.23247239463603
5826,-123.7086242949063
5831,-135.31462138263635
5832,-105.64812778565064
5835,2035.5627549376693
5836,1891.1266116830293
5856,212.9992553522061
5860,-123.88209423392864
5867,-123.91270657610907
5870,-105.81366028717405
6008,-124.63719867437884
6010,-67.82655662418446
6011,-136.31898488746066
6012,-124.65760690249914
6013,63.97103719369354
6016,-106.44965358250072
6017,-106.44965358250072
6019,-106.45836581942298
6020,-122.10603046258912
6021,-124.69842335873967
6022,-124.70862747279982
6024,3367.655579698548
6025,-124.71883158686
6030,-124.74944392904032
6034,-150.5499095897775
6036,-136.46405961593524
6038,-106.54548818864582
6039,1744.622165427669
6040,2996.4251484312776
6041,-124.80046449934102
6042,247.11851937391697
6043,-136.49753839942946
6046,-144.6463914530939
6064,-136.6202939389079
6069,-144.77645418631167
6074,-144.8119258408256
6076,189.12281305503424
6077,391.5252847497009
6085,-106.74586963785832
6086,-46.27458052677645
6087,-106.7545818747806
6090,868.6826132034593
6091,631.2909531357077
6092,-144.9183408043674
6093,-106.78071858554748
6094,-144.93016468920538
6095,-136.78768785637868
6096,-125.08617969302492
6097,-155.52218731249923
6098,-136.8100070453748
6099,-150.94390949860488
6100,-155.54756127694685
6101,-144.9656363437192
6102,-157.1264423376641
6103,1416.1404737258615
6104,2156.577829502253
6106,-136.85464542336703
6107,-150.9931594872082
6108,-151.00547198435913
6109,-150.69799229479554
6111,-151.01778448150998
6112,-155.62368317029018
6114,-145.04840353758513
6115,-145.04840353758513
6116,-145.0602274224231
6118,1491.919774504398
6119,-136.9216029903553
6120,-136.93276258485332
6121,-145.083875192099
6122,705.5068637865862
6123,-151.09165946441507
6124,-151.10397196156595
6125,826.5237043579449
6126,-151.11628445871688
6127,-125.239241403927
6128,35.48135193064091
6129,422.2904266774139
6131,604.6267576496647
6132,-137.11013430550028
6133,66.35702517125814
6134,-137.0108797463397
6136,3159.7916574006035
6137,982.0478711958856
6138,-125.30046608828776
6140,1028.992070597379
6141,-137.04435852983383
6142,663.4452187526118
6143,1602.4499151274156
6144,1551.7531406967028
6147,-145.2375856949927
6151,-145.26123346466872
6154,-145.2848812343446
6163,-145.33217677369652
6166,-145.35582454337248
6169,-145.36764842821052
6170,-145.3794723130484
6171,-137.21175244730446
6172,-145.39129619788648
6173,-107.1292080624388
6174,-137.23407163630057
6177,-107.14663253628336
6180,632.6507895175062
6184,-145.4622395069142
6189,-102.18848356359342
6191,-145.49771116142827
6192,-67.62705120921223
6193,-125.57597716791156
6194,-151.53490936184588
6195,-137.34566758128108
6197,-126.7921969054785
6198,-107.2424671424285
6199,-151.55953435614757
6200,-145.55683058561817
6201,-100.73784756742282
6202,-137.39030595927332
6203,-125.62699773821222
6207,-125.64740596633249
6209,-125.65761008039262
6210,-107.29474056396218
6212,-151.64572183620342
6214,-137.45726352626153
6215,-107.31216503780676
6216,-145.6514216643219
6217,-137.4684231207596
6218,-125.7086306506933
6220,-137.49074230975566
6221,-151.694971824807
6226,-125.74944710693386
6237,-125.80046767723454
6241,-107.4254241177964
6242,-151.83040929346626
6243,-140.4653947909561
6244,-156.46102399706658
6252,-125.88210058971566
6255,-145.87607547624347
6258,-137.70277460521865
6268,-125.96373350219672
6276,-107.5822443823975
6284,-141.32837316299313
6411,-126.68822560046657
6412,315.25831155559945
6413,-146.81016237844366
6898,-80.58822368888013
6901,-110.30046230214994
6903,-67.74712878668993
6905,-151.49355575954374
6906,-84.23723892230382
6907,-110.32659901291676
6913,-129.24945822956107
6914,-94.65739419111242
6916,749.9161065168147
6917,-110.37016019752816
6918,-141.38544078957446
6919,-110.37887243445046
6921,-110.38758467137276
6922,-110.39629690829504
6930,-27.346806180612965
6937,49.93805703440451
6940,2191.090225539212
6942,-110.48341927751788
6946,-129.42292816858338
6951,-110.518268225207
6956,-86.41357789745294
6958,-147.49942065623355
6959,-85.41836686850593
6960,-128.89316769585335
6962,-110.57054164674068
6964,-105.52780677769545
6965,-129.51476519512468
6969,-110.59667835750754
6972,-110.61410283135214
6973,-141.68674984102176
6975,-110.6228150682744
6976,-110.63152730519668
6977,-121.46458100318556
6979,-106.04253278830616
6980,-110.64895177904124
6982,1514.87839880237
6985,-129.616806335726
6988,-110.68380072673038
7033,-110.8754699390206
7071,-161.70074765553014
7081,-111.0845636251554
7092,-157.06322058257916
7192,-111.57244889280328
7296,-102.4619994521806
7320,-131.33109749782915
7430,-144.24229698107467
7508,-144.67752116649856
7516,-132.3311006757226
7519,-112.99254351113544
7520,-132.35150890384293
7525,-132.37191713196322
8213,250.82224320034769
8214,-70.53166019188558
8218,-150.465805745521
8222,31.72446489250266
8225,129.30122287831225
8227,-148.68381559129787
8230,-157.55807369616377
8231,-169.05919734538224
8233,-116.10281209239058
8236,-116.12023656623516
8237,-148.73961356378797
8238,-116.12894880315744
8239,-136.01478585143232
8240,-84.0151142834093
8241,-148.76193275278416
8242,-157.9616078686525
8247,3287.9216173787468
8249,-148.80657113077626
8256,-170.44764055009742
8258,-169.23681509651664
8259,-173.1874421168244
8265,-136.1474393342141
8266,-116.2509201200694
8271,1229.076035121877
8275,359.13433228905336
8283,-136.23927636075538
8284,28.659633376926248
8285,-123.82229390346107
8290,-136.28009281699593
8296,-116.38160367390368
8300,-117.9432968619344
8304,-136.35152161541686
8306,-136.361725729477
8307,-149.13019937121962
8310,-136.38213395759726
8311,-124.12599900021308
8313,-98.85980689692116
8314,-116.46001380620422
8323,-107.37133021326775
8325,-123.85641044702754
8326,-164.66003132465605
8329,11.413560205645105
8334,-136.50458332631894
8337,-109.37290323025393
8343,263.13143989495467
8351,583.4559376749412
8354,-158.29115455611827
8357,115.65859911405995
8365,-137.59390800178133
8374,374.0580746433158
8376,-164.9678437534273
8378,-74.91174380916567
8386,-165.02940623918164
8387,-136.7698902918825
8388,-91.43000927347092
8389,-136.7800944059426
8395,1.555115956705723
8412,-136.90254377466428
8420,93.1655417576307
8422,-170.27714763887502
8423,-158.69316664060943
8426,-115.47287322707838
8427,-158.71681441028545
8430,-116.96532354769664
9057,-141.49406794858467
9058,-153.32620690248572
9302,-141.4433745314256
9308,-116.50326975719442
9309,-90.92370278097228
9321,-141.53521155796685
9323,-154.79927337622803
9332,-141.59643624232766
9336,-176.07509851518952
9339,-164.1085058964025
9342,-170.91477987728987
9343,-176.1131594618612
9344,-154.92202891570656
9349,-176.15122040853277
9351,-170.96402986589317
9352,-154.9666672936988
9353,-154.9666672936988
9354,-120.99037700579152
9355,-154.97782688819683
9356,-164.21492085994427
9363,-155.022465266189
9367,-171.06252984310007
9369,-155.0559440496832
9371,-155.06710364418123
9378,-155.1117420221734
9380,2634.0112297168675
9381,-164.356807478
9382,-180.483969240872
9383,-171.16102982030685
9384,123.664322768875
9385,-164.38045524767597
9386,-171.18565481460865
9388,-171.1979673117595
9390,126.8301673476438
9391,-155.17869958916165
9392,-141.90255966413173
9399,-171.25952979751384
9402,-164.48687021121785
9404,-171.29646728896628
9405,-155.25681675064808
9407,-141.97398846255277
9408,-164.52234186573168
9409,-155.27913593964414
9410,-141.99439669067303
9411,-164.53416575056968
9412,-155.30145512864027
9413,-142.00460080473314
9416,-164.56963740508354
9418,695.1033654172456
9419,-155.76680497416876
9421,-171.3949672661731
9427,-155.3795722901265
9433,-164.6642284837874
9434,-176.69676064415978
9436,-164.68787625346337
9437,-155.43537026261683
9442,-142.1576625156352
9450,-171.57965472343594
9451,-155.51348742410312
9452,-164.7824673321671
9453,-121.41727661498338
9454,-142.21888719999598
9469,-121.48697451036163
9470,-176.92512632418962
9471,1281.726386770819
9472,2002.938094181492
9476,-155.65856215257782
9481,-142.35154068277782
9482,-92.95224286089814
9490,-165.0071211440888
9496,-155.7701580975582
9499,-142.443377709319
9504,-139.05295510257957
100000,-496.4716008728096
