,herbavore_resistance_G2H4P
1,179.72551638669924
2,556.7353573802683
4,70.45800629201925
6,240.31409104025184
7,22.05397339151205
8,308.32389696794485
9,-104.81781764007148
12,78.7937015056386
23,349.81603747051986
32,483.1151043336889
45,237.02895232735128
51,186.14417886230524
60,-44.063078141754
62,519.9014859308888
66,185.2071406106481
69,161.02182820726748
74,56.85764575606099
79,286.4177306824764
80,372.8248537253604
81,161.91629180147004
83,258.90948470894614
84,85.60415824491427
85,647.5945153710007
86,156.98552189158923
87,464.9390017160782
88,-72.91094332125182
89,-93.79610682387
91,31.2630323659566
94,265.1249433094712
96,-117.69443801121834
104,721.8007121200415
106,24.719569423566305
116,234.88074887999144
121,60.27843899561552
122,167.96690101314377
126,326.7295367967858
137,85.04889588110423
146,15.94377212888589
148,557.6908677810403
149,69.94857797362393
151,202.9025529028296
153,482.7252819587498
157,-34.52357288757217
159,-93.47789052589724
160,-73.92816733209457
163,-56.78852688688776
165,-113.00646529193752
166,-103.83448288073971
167,-108.95912142219086
169,-77.64276274905353
170,-77.63520734480578
173,-77.62765194055804
174,-103.97777344870843
175,-83.53384031522033
178,-111.71317243853436
179,-77.60498572781482
183,-110.40930844901874
184,-59.98497093011508
185,-111.4996167651678
187,-51.3606412499377
188,-85.84179293003798
190,-93.33242021825258
191,-103.89680533387823
194,-117.135208600819
196,-103.86644229081696
198,-106.14199246633667
200,-93.2869607471136
202,-103.8360792477556
203,-54.1046342755376
204,-66.23622866663645
205,-93.26877695865802
206,-83.2480777346002
207,-93.25968506443022
208,-113.94396209327525
210,-111.35845675752516
212,-103.78547417598672
213,-87.1112089620034
214,-77.46898845135546
215,-77.46898845135546
216,-81.55406736966434
217,-93.21422559329127
219,-93.20513369906352
222,-94.3975669167531
223,-84.00933462223104
224,-93.17785801638011
230,-77.40854521737351
231,-77.40854521737351
236,-93.12330665101338
252,-44.486157309142
262,62.57377151366948
263,247.9441006568329
267,-48.32158682821933
269,71.23254128314265
273,-51.8464594563972
282,10.884825427100928
287,-37.48054851883324
288,29.13512478097689
295,-64.00869138413842
296,-77.15921687719803
314,-82.11583745205652
318,-7.654784091808052
320,-39.33207076377332
321,205.7104874790429
323,45.04178634745245
326,-31.92790360688718
327,-96.2344206550356
328,-57.80264288013398
332,289.4828775687891
334,-10.79034856560056
338,-63.56396726452434
339,3.5291649373652905
340,-65.06586569523616
341,38.55738415845798
346,214.32815854750265
347,-44.457310489667776
348,45.871214326085415
349,2.420142410174549
355,12.575554863746875
357,483.0667066587272
359,-45.9269878989777
361,-37.55602382732229
363,-70.94015824351483
364,96.59577923857866
366,-46.50648962429936
367,32.90318773250728
368,-48.26195155917856
369,41.7887790679071
371,-13.17751017978635
372,85.49484906152384
374,-68.7510746319559
375,-86.52695103426147
377,437.07820009175487
378,-26.638089438792264
379,197.85437991439235
380,-31.58255351940997
383,277.383212228322
385,-18.3982812912198
386,59.15835572101621
387,-59.13485680537699
389,-66.42983534765533
390,-51.36783781028958
391,156.9456351999093
392,17.32228403457289
393,278.2220828208427
396,-35.96788663251551
397,-42.7013386494533
466,-92.07773881481724
992,-74.52993619898386
996,-74.51482539048837
998,-89.65929495022444
1026,-89.53200843103538
1061,-99.49416408998768
1062,-106.73275189169811
1063,-89.36835433493512
1064,-99.47392206128012
1068,-99.45368003257256
1070,-74.23527543332195
1072,-89.32289486379614
1073,-72.18960980995826
1075,-89.31380296956833
1158,-73.90283764642129
1163,-73.88772683792581
1166,-73.8726160294303
1169,-88.88648394086214
1247,-98.55290975508692
1254,-98.51242569767186
1256,-105.67948106544172
1257,-98.50230468331809
1312,-88.23186755646108
1313,-98.21891628141246
1317,-98.198674252705
1318,-110.72118964889157
1360,-110.48151990157746
1362,-105.10398257274495
1363,-97.9658909225682
1366,-97.94564889386066
1374,-73.08685398766514
1391,-104.95196410297604
1404,-104.87595486809153
1435,-80.86097523222534
1552,-104.07242867074126
1585,-96.84245832929956
4632,100.48557154597522
4675,162.58427677563412
4757,-60.31066540473359
4820,-60.87620688139832
4827,221.3453788981262
4879,-32.300895067887296
4927,386.6592521403145
4935,-19.69664585126302
5106,-70.98454420633891
5141,-84.5923476160612
5145,-70.81179821601081
5146,-58.83736157642392
5175,465.3589487843547
5282,789.9715518421718
5292,-41.64703420411503
5310,180.33290387782856
5322,62.77085504630923
5335,-19.979692597763204
5337,153.63460426682803
5350,101.28685407783566
5364,-70.94021326428478
5373,-64.0116193030825
5377,-55.92269525928028
5394,97.8034327378101
5398,564.6916213961806
5444,-69.44801408184199
5450,-62.742453283984034
5466,-72.18176224607802
5536,636.7337633386793
5582,368.02105857913415
5645,724.6800748473861
5678,-56.82762404652458
5708,-48.07900036975467
5709,880.7171729123961
5710,362.0112224444889
5711,81.94762560087064
5713,579.7793576490055
5715,37.597417627228864
5716,451.9207837811701
5717,364.2142136121669
5720,-59.15029545786376
5721,247.54594925791253
5722,-56.661405153074256
5723,170.8381503994445
5724,758.1480786763158
5733,-37.82297162187894
5735,-68.12968941881208
5737,307.1394147078141
5738,-68.1115056303565
5741,1.272076963084061
5742,-81.32395051602843
5744,-3.705990528557472
5746,-71.8018846019717
5749,300.11534007847905
5751,201.008119711273
5756,-56.532963280862624
5759,-68.02058668807855
5762,-56.51029706811941
5767,64.57974927090058
5769,0.4289619968525163
5770,26.94643284174524
5772,-75.64905427250228
5774,349.9780901335067
5777,-75.62881224379475
5780,539.3520618842789
5781,-67.92057585157283
5782,162.60985748513056
5784,-75.58832818637967
5787,14.835319442015695
5788,65.52447562289665
5789,106.74155546336884
5792,148.54323412385494
5793,345.9625476690927
5795,104.77537585477668
5798,17.645173112197966
5799,484.69093302992206
5802,-43.68475306172544
5804,596.5018800720104
5812,251.19843895315128
5816,-75.42639195671936
5817,-80.92218741735337
5819,-75.41627094236554
5821,-85.03087530585086
5826,-67.71146228433363
5831,-75.35554485624293
5832,-56.24585791944844
5835,-67.67509470742246
5836,-67.66600281319468
5856,-75.22397166964389
5860,-67.55690008246115
5867,-67.5296243997778
5870,-56.102305238741344
6008,-66.88409990960452
6010,-59.210175284825006
6011,-74.4446535644035
6012,-66.86591612114894
6013,-66.86591612114894
6016,-55.550760728656186
6017,-55.550760728656186
6019,-55.54320532440845
6020,-74.39404849263464
6021,-66.82954854423777
6022,-66.82045665000997
6024,-66.8113647557822
6025,-66.8113647557822
6030,-66.78408907309881
6034,-83.80970087906036
6036,-74.31308037780447
6038,-55.46765128193102
6039,-74.3029593634507
6040,-66.73862960195981
6041,-66.73862960195981
6042,-74.28271733474314
6043,-74.28271733474314
6046,-79.6734642728226
6064,-74.17138617685167
6069,-79.55402118943266
6074,-79.5214458030536
6076,-55.32409860122393
6077,-49.15160702351145
6085,-55.29387698423296
6086,-86.67379855626476
6087,-55.28632157998523
6090,-83.49014121597502
6091,-47.49818843613581
6092,-79.42371964391641
6093,-55.263655367242
6094,-40.82403013663567
6095,-74.01957096154511
6096,-66.48405656358167
6097,-86.61457454143932
6098,-73.99932893283759
6099,-83.44448983553433
6100,-86.59088493550912
6101,-79.38028579541097
6102,-89.10850033418141
6103,-79.36942733328462
6104,-73.96896588977626
6106,-73.95884487542246
6107,-83.39883845509351
6108,442.2046521199222
6109,-86.54350572364879
6111,-83.37601276487315
6112,-86.51981611771862
6114,-79.30427656052653
6115,-79.30427656052653
6116,-79.29341809840015
6118,-79.2825596362738
6119,-73.89811878929984
6120,-73.88799777494611
6121,-79.27170117414745
6122,-55.15032430352587
6123,-83.307535694212
6124,-83.29612284910182
6125,-83.29612284910182
6126,-83.28471000399155
6127,-66.34767815016477
6128,-86.4250576939978
6129,-78.19299901461112
6131,20.337968137246715
6132,-79.2065504013893
6133,-55.11254728228716
6134,-73.81715067446966
6136,-55.09743647379168
6137,-79.18483347713662
6138,-66.293126784798
6140,-79.16311655288389
6141,-73.78678763140836
6142,-55.07477026104844
6143,-73.77666661705457
6144,-73.7665456027008
6147,-79.13054116650481
6151,-79.10882424225214
6154,-79.08710731799937
6163,-79.04367346949398
6166,-79.02195654524131
6169,-79.01109808311496
6170,-79.00023962098858
6171,-73.63497241610182
6172,-78.98938115886226
6173,-54.961439197332325
6174,-73.61473038739423
6177,-54.94632838883683
6180,-73.58436734433292
6184,-78.92423038610409
6189,-78.90251346185141
6191,-78.89165499972508
6192,-54.88588515485491
6193,-66.04764564064763
6194,-82.89667327024509
6195,-69.97918114500825
6197,-73.50339922950276
6198,-54.86321894211167
6199,-82.87384758002466
6200,-78.83736268909325
6201,-73.48315720079522
6202,-73.47303618644143
6203,-66.00218616950866
6207,-65.98400238105309
6209,-65.9749104868253
6210,-54.81788651662522
6212,-82.79395766425341
6214,-73.41231010031883
6215,-54.802775708129744
6216,-78.75049499208245
6217,-73.40218908596508
6218,-65.92945101568633
6220,-73.38194705725752
6221,-82.74830628381262
6226,-65.89308343877516
6237,-65.84762396763618
6241,-54.70455545290909
6242,-82.62276498760052
6243,-70.5862022412315
6244,-81.94867452939063
6252,-65.77488881381385
6255,-78.54418421168168
6258,-73.18964778453582
6268,-65.7021536599915
6276,-54.56855817644974
6284,-82.38309524028652
6411,-65.05662916981824
6412,-77.68636570369966
6413,-77.68636570369966
6898,-14.186249549420154
6901,-40.32595504198292
6903,-33.35620902298416
6905,-58.86678727026833
6906,-52.18860583841104
6907,-52.18860583841104
6913,-62.77456371864236
6914,-69.86995507649885
6916,-62.75637993018677
6917,-52.150828817172325
6918,-69.8497130477913
6919,-52.143273412924586
6921,-52.13571800867684
6922,-52.12816260442911
6930,-52.09794098743812
6937,-45.717094330960926
6940,-52.06016396619943
6942,-52.052608561951686
6946,-62.6200015167699
6951,-52.02238694496071
6956,-51.9997207322175
6958,-74.72200554320489
6959,-19.78659206820019
6960,507.8140952666706
6962,-51.97705451947427
6964,-51.96949911522654
6965,-62.53817446871978
6969,-51.954388306731055
6972,-51.93927749823556
6973,-69.57644566023947
6975,-51.931722093987815
6976,-51.92416668974008
6977,-62.48362310335301
6979,-51.91661128549233
6980,-51.9090558812446
6982,-62.45634742066964
6985,-62.44725552644186
6988,-51.87883426425362
7033,-51.71261537080329
7071,-80.84615549743698
7081,128.05050196996552
7092,530.8380050721996
7192,-51.108183030983945
7296,-61.02892002690624
7320,77.08273011725186
7430,-67.25873337322581
7508,-57.66611712743491
7516,-60.02881166184904
7519,11.274354556616617
7520,-60.010627873393474
7525,12.20724766790198
8213,-47.25492686463559
8214,66.51388326656432
8218,-71.34687401873151
8222,-56.81937299943836
8225,-67.84859901722244
8227,-63.2305696604248
8230,-45.13701262148204
8231,-73.9761697776806
8233,-47.17937282215817
8236,-47.164262013662665
8237,-63.17996458865596
8238,-47.156706609414925
8239,16.72740144865603
8240,-63.159722559948406
8241,-54.73472738143295
8242,32.71569954110659
8247,-63.12935951688712
8249,-63.11923850253334
8256,-75.9789481970312
8258,-73.81034253616916
8259,-72.29436657913278
8265,-56.62844322065471
8266,-47.05093094994653
8271,-47.03582014145106
8275,-62.98766531593432
8283,-56.54661617260457
8284,-46.98293231171687
8285,-56.53752427837679
8290,-56.51024859569339
8296,-46.937599886230416
8300,-56.46478912455444
8304,-44.386728541587736
8306,-56.43751344187108
8307,-62.82572908627397
8310,-56.41932965341548
8311,-56.41932965341548
8313,-56.41023775918769
8314,-46.86960124800074
8323,299.1706686186421
8325,-56.35568639382095
8326,-70.73058038278123
8329,-46.81671341826656
8334,-56.31022692268197
8337,230.14872165557424
8343,-51.43397455588571
8351,-56.237491768859634
8354,74.37755491979907
8357,-46.71093775879815
8365,-62.53221967001457
8374,-46.64293912056849
8376,-70.44525925502634
8378,-56.11020524967053
8386,-50.2254079383864
8387,-56.07383767275935
8388,-56.06474577853158
8389,-56.06474577853158
8395,-56.03747009584819
8412,-55.95564304779806
8420,-46.469164822870425
8422,-72.83906869303131
8423,-37.99594926182259
8426,-72.81537908710106
8427,-66.75189434246062
8430,-46.43138780163171
9057,-59.03034870360965
9058,-59.02022768925592
9302,-10.428454573492411
9308,497.22919136323736
9309,1013.5247695872134
9321,-39.2694377777806
9323,-57.68425379455808
9332,-51.77337170301358
9336,-67.42599373798181
9339,-61.80043561284296
9342,-64.93285506680398
9343,-67.39045932908644
9344,-57.57292263666659
9349,-67.35492492019121
9351,-64.88720368636324
9352,-57.532438579251526
9353,-57.532438579251526
9354,-42.94079103917496
9355,-57.52231756489775
9356,-61.702709453705786
9363,-57.48183350748267
9367,-64.79590092548165
9369,-57.45147046442134
9371,-57.44134945006756
9378,-57.4008653926525
9380,-57.39074437829873
9381,-61.57240790818952
9382,-69.11549615133437
9383,-64.70459816460018
9384,-67.14171846681948
9385,-61.550690983936825
9386,-64.68177247437976
9388,-64.67035962926958
9390,-61.51811559755775
9391,-57.34013930652985
9392,-51.50061487617981
9399,-64.61329540371862
9402,-61.452964824799615
9404,24.18759078425325
9405,-57.26929220605349
9407,-51.43697161658527
9408,-61.420389438420536
9409,-57.24905017734592
9410,-51.41878782812967
9411,-61.40953097629421
9412,-57.22880814863836
9413,-51.40969593390186
9416,-61.37695558991511
9418,-57.19844510557705
9419,-21.704233913422826
9421,-50.27241715062163
9427,-57.15796104816198
9433,-61.2900878929043
9434,-66.84559839269197
9436,-61.26837096865157
9437,-57.10735597639311
9442,-51.27331752048498
9450,-64.31656143085368
9451,-57.03650887591673
9452,-61.18150327164077
9453,-42.5705762310356
9454,-51.21876615511823
9469,-42.51013299705365
9470,-61.04576459268512
9471,-56.93529873237902
9472,-42.495022188558174
9476,-56.90493568931771
9481,-38.00945373103605
9482,-61.0186263397454
9490,161.20095726675868
9496,179.31707784650968
9499,353.1245064943004
9504,258.0667040333347
100000,430.4245110369358
