,study_126_Number_of_trichome_branches
159,3.5
403,2.5
991,3.0
992,3.0
1002,2.5
1006,3.0
1061,2.0
1062,2.5
1063,3.0
1070,2.5
1257,2.5
1317,2.5
1829,2.5
1872,3.0
1925,2.5
2016,2.0
2057,2.0
2171,2.5
5717,2.5
5720,2.5
5784,3.0
5831,2.5
5832,3.0
5836,3.0
5837,2.5
5856,3.0
5865,2.5
5867,3.0
5893,2.5
5984,3.0
6008,2.5
6009,2.5
6010,2.5
6011,2.5
6016,3.0
6017,2.5
6019,3.0
6021,2.5
6022,2.5
6023,2.5
6024,3.0
6025,2.0
6030,3.0
6034,2.0
6035,2.0
6038,2.0
6040,3.0
6041,3.0
6046,3.0
6064,3.0
6069,2.5
6073,2.0
6076,2.5
6077,2.0
6085,2.0
6086,2.5
6087,2.0
6090,3.0
6091,2.5
6092,2.5
6095,2.0
6097,2.0
6098,2.0
6099,2.5
6104,3.0
6106,2.5
6107,3.0
6109,2.5
6111,2.5
6112,3.0
6114,2.5
6115,2.5
6118,3.0
6119,2.0
6122,3.0
6123,3.0
6124,2.0
6125,3.0
6128,3.0
6131,3.0
6132,2.5
6133,3.0
6134,2.5
6136,3.0
6137,2.5
6138,3.0
6140,2.5
6141,3.0
6142,3.0
6145,3.0
6148,3.0
6149,2.0
6150,2.5
6151,3.0
6154,2.0
6163,2.0
6169,2.5
6172,2.5
6177,2.5
6180,2.0
6184,3.0
6188,3.0
6189,3.0
6191,2.5
6194,3.0
6195,3.0
6201,3.0
6202,2.5
6203,2.5
6209,3.0
6210,2.5
6214,2.5
6216,3.0
6217,2.0
6218,2.5
6220,3.0
6221,2.0
6231,3.0
6235,3.0
6237,2.5
6240,2.5
6241,3.0
6242,3.0
6243,3.0
6244,2.0
6255,2.0
6258,2.5
6268,2.5
6276,2.5
6284,3.0
6396,2.0
6897,3.0
6898,3.0
6900,2.5
6903,2.5
6907,3.0
6909,3.0
6911,2.5
6913,2.5
6917,2.0
6919,2.5
6920,3.0
6922,2.5
6923,3.0
6924,3.0
6926,3.5
6929,3.0
6931,3.0
6932,3.0
6933,3.0
6938,2.5
6940,3.0
6943,3.0
6944,3.0
6945,2.0
6951,3.0
6956,2.0
6957,2.5
6958,2.5
6959,3.0
6960,3.0
6963,3.0
6966,3.0
6967,3.0
6968,3.0
6969,3.0
6971,2.5
6973,3.0
6974,3.0
6975,3.0
6976,3.0
6979,3.0
6981,3.0
6982,3.0
6984,3.0
6987,3.0
6989,2.5
6990,2.0
6992,3.0
7000,3.0
7002,2.0
7013,3.0
7028,3.0
7062,3.0
7071,3.0
7081,3.0
7092,3.0
7094,3.0
7102,2.0
7109,3.0
7126,2.5
7143,3.0
7147,3.0
7163,3.0
7164,3.0
7169,3.0
7181,2.5
7186,3.0
7192,3.0
7231,3.0
7244,3.0
7255,3.0
7258,2.5
7268,2.5
7276,3.0
7282,3.0
7287,2.0
7296,2.5
7316,3.0
7320,3.0
7323,3.0
7337,3.0
7343,3.0
7353,3.0
7372,3.0
7378,2.5
7382,3.0
7384,2.5
7424,2.0
7460,3.0
7461,3.0
7477,3.0
7514,3.0
7515,3.0
7516,2.0
7517,2.0
7520,3.0
7521,3.0
7523,2.0
7525,2.5
8222,2.5
8227,2.0
8230,3.0
8231,3.0
8233,2.5
8235,3.0
8236,3.0
8240,3.0
8241,2.0
8243,2.0
8247,2.5
8249,2.0
8256,3.0
8259,2.5
8283,2.5
8284,2.5
8285,3.0
8290,3.0
8297,2.5
8306,2.5
8307,3.0
8311,2.5
8312,3.0
8334,3.0
8335,2.5
8343,3.0
8351,3.0
8354,3.0
8365,2.5
8366,3.0
8369,2.5
8386,2.5
8420,3.0
8424,3.0
9057,3.0
9058,2.5
9104,2.0
9323,3.0
9332,2.5
9336,3.0
9339,2.0
9343,3.0
9352,3.0
9353,3.0
9363,2.0
9369,2.5
9371,3.0
9380,3.0
9381,3.0
9382,3.0
9383,3.0
9386,2.5
9388,2.5
9390,3.0
9391,3.0
9392,3.0
9399,2.5
9402,3.0
9404,2.5
9405,2.5
9407,3.0
9408,3.0
9409,3.0
9412,2.5
9413,3.0
9416,3.0
9421,3.0
9427,3.0
9433,2.5
9436,3.0
9450,3.0
9451,3.0
9452,3.0
9453,2.5
9455,3.0
9471,3.0
9476,2.0
