,study_16_Cd111
1,-0.0890847907911873
2,-0.2918877026425744
15,0.1040979691597991
23,-0.1228668572303309
66,-0.0607612711791769
78,-0.2431714018927541
81,-0.1314222662807113
91,0.1007518652711315
94,-0.1688157302286451
96,0.1084248292925525
116,0.1386797660061781
126,-0.241305211708246
149,0.0408104792622042
166,0.02787148165789
173,0.8203537993191165
178,0.1207838850108016
223,-0.095548815811106
242,-0.0078984534898821
258,0.0253466207932424
259,0.0765065725026086
260,-0.2287582869653694
267,0.195470098487473
281,0.2675680424100247
282,-0.0736299459828331
286,-0.117812271638819
321,-0.3069579354415045
328,0.5505199568661164
333,-0.1316879684404913
357,-0.2122059288286739
362,-0.2306625889992864
366,-0.185103151369619
373,-0.1106168926164644
374,-0.0793216468179223
378,-0.008572452279309
379,-0.1316158722292888
380,-0.2348622029462406
383,0.1287442432067481
386,-0.1473818496701817
390,-0.1546001784488892
392,-0.1415786573207378
641,0.2033170495846973
957,0.0768927840925327
1716,0.4802122628972145
1859,0.144827164198529
1867,-0.0454269893505032
1925,0.157740714917034
1967,-0.2089432851273623
2057,-0.0313013309062455
2150,0.4574849259286033
2187,0.1413449255909518
2274,-0.0072963244665574
2290,-0.1098873580925314
4802,0.4807780898363007
4997,0.1427496706519574
5056,0.4519349742972821
5116,0.6919855963981341
5122,0.0980273326414866
5158,-0.1266686570724243
5160,-0.1872849061207872
5202,-0.1069013530761712
5207,-0.0554968886337397
5232,0.5128601501339838
5245,-0.1170004401473404
5264,-0.2561231837659787
5341,-0.0461202509444754
5380,-0.3764209218984581
5381,-0.3187200223552627
5565,0.1969424224168107
5606,-0.3492881768310484
5628,0.0048386860615443
5729,-0.0189238605004742
5742,0.3698577312623645
5753,0.12949268628783
5785,-0.2288105731103309
5805,-0.1200518879715042
5832,0.3219480004086698
5837,0.3081258029478458
5887,0.1074211257355636
5889,0.1030629738611411
5896,0.365617886304374
5987,0.0770183348789111
6005,0.3721013015254691
6008,0.3025407075349276
6019,0.2006897903939717
6020,-0.0410314675261342
6039,-0.0379308908897996
6042,0.1511614398503617
6046,0.0536641182873702
6074,-0.1916631789097028
6076,-0.2972893867583285
6085,0.0912077151579211
6094,-0.3652589906296083
6096,-0.2698378202331376
6098,0.0273790458684879
6100,-0.031726304184897
6109,0.2062556886803805
6112,-0.1541939094228194
6119,-0.2662369513497348
6124,0.4024124834344155
6169,-0.0719365629530152
6188,0.1592054405994923
6190,0.1722666162228089
6194,0.0986881598594128
6202,0.2161139209211733
6203,-0.3715237080227437
6242,0.0573878210687952
6243,0.1385531242592979
6318,0.0580860109420053
6413,-0.1396065537377648
6448,-0.1983116787471218
6449,0.2008949192577103
6709,-0.1716631307327662
6727,-0.2005377420372997
6729,-0.250169009666158
6730,-0.1333054103863434
6744,-0.4369212457678213
6810,0.0665158937197045
6847,-0.3595165958050711
6897,-0.1500504912109116
6898,-0.1310918822722099
6899,-0.2828155742337384
6903,0.1322626411073272
6904,0.0004996740514464
6905,-0.1626228420243195
6906,0.1355959966240078
6907,-0.3063073569987937
6909,0.0029468655481158
6910,0.1827846559379973
6911,0.0021989154779585
6913,0.0965738172076084
6914,-0.1700215291363303
6916,-0.2692670718328113
6917,-0.2252619909433333
6919,0.1811042768826938
6921,0.2626149343240075
6924,0.0968284236054322
6926,-0.2817760108096737
6928,-0.3751251438911424
6932,0.0384464025916482
6933,0.140796252331474
6936,-0.16119370407741
6937,-0.1398860637649015
6939,-0.1511731907839392
6940,0.063702689924369
6942,0.0335603868110193
6943,-0.1845282441133925
6944,-0.3553314899556681
6946,-0.0183938397002717
6951,0.2936143912579037
6953,-0.0371352784767238
6958,-0.0453983073790899
6959,-0.1816360115341283
6961,-0.1076325367172949
6962,-0.1981962689209172
6967,-0.1419545009126452
6968,-0.0411262093179748
6970,0.0501610448087658
6973,0.1993837729678613
6974,-0.211293037332457
6976,0.1112937936755956
6977,0.0920619501432704
6979,-0.146962637664149
6980,0.4104518731850809
6982,0.2643726814501683
6983,0.2238246321180412
6985,0.2074165429268882
6988,-0.216748773554202
6989,-0.2418004064090656
6990,-0.2239290504575393
6992,-0.1049576039083149
6994,-0.386731825065817
6996,0.1779173416850587
7000,-0.0270629218625528
7002,0.0496269072277101
7004,-0.1455822994999099
7008,-0.2725732097590025
7011,0.1163936478282899
7014,-0.0567258311951312
7026,-0.2447813712553758
7031,0.1518929848563515
7035,0.3205525025311986
7056,-0.2957054115892258
7062,-0.3125640455286784
7069,-0.3300286777942768
7071,0.0050698281736953
7075,-0.0080792534074679
7078,-0.184118742866302
7080,0.0595502923334467
7092,-0.0834319616026117
7094,-0.3381784420285129
7098,-0.3845495709100093
7100,-0.1116627488232241
7102,-0.2859676980474915
7105,0.1029758399037336
7110,0.3250471147827437
7123,0.0892358328360755
7126,0.112999255386464
7128,0.1240259058621773
7135,0.3243686487280348
7139,-0.3053066309416148
7141,0.1798144720068675
7143,-0.1028766906849221
7145,-0.1761301021236785
7147,-0.0434939168035941
7150,-0.0046485900418415
7151,0.2445656417212499
7158,-0.2162907080137846
7163,0.1750696092988949
7165,-0.0379679497822997
7166,-0.2039365983510634
7169,-0.3462063274693638
7178,-0.1872411759485915
7181,0.3540635640837265
7186,0.026450092665498
7188,0.3734463856983776
7199,-0.3605740210963027
7201,0.3313810984643239
7205,-0.0383677703069454
7206,-0.1120734753935827
7224,0.0535487500617902
7227,-0.1292185393875154
7229,0.0619809514089015
7231,0.0625798546530687
7244,0.106992316489205
7252,-0.3879245505323455
7255,-0.290786960551028
7258,0.0965601786419289
7260,0.1519856491404306
7263,-0.141296657067908
7270,0.3670414251799355
7275,-0.0555049626620237
7277,0.0240885278561923
7280,0.5761976296174159
7282,0.1461209164436673
7284,0.2172028401500053
7291,0.339672146814669
7296,0.0473748768303626
7300,0.2700096844120377
7306,-0.1245718068408571
7307,-0.3529849423968685
7310,0.1367647414799461
7316,-0.0315357598153956
7320,-0.2396406729693464
7330,-0.1507955366545713
7331,0.4618697398343073
7333,0.1898685062206147
7337,0.2779716843886028
7340,0.2869568942775889
7343,0.0732855265944636
7344,-0.3808078361437502
7346,0.2490019250407504
7351,0.2045572515916073
7354,0.108671864373963
7355,-0.0199067289000649
7372,0.2616770198998724
7373,0.0854168631631428
7378,-0.3508679555964679
7379,-0.287954926539861
7382,0.1943577656924665
7384,0.0293743081564335
7390,-0.1502093148424152
7391,-0.2395131639061327
7392,-0.1899600355379573
7394,0.6069440111546879
7397,-0.2501270123343231
7405,0.1738569378834387
7408,-0.1573787865076148
7411,-0.2094230889762423
7418,0.0920223517738513
7424,0.2730599786388922
7430,0.3903232558050079
7438,0.2373034939250971
7446,-0.5410924622356136
7449,0.2286945805663858
7460,0.2233629743873868
7472,-0.033552202896097
7477,-0.2066174037316105
7479,0.0528886657696988
7482,0.1327514725838213
7483,-0.152137915900532
7490,0.1178993513479532
7492,0.3448049395597019
7498,-0.0697175716077794
7502,-0.0937869120924401
7504,-0.1323432996674236
7506,0.4313730483933883
7507,-0.1034259164486938
7508,-0.2065113167049422
7514,0.2381617980281927
7515,-0.1301115051222061
7516,0.1117066663009951
7518,-0.3161704667000026
7520,0.0752799585520897
7521,-0.3207896502715769
7522,-0.07514551129547
7523,-0.0720019160455664
7525,0.0801129969314814
7571,-0.1325828508102536
8213,-0.0593270947551133
8214,-0.0070572117985036
8215,-0.3944794984221065
8222,0.1031605818735034
8231,-0.3230085874045927
8234,0.095767642547643
8235,0.0241052143165085
8236,0.3914943810009024
8239,0.1055443691480221
8240,-0.0850018995125641
8241,0.0938940533883509
8242,-0.2601250299717841
8244,-0.1646579016570095
8246,-0.0071201947466515
8256,0.1424732416283733
8264,0.0904152058749227
8265,0.1125147520506704
8271,0.1208687458481682
8274,-0.0602572103759145
8275,0.0621771784121226
8283,0.0127303460016512
8284,0.1577614009221369
8296,0.062887670162059
8297,-0.1637811079791421
8300,0.1283301467167724
8304,0.0611988506238615
8306,-0.2362289940536858
8310,-0.04351328244932
8311,-0.081576527139313
8314,0.1840879879910388
8323,0.2150717122113759
8325,-0.311243776882824
8326,0.0544452035116313
8329,-0.1086458887872083
8335,0.0467933243645881
8343,-0.1107857225913223
8351,-0.2155168064828135
8353,0.1568057874632905
8354,0.0881531350739057
8365,0.058669829374447
8374,0.160740378022357
8376,-0.0944503054647017
8378,-0.0601562542101655
8387,0.123344213887189
8389,0.2341900266030042
8412,0.1340373403264936
8419,0.1895567686491527
8420,0.0592032010810107
8422,-0.1483096179701657
8424,-0.2679157114616252
8430,0.1444885505235498
8610,0.2245532644829103
8692,0.2035014902693877
8796,-0.0636339338459812
