,study_1_FT_Field
5837,158.042
6008,166.69
6009,180.792
6016,180.088
6040,187.514
6042,152.963
6043,173.259
6046,170.863
6064,188.772
6074,174.899
6243,163.691
6709,160.507
6897,167.62599999999998
6898,151.215
6899,153.283
6900,182.283
6901,182.402
6903,165.998
6904,145.313
6905,181.049
6906,114.658
6907,167.833
6908,158.991
6909,172.708
6910,148.116
6911,111.225
6913,179.799
6914,178.05700000000002
6915,179.26
6916,182.328
6917,183.293
6918,180.41
6919,167.81099999999998
6920,184.898
6921,180.514
6922,163.525
6923,151.954
6924,157.11
6926,154.752
6927,178.072
6928,155.385
6929,181.536
6930,160.12
6931,179.882
6932,157.905
6933,145.696
6936,159.259
6937,174.804
6939,164.06599999999997
6940,170.52900000000002
6942,165.273
6943,153.086
6944,153.702
6945,185.457
6946,176.671
6951,154.813
6956,160.55
6957,162.601
6958,163.167
6959,163.084
6960,150.914
6961,139.717
6962,160.14
6963,178.78
6964,184.659
6965,189.574
6966,162.518
6967,154.254
6968,163.08
6969,168.641
6970,136.865
6971,138.002
6972,160.559
6973,170.59900000000002
6974,176.915
6975,153.514
6976,154.921
6977,156.048
6978,166.42700000000002
6979,159.232
6980,162.115
6981,156.997
6982,161.454
6983,180.723
6984,163.089
6985,156.511
6988,143.812
7033,185.742
7081,136.856
7296,173.993
7323,169.36
7438,169.45
7461,161.33100000000002
7514,177.65900000000002
7515,179.864
7516,180.269
7517,167.3
7518,186.142
7519,190.138
7520,184.569
7521,170.608
7522,176.851
7523,180.59
7524,178.862
7525,162.033
7526,180.167
8213,126.735
8214,160.017
8215,154.67600000000002
8222,173.074
8230,171.93400000000003
8231,180.884
8233,181.484
8235,176.56599999999997
8236,177.386
8239,163.14
8240,174.33900000000003
8241,189.027
8242,190.945
8243,157.749
8245,158.899
8247,183.634
8249,174.31099999999998
8254,163.438
8256,180.99400000000003
8258,180.4
8259,177.328
8264,151.293
8265,161.735
8266,189.44
8270,165.78099999999998
8271,179.205
8274,150.84
8275,166.058
8283,178.50599999999997
8284,171.937
8285,165.986
8290,149.589
8296,157.395
8297,170.385
8300,159.506
8306,198.006
8310,175.56
8311,157.679
8312,162.635
8313,178.43099999999998
8314,159.145
8323,162.387
8325,172.019
8326,178.75099999999998
8329,159.643
8334,165.09099999999998
8335,190.365
8337,157.687
8343,157.92600000000002
8351,168.185
8353,91.9233
8354,168.00099999999998
8357,150.249
8365,154.76
8366,185.556
8369,188.367
8374,167.487
8376,167.852
8378,158.529
8387,169.976
8388,165.662
8389,156.875
8395,162.165
8411,184.665
8412,172.804
8420,156.536
8422,196.188
8423,182.011
8424,159.533
8426,166.09799999999998
8430,188.383
9057,180.312
9058,181.68
100000,166.296
