,study_16_Mo98
1,0.3822259132229077
2,0.3950801502047114
15,-1.083038739909972
23,12.038438106986137
66,-0.0281747645869577
78,0.2960056650765869
81,-3.13883028799029
91,1.5632310558571627
94,-1.5413729274637156
96,-5.967548661913829
116,-1.1165346272022736
126,1.8063898768765057
149,0.5285040956637631
166,-0.8552257979561486
173,5.996747672523525
178,0.1168108402981196
223,3.4261365106174444
242,3.4109135983359096
258,1.4216892550070754
259,-0.9738650323725594
260,-0.5504279335703882
267,0.0972114706105726
281,0.039997585539326
282,-1.595783258060661
286,1.722855785860878
321,-1.5688413518520166
328,-0.5331580457267502
333,-0.3446932689234422
357,-0.115339133572761
362,0.106713954574827
366,0.0263851102269441
373,1.0432979159576377
374,0.9580631680997388
378,1.695732892664611
379,-0.7576709770848216
380,1.349197791794738
383,-2.593283406601988
386,-1.4867464982316827
390,-1.006398713692911
392,-1.3216972777385316
641,1.141464978232232
957,0.6970046872283915
1716,-2.830602403908179
1859,-1.366935615235649
1867,-2.803638204208113
1925,1.056219693508617
1967,-0.1172875023345713
2057,-0.4105456496625413
2150,-5.739448322597333
2187,-0.4121894885209593
2274,-2.328593804948487
2290,1.106891098922488
4802,2.4171140296412488
4997,3.104324070680414
5056,-1.1759083303309068
5116,-3.797830095106838
5122,-1.8164102458539453
5158,-1.4121047536986526
5160,-2.8309324351831924
5202,-2.1972895445689296
5207,6.974938114835682
5232,-2.3319779911229097
5245,-3.3609019930489903
5264,-1.2394095098019329
5341,6.498526225133086
5380,-2.316314965225724
5381,-2.367727163854639
5565,0.4330107292976993
5606,-1.6160655317988482
5628,1.444614721663119
5729,0.2311139918498796
5742,-0.9633744971135418
5753,3.528293752147536
5785,-1.9419987761919253
5805,-0.4354280293185253
5832,1.9256283811202075
5837,-1.19884921152751
5887,-1.5587572351247188
5889,0.633073478431494
5896,0.1955413958776099
5987,1.5414789595005838
6005,0.2863793718254194
6008,-1.7336478270821665
6019,-1.3996486529419814
6020,4.533446299162015
6039,-1.0846358530503035
6042,-1.175492230132807
6046,0.5922848586863455
6074,3.9014045225602687
6076,3.605059272592963
6085,-1.061626070255946
6094,-0.306834383331076
6096,-1.5069203409739076
6098,-4.540537357863693
6100,-5.061985823051116
6109,-1.0949262236438633
6112,2.780012211530385
6119,-1.8448235550532857
6124,1.5393873147868269
6169,3.6229675444301774
6188,-2.5423570079973343
6190,-2.7917515839396905
6194,5.683797427625314
6202,-0.7779164575137169
6203,-0.5044328028507483
6242,-1.455575433808484
6243,0.4808915727927979
6318,-2.207778060191877
6413,1.626531616410991
6448,0.9836018273925872
6449,-0.4624948059369156
6709,-0.1588089755693954
6727,-1.851009154382024
6729,-2.681372102701805
6730,-1.6192655276101482
6744,-2.7326439172314103
6810,-0.4767246237127271
6847,-1.5946920727741258
6897,4.627919442190188
6898,-1.7543282235256057
6899,1.849119775321682
6903,-1.5937675935390696
6904,1.347302958768232
6905,5.703410898796365
6906,-0.2828464803704851
6907,-1.4869952138145874
6909,1.0704144066014976
6910,-2.0849860152638864
6911,5.9838633915020925
6913,-2.2416018455071214
6914,-1.0287618921294908
6916,-0.2053095747753274
6917,5.608745872900959
6919,-2.1690147273121387
6921,2.15529572287822
6924,-1.6422645198708554
6926,0.7771798483847785
6928,2.327438065904284
6932,-5.476886086675114
6933,-4.775331902452621
6936,1.5030690243233678
6937,-0.4676116123644603
6939,-2.155279902538968
6940,1.366826130223157
6942,-1.6340419031506264
6943,7.211671392417841
6944,-0.7853670195708805
6946,-0.2605783345850688
6951,-2.1831340858609565
6953,-1.001488016841361
6958,0.854789464688594
6959,1.7590123648208904
6961,1.8586759352728188
6962,-5.081698016880095
6967,-0.99422875476818
6968,6.883545412394463
6970,0.7992729639128662
6973,-1.326431077633282
6974,11.30839115826053
6976,1.2271780402124075
6977,1.8839425513797408
6979,-0.5561760840912094
6980,-5.486730793585097
6982,-0.1399139208434208
6983,-1.8131495914969264
6985,-5.17712649771455
6988,-4.629742961541703
6989,0.1997969745984909
6990,0.1615716648496418
6992,3.5082096088623573
6994,1.3293319100969283
6996,-1.618673660941988
7000,-1.673164090031332
7002,-0.7540561333929099
7004,-0.5049277922102878
7008,-0.2136628140770842
7011,-3.4221885301879853
7014,2.5697984580645192
7026,2.63766900084372
7031,0.5145730772125604
7035,-2.1475299124036664
7056,-1.5479836923643635
7062,-0.0450230927712186
7069,1.8843647641373409
7071,0.5759648069562644
7075,-0.2149615898918419
7078,-1.606270185766641
7080,-0.5489867026065709
7092,0.6332925397250619
7094,-0.2409381003827315
7098,-1.805439390031067
7100,-0.5625270131858867
7102,-1.4120733220037691
7105,0.0625250281994342
7110,-1.6056991628197936
7123,-0.6906297784419764
7126,5.376127092890667
7128,-1.0263096330375503
7135,2.026612293245846
7139,-1.0200663918690955
7141,0.307465417901373
7143,1.5654245585101736
7145,2.5115169122585037
7147,-1.5575375264587843
7150,3.36622279946445
7151,-0.5562426488956451
7158,-1.4829294285657686
7163,0.9242862164709084
7165,-2.6494496443066557
7166,-1.7258838608872136
7169,-0.3953884212999871
7178,-0.9104199572278912
7181,4.22155356107963
7186,0.0283349978148357
7188,1.435043025300181
7199,0.93988608814687
7201,1.7504985268142674
7205,-5.2140771796156615
7206,0.6915221532710484
7224,2.161475940849253
7227,0.1079009918726355
7229,-5.160067084745388
7231,1.763700300076241
7244,-0.5528595963224556
7252,1.2900909253583577
7255,-2.470447590044518
7258,-0.6563799293506618
7260,0.0029498683692205
7263,1.026255835743485
7270,-0.4857775348076342
7275,2.2363431207236446
7277,0.9893902871745016
7280,-0.0278488884060747
7282,7.806118921499783
7284,1.0045322325482475
7291,-0.452183755420809
7296,-0.4006722928470303
7300,-0.2250054458265094
7306,-0.2336652030879993
7307,6.5553374091278105
7310,0.2299012381030042
7316,-2.513685728617599
7320,1.4018445949540614
7330,0.2475833907637517
7331,-0.2616346081296595
7333,-1.1914387729322058
7337,-0.8921336384433528
7340,0.9644262657975424
7343,-1.0509361620941695
7344,1.3869522479911438
7346,-0.188219436434092
7351,3.602509411950182
7354,2.797202886148089
7355,0.0301609932854253
7372,1.28663936992269
7373,3.7260846190486383
7378,-5.50945935720778
7379,-1.7003748910786975
7382,1.8764498216472831
7384,-1.171112864768466
7390,-1.290327489745965
7391,-2.742185326424926
7392,-2.877293485916719
7394,0.059952979492434
7397,-1.3330137307872056
7405,-0.4146513591524872
7408,-0.9241440606629572
7411,-0.0037662359527507
7418,1.7818342253707375
7424,0.1028705406653873
7430,-1.7458546199174154
7438,-0.2396320057089549
7446,-1.7557003814775956
7449,-5.008822390067359
7460,-0.8729791080622084
7472,-4.876525098784818
7477,0.4913884393514103
7479,-1.632607293661667
7482,-1.2506272368667803
7483,-0.7959501653843365
7490,2.473153929613725
7492,-0.5287395645115596
7498,1.328876766006266
7502,0.2647284660048761
7504,-1.2166148530057366
7506,-4.793024929196161
7507,2.3967251523327624
7508,2.4360540477089003
7514,-2.802489875118795
7515,0.3087707971634974
7516,4.648182830796519
7518,-3.83607412167134
7520,-1.6507332328989173
7521,-0.9937481982514292
7522,-0.0401091427538975
7523,-0.4674585782619735
7525,4.348944020294764
7571,-0.519016331418062
8213,1.843970502318115
8214,-0.5106719624653132
8215,-1.6859098588388262
8222,3.082831563322763
8231,0.7552096361338735
8234,1.27933652444574
8235,1.4342031390246288
8236,-0.8277253670523507
8239,-0.1117712787287062
8240,0.553162830301704
8241,-0.5117852139201138
8242,5.940279741473191
8244,2.259211778601721
8246,0.4999060172641648
8256,1.8473520411314823
8264,0.54213377350666
8265,-2.7069146282088035
8271,0.3084535777874498
8274,0.4872117320645741
8275,0.1455227896319959
8283,-1.2134900161663436
8284,0.6489540420677763
8296,-0.4817114981011488
8297,1.4810259473110552
8300,-4.289455612832593
8304,-1.432378072974949
8306,-1.7803100572811437
8310,-2.866265953448667
8311,-0.5067021899158851
8314,-5.226345391301658
8323,-1.6382370196718277
8325,3.4126300316486744
8326,0.424283657369182
8329,1.5122463103911687
8335,0.8123770793339908
8343,-0.911297518374616
8351,1.5573008165542446
8353,2.5640176769910976
8354,-2.7990640431694387
8365,-1.3860226233274224
8374,-1.5212886442060332
8376,3.897198028625141
8378,-0.6008119548138342
8387,1.0284991766400382
8389,0.1199490389672507
8412,-0.2951603168059977
8419,-4.296914649474257
8420,0.3022799035722938
8422,0.2567658246025694
8424,-0.7603728648645165
8430,-1.073677067831615
8610,0.4325434158578067
8692,7.136909517848324
8796,4.578774708443189
