,study_4_M130T666
1,-3.929028582270673e-06
2,-2.620297192430418e-06
23,-6.302793185469342e-06
66,-6.612206542419672e-07
81,-2.134614515054776e-06
91,2.370409489586178e-07
94,-5.816715044496459e-06
96,-4.4670816793112254e-06
104,-1.5635687146140243e-06
116,-1.5234576664635236e-06
126,-5.450706405576922e-06
149,-8.302332247841537e-07
166,1.5202154719655966e-05
173,-3.8994632300465465e-06
178,-4.799702151233324e-06
223,1.3971404465732364e-05
242,-9.221333766861627e-06
258,-1.1267487103703224e-05
259,-3.905131541606975e-06
260,-2.964517929871531e-06
267,-9.509229448665435e-06
281,-7.571294732334536e-07
282,2.652880891919465e-07
321,-1.496001453424669e-06
328,1.1755711273552257e-05
357,-5.6703757201959805e-06
362,-5.2208494549984495e-06
366,1.936732587974748e-06
373,-4.198959177369369e-06
374,-7.224230942452194e-07
378,-2.563275627167441e-06
379,-2.2769617997525854e-06
380,-2.7270153497464368e-06
383,1.2406583706696782e-05
386,-9.803452548025073e-06
390,-3.3821060612614995e-06
392,-3.4640418331505387e-06
641,-3.357681735801484e-06
957,-2.0696462742167434e-06
1716,6.206940182465856e-07
1859,-1.1474502267221802e-06
1867,-2.129624919798001e-06
1925,-1.1518003262918103e-06
1967,-2.995157461996548e-06
2057,-7.105787966362982e-07
2150,-3.4572067411066464e-06
2187,-4.727540758384437e-06
2274,-6.840453319910045e-07
2290,-1.0941196550334306e-06
4802,-1.7505107852172689e-06
4997,-3.2766705292922277e-06
5056,-6.839097020277808e-06
5116,1.802534935349713e-05
5122,-3.6530930429390624e-06
5158,-5.659662616426475e-06
5160,-3.614695670376597e-06
5202,1.3397757827954062e-05
5207,-1.6135307660514489e-06
5232,7.505896060290874e-06
5245,1.0834950039346605e-06
5264,-6.5664925975672375e-06
5341,-1.9079364931551875e-07
5380,-5.7151967448693006e-06
5381,-4.242725632450052e-06
5565,-2.864186021036088e-06
5606,2.824978353466324e-07
5628,-5.281620844760413e-06
5753,-6.394147093417789e-06
5785,-4.105745613284233e-06
5805,-2.021063082681086e-06
5832,-6.440321916725953e-06
5837,-7.135919139988758e-06
5887,-1.7401539244285042e-06
5896,2.2248178613509875e-07
5987,-2.742738719632376e-07
6005,7.98673875693083e-06
6008,-5.633882675345388e-06
6019,-1.17622646873805e-06
6020,-7.27075261633903e-06
6039,1.510144150657286e-05
6042,-3.255301346759544e-08
6046,-5.022857647953211e-06
6074,-2.5705846240415763e-06
6085,-1.8759101491723257e-06
6094,9.45667043635836e-07
6096,-4.617133424480411e-06
6098,-2.0813427742907854e-06
6100,-1.2634350885902802e-06
6112,-3.1457168816538e-06
6119,-6.919938245522843e-07
6169,-3.026701949193092e-06
6188,1.3484912007288822e-06
6190,-4.868740872907032e-06
6194,9.364882904747551e-06
6202,-9.246043162014284e-06
6203,1.1654866239270071e-05
6242,-8.185228227026413e-06
6243,-1.538397588774275e-05
6318,-1.73450264975525e-07
6413,-5.374196730144629e-06
6448,-4.4358240787935405e-06
6449,-8.566923588636438e-06
6709,-1.9170383632851896e-06
6727,4.540898159318837e-07
6729,3.235292318191387e-06
6730,4.4806420083931766e-08
6744,-3.596392134012769e-06
6810,-1.5147414909884631e-06
6847,7.849438081428332e-06
6897,-2.583861161518348e-06
6898,-1.7250515004728653e-06
6899,-1.1746035459992765e-05
6903,-4.1645193183169246e-07
6904,1.5467110635282304e-06
6905,-3.402427953214249e-06
6906,-5.803234756097709e-07
6907,-4.0978933552779775e-06
6909,1.3653432123243902e-05
6910,-4.384470825090991e-06
6911,-2.5847839099119053e-06
6913,-2.380405854386089e-06
6914,-2.871361379724919e-06
6916,1.3448394961722687e-05
6918,-1.3173499590138726e-06
6919,-3.526056627642748e-06
6921,1.0789502921900886e-05
6924,-7.493943699702963e-06
6926,-2.8721523069193965e-06
6928,-2.136048571908852e-06
6932,-3.486077400691327e-06
6933,-3.281567523966428e-06
6936,-2.58649758549994e-06
6937,-2.8728114129147957e-06
6939,-3.977296568428311e-06
6940,1.4625343312548331e-06
6942,6.902365230937976e-06
6943,-5.0970577708472096e-08
6944,-1.3599656099468858e-06
6946,-5.695706817713759e-06
6951,-1.0331452707842892e-06
6953,-1.7286106728480174e-06
6958,-8.314224166986902e-06
6959,-2.5061436679998603e-06
6961,-6.656865986748761e-07
6962,9.559675416370835e-06
6967,1.450855079071516e-05
6968,-3.079430428824966e-06
6970,-3.3658760774389005e-06
6973,-3.079694071223124e-06
6974,1.0622335848145812e-05
6976,1.1039636328709017e-07
6977,1.2871812670920592e-05
6979,-3.6936191649950542e-06
6980,1.7902491995954867e-05
6982,-2.425921571698856e-06
6983,-4.880040092397608e-06
6985,-8.717783297887269e-07
6988,-5.78027901358439e-06
6989,-1.526473577706556e-06
6990,-9.53977744075928e-07
6992,-4.880699198393007e-06
6994,-6.0260863292515e-06
6996,6.408038307810213e-07
6998,-2.2224662645666e-06
7000,1.2911132791876611e-05
7002,1.282919701998758e-05
7004,-6.685866650546294e-07
7008,-5.5320677278102214e-08
7011,1.2460551957086446e-05
7014,-4.105011700028278e-06
7026,-1.815292007903924e-06
7031,1.3236371276650247e-05
7035,-1.3249955885604932e-06
7062,1.364328189091477e-05
7064,-3.4129736491406267e-06
7069,3.90646415544277e-07
7071,-1.736388123593717e-06
7075,-5.45873152238498e-06
7078,-4.6409556578835575e-06
7080,-3.904851922873013e-06
7092,-1.860544082818532e-06
7094,1.2823133244829914e-05
7098,-3.2925086834900425e-06
7100,1.2127404200368028e-05
7102,-4.847047388997409e-06
7105,-4.928983160886448e-06
7110,-2.3525541777500018e-06
7123,-1.0853838692501232e-06
7126,-1.7400791171679484e-06
7128,1.204375475289095e-05
7135,1.3393124475678022e-05
7139,-2.354399674537115e-06
7141,1.1184022343451914e-05
7143,1.421063669778129e-05
7145,-7.09942427815194e-06
7147,1.3392333548483545e-05
7150,1.5191756821264474e-05
7151,-3.4186419607010506e-06
7158,1.1591855706109984e-05
7163,1.0978062433537136e-05
7164,1.0609812834233243e-05
7165,1.0446204932853332e-05
7166,1.5703444617937671e-06
7169,3.656213383188621e-06
7178,-4.565742767147586e-06
7181,-3.134305451272392e-06
7186,-5.1388977067736096e-06
7188,1.441211468692735e-05
7199,6.926394092800754e-06
7201,-5.303428356547086e-06
7205,1.4942785796819444e-05
7206,5.451586541876965e-07
7224,-4.486970704036458e-06
7227,6.392822916528922e-06
7229,-2.687547431255535e-06
7231,-4.9781898717734455e-06
7244,5.369087142112725e-06
7252,-8.485403951204272e-07
7255,-1.8712215999439853e-06
7258,1.4243893043579649e-05
7260,1.3793839493585792e-05
7263,-5.225710863028598e-06
7270,1.563376927811446e-05
7275,-2.364607981356149e-07
7277,1.2361215786918886e-05
7280,1.3751619306250018e-05
7282,-2.895616480355582e-06
7283,-3.672754011910188e-06
7284,-7.35406361415739e-06
7291,-7.436263028444591e-06
7296,-1.0150483628800974e-06
7300,-3.142214723217174e-06
7306,-1.0157074688754965e-06
7307,-1.4656291976702687e-06
7310,-2.20212839627805e-06
7316,-1.1405468312495605e-05
7320,-3.4982808989552224e-08
7330,-5.8437224139719935e-06
7331,2.704790433128653e-06
7333,-5.598442383101198e-06
7337,-4.289842814460026e-06
7340,-4.4537143582381e-06
7343,1.4361062479253235e-05
7344,-1.136641183393774e-05
7346,-3.758776240970696e-06
7351,-3.6363339573339153e-06
7353,8.561397786011076e-08
7354,-4.454637106631657e-06
7355,-3.063969944902366e-06
7372,1.4072771333852184e-05
7373,-3.555980039833836e-06
7378,-6.501317728269575e-06
7379,-4.006297232225844e-06
7382,-2.6158937128947115e-06
7384,-2.166103805299022e-06
7390,-1.798381490791447e-06
7391,-1.593871614066552e-06
7392,1.0646249621580128e-06
7394,-5.152607111477899e-06
7397,1.5052836887742727e-05
7405,1.3743446391907076e-05
7408,1.1984397809674817e-05
7411,-6.176211064695013e-06
7418,2.857737550153758e-07
7424,9.038401015243678e-06
7430,-3.3143910025372685e-06
7438,-2.3332708790540908e-06
7446,-2.497406065230328e-06
7449,-1.3931845521149673e-06
7460,-3.357270295868447e-06
7472,-1.2720604804689844e-06
7477,-8.307463882203561e-06
7479,-3.6447705140750135e-06
7482,-1.5181314385342603e-06
7483,-2.131661068708945e-06
7490,-1.1914429205707465e-06
7492,-6.999655240756868e-06
7496,-2.500701595207318e-06
7498,2.8164233784408977e-06
7502,-1.88756742862987e-06
7504,1.3000619775743464e-05
7506,6.21076004727785e-06
7507,-4.971639092987369e-07
7508,-1.1108253606725013e-06
7514,1.880804116873511e-05
7515,-1.561142553064514e-06
7516,1.45541039116582e-05
7518,1.3326912830109745e-05
7520,-3.524832833220753e-06
7521,-3.1158130797709592e-06
7522,-4.833827865459163e-06
7523,-7.3947747516223414e-09
7525,-3.402390549583977e-06
8213,-6.597189143630782e-06
8214,-3.393187370480507e-07
8215,-7.074365151528626e-07
8222,-1.2396894794339113e-06
8231,-1.5265305916450827e-06
8235,-2.5902455930127024e-06
8236,-2.2631616114519475e-06
8239,-1.9360776298911926e-06
8240,1.581360428577938e-06
8241,-3.89950426764927e-06
8242,-2.917988680568852e-06
8256,1.0824152286950587e-05
8264,-5.782576987907271e-06
8265,1.1191742780259094e-05
8271,-3.737873684255553e-06
8274,-2.1429602881995216e-06
8275,-4.719784734933208e-06
8283,8.832586025326182e-07
8284,-2.020913468159982e-06
8296,-5.130254521572879e-06
8297,-6.234607855887314e-06
8300,5.548564089810658e-07
8304,-2.799369211705385e-06
8306,1.3847602932502056e-05
8310,7.425729160942166e-06
8311,-6.440040481005772e-06
8314,5.13031685242527e-07
8323,-3.700399060086645e-06
8325,-7.545316563713768e-06
8326,-9.602303543711986e-07
8329,-2.882755016784298e-06
8335,-7.464171719019206e-06
8343,-2.024736282933292e-06
8351,1.4254112555428146e-07
8353,-1.289159832719067e-06
8354,-2.02552721012777e-06
8365,-3.866775206647232e-06
8374,-3.949238263332591e-06
8376,-3.090942788285219e-07
8378,-7.712483637468837e-06
8387,-4.154539067251964e-06
8389,-7.304122990014438e-06
8412,-3.114670604119592e-07
8420,-2.847916816596984e-06
8422,-2.111813081586439e-06
8430,1.0976291744010572e-05
8610,-4.578322794998679e-06
8692,1.9221222186616925e-05
8796,-2.1364636458143438e-06
9939,-8.483083254992702e-08
9940,-9.73782883516409e-06
9942,-6.220390776694961e-06
9943,-3.888978182031151e-06
9944,-4.175423830645081e-06
9945,-1.6703024683712438e-07
9946,-2.907594416149807e-06
9947,-9.033976242458272e-07
9948,-4.175687473043239e-06
9949,-3.848471670283409e-06
9951,6.990419974936989e-06
9952,8.01283753736239e-06
9953,1.1734917293755497e-05
9954,1.283913880687085e-05
9955,1.292094275756081e-05
9956,-1.7220962371408103e-06
9957,1.005767266221319e-05
9958,4.658480095476856e-06
9959,1.3534208745337338e-05
9960,2.776857408408739e-06
9961,7.971408277221095e-06
9962,-2.990452936432404e-06
9963,-5.199159605061279e-06
9964,-3.72682031384111e-06
9965,-4.054036116600943e-06
9967,-7.326325965398356e-06
9968,-1.1621165197820244e-05
9969,-7.735477540047224e-06
9970,-1.6821170101893886e-06
9971,-2.868274295193785e-06
9972,-2.173072535528222e-06
9973,-3.6455436479474696e-06
9974,-1.8050865786224889e-06
9975,-2.1323023813823197e-06
9976,1.9897839208241209e-07
9977,-9.053749422320238e-07
9978,-7.040803065177977e-06
9979,-5.486528002068771e-06
9980,-1.4782662394598922e-06
9981,-2.623521549119307e-06
9982,-1.51930003600395e-06
9983,-2.705457321008346e-06
9984,1.418692667526897e-05
9985,4.084138765059114e-06
9986,-6.550506645834547e-06
9987,1.4514010656829725e-05
9988,-8.24361918736545e-07
9989,-4.7224387181939243e-08
9990,-3.5240241127042493e-06
9992,8.58282876821051e-06
9993,5.222259375614664e-06
9994,-4.38322923734697e-06
9995,3.0609302754392395e-06
9996,-4.424263033891031e-06
9997,9.646016484781804e-06
9998,-2.870119791980903e-06
9999,7.02815824150405e-06
10000,-7.113339031438811e-09
10001,-2.2567219830052924e-06
10002,-2.665873557654165e-06
10003,1.0504562503429128e-05
10004,1.3572078833103484e-05
10005,-3.3204369843729083e-06
10006,-2.584333249362367e-06
10007,-3.5250786822968896e-06
10008,5.9640477765392e-06
10009,7.395616913613462e-06
10010,1.1976506331052064e-05
10013,-4.425317603483667e-06
10014,-1.807723002604081e-06
10015,7.395221450016225e-06
10016,-4.670993097951699e-06
10017,-3.4439338376023247e-06
10018,1.553081715567594e-07
100000,-8.311381867626139e-06
